-1.36570756e-02-2.31610719e-02j
1.42326062e-02+2.28536169e-03j
-2.56069341e-04-4.39545460e-02j
-3.29492794e-02-4.76925580e-02j
-2.23689570e-02+9.78951378e-03j
1.91334370e-02+2.92885671e-02j
-3.57132628e-03+1.50349937e-03j
-5.17614203e-03-1.08190375e-02j
1.53725344e-02+9.34151806e-03j
3.19204040e-02+7.94807076e-03j
6.85669071e-04-4.43966164e-03j
-6.60337505e-03-1.43179881e-02j
4.53827889e-03-1.06755899e-02j
2.42135361e-02+1.06461093e-02j
-1.26925246e-02-1.42256629e-02j
-5.03898887e-02-1.68365509e-02j
2.62878236e-03-1.58566959e-02j
1.21337192e-02+5.79500276e-03j
-1.61224815e-02-1.82945483e-04j
-8.72322575e-03-1.16493670e-02j
2.40576772e-02-1.13499335e-02j
3.96054501e-02-8.20385339e-03j
-1.46016985e-03+6.24702980e-03j
9.65807953e-03+1.04069749e-02j
1.53138276e-02+2.35498242e-02j
-1.12802544e-02+1.09005800e-02j
-4.28234062e-02-1.30728190e-02j
-3.31140208e-02+7.87660048e-05j
-9.98433427e-03+6.27293817e-03j
-4.23123299e-03+5.83801639e-03j
-5.17011852e-03-3.33595719e-02j
-4.10376515e-03-1.02706860e-02j
1.10495139e-02-1.26114135e-02j
2.84747141e-02+6.20223284e-03j
9.40923308e-03-1.71113706e-03j
-2.03580830e-02-1.66978103e-02j
5.82955339e-03-2.05059579e-02j
-5.14992857e-03-2.72674309e-03j
-1.11394006e-02+9.26148906e-03j
-1.72270566e-02-3.11082234e-03j
-7.20594840e-03-5.94961389e-03j
1.62335598e-02-1.00020079e-02j
-7.85481444e-03-9.11927704e-03j
-3.05749996e-02+4.42807036e-04j
-2.45634590e-03-4.49752915e-03j
1.03765213e-02-3.99521818e-03j
4.57565574e-03+1.15306296e-02j
-1.49536088e-03-3.40207277e-03j
-2.80692582e-02+2.40827191e-03j
-4.96417186e-03+1.63505274e-02j
8.09140108e-05+1.82026035e-02j
-2.08638254e-02-1.40630450e-02j
-1.54156080e-02-2.18309966e-02j
-1.26884284e-02+3.05113680e-03j
-4.80020924e-03+7.84091964e-03j
1.07692125e-02+5.89058255e-03j
2.28811660e-02+5.46237021e-03j
-1.36175486e-02-1.31985631e-02j
2.97864952e-02-9.31904507e-03j
1.01086705e-02+1.43230875e-02j
2.55894106e-02+4.17777003e-03j
-7.70009912e-03-1.09113198e-02j
-2.40459503e-02-1.18333740e-02j
-3.71536760e-03+4.16240168e-03j
1.59844258e-03+3.32501423e-02j
-2.59171394e-03+1.29311348e-02j
-8.25558794e-03-2.46243530e-02j
-1.88240507e-02+1.20416843e-02j
1.27498205e-02+2.29599460e-02j
3.60548581e-02-1.20767072e-02j
-5.12737444e-03-3.49724741e-02j
-2.61392962e-02-2.20653686e-03j
1.84612601e-02+1.69366027e-03j
5.57698408e-03-4.98847753e-02j
-4.29688407e-02-3.39842087e-02j
-7.82737297e-02+7.74188579e-02j
4.34772268e-02+1.35508523e-01j
1.51055641e-01+4.41305524e-03j
5.80497229e-02-1.24070172e-01j
-7.87857801e-02-9.72897139e-02j
-9.68892003e-02+1.06269020e-02j
-1.88028369e-02+5.64108314e-02j
-2.42839565e-02+6.53984024e-03j
-2.10389594e-02+2.12032313e-02j
3.47736513e-03+3.59488494e-02j
2.93212451e-02+5.56420842e-03j
1.56524641e-02-3.40435792e-02j
-2.35487320e-03-1.05218941e-02j
-1.33610856e-02+6.21185364e-03j
4.03744794e-03-1.70261312e-02j
3.64135276e-03-2.01161730e-02j
-1.80563987e-04-6.60005956e-03j
1.79419906e-03+2.65668685e-02j
3.86908239e-03+1.91371934e-02j
-3.88140186e-04+2.82805189e-03j
-1.07031463e-02-7.50021242e-03j
5.77566971e-03+1.22192190e-02j
-4.54023353e-03+1.11995974e-02j
9.40468083e-03+4.05490442e-03j
-6.74131858e-03+3.86709712e-03j
1.21388891e-03+8.86807975e-03j
-2.05686954e-02-2.23443062e-03j
-1.25241100e-02-8.66930538e-03j
1.19198839e-02+7.98059617e-03j
-3.11078660e-03+9.36556808e-03j
-3.58064714e-03+1.42501774e-03j
-1.76962152e-03-1.45801018e-02j
-1.99942796e-02-8.30345921e-03j
-2.37189431e-02+1.46856220e-03j
8.83898904e-03-4.19540167e-03j
9.98152334e-04-1.66529394e-02j
-6.31714642e-03+1.67559326e-02j
1.42965220e-03+3.39681660e-03j
1.52039762e-02+2.58914340e-02j
-7.19696198e-03+7.93273219e-03j
-6.69185148e-03+1.08114800e-02j
1.87204428e-03+1.09967544e-02j
1.10380767e-03+2.11599172e-02j
-8.43025538e-03+1.11253386e-02j
2.42075146e-03+4.34585466e-03j
1.11672376e-02+1.17247535e-02j
8.51651547e-03+1.47669625e-02j
1.55339746e-03+1.28671192e-02j
-6.84254581e-03+1.24196827e-02j
1.06129095e-03-7.84906234e-04j
-2.23029557e-02+5.83694116e-03j
-2.23107020e-02-3.14635322e-03j
-1.78161773e-02-9.65454310e-03j
-1.20658750e-02+4.54431125e-03j
-9.69652741e-03-2.43109991e-02j
-8.18455754e-03-2.73657993e-02j
1.20987774e-02-2.23168348e-04j
-8.46484072e-03+7.09614732e-03j
8.37631028e-03-1.24120856e-03j
1.21852705e-02-2.16700186e-02j
-1.59312530e-02-3.17611598e-03j
-3.77307503e-03-1.27277393e-03j
1.43272737e-02-1.81054257e-02j
2.01663761e-02+6.43754810e-03j
1.83201094e-03+1.27037580e-02j
-7.47579921e-03+8.87092304e-03j
1.60368124e-02-1.10885387e-02j
2.21861656e-02+1.47133322e-02j
-2.97510204e-03+8.98813113e-03j
1.25232998e-03+2.51662590e-02j
-3.40450978e-03-6.34335261e-03j
1.52985084e-02-2.23863471e-03j
2.47283004e-02-3.48183398e-03j
-1.48946389e-02-1.15537936e-02j
1.30327732e-02-2.18872033e-02j
3.12312582e-02-1.77305003e-02j
4.01476289e-02+3.94548976e-02j
-8.05240996e-03+5.84855590e-03j
-1.59442994e-03+2.03489289e-02j
3.17086802e-03+3.18597486e-02j
-5.07764919e-02+5.83672490e-02j
-9.50842942e-02-2.25113910e-02j
-2.62987987e-02-1.31332370e-01j
1.20002391e-01-9.01941567e-02j
1.18830915e-01+9.01357102e-02j
-8.24979223e-03+1.28228819e-01j
-1.11700973e-01+1.70921978e-02j
-4.91806466e-02-4.62110114e-02j
1.37764047e-02-2.03708393e-02j
-1.48868683e-02+9.34867502e-03j
-5.12770865e-03-8.48008766e-03j
1.45987236e-02-2.10299508e-02j
1.49293445e-02+2.30116139e-02j
1.20731836e-02+2.49513315e-02j
-1.51825867e-02+1.01396606e-03j
3.53187208e-04-2.46976648e-03j
1.51579264e-02+1.60786320e-02j
-2.93919555e-02+9.22824990e-03j
-2.27727936e-02+5.21575424e-03j
8.51710523e-03-1.99237407e-02j
8.15173999e-03+4.13736355e-03j
-1.48180847e-03-9.79019099e-03j
-1.28082725e-02-4.90320693e-03j
-1.79416202e-03+4.09427555e-03j
9.59736898e-03-1.35110683e-02j
1.03797457e-02-6.93755601e-03j
1.85437808e-02+1.14636586e-02j
2.57865233e-03+8.48265653e-03j
3.62351093e-03-1.42734800e-02j
-1.53992393e-02+1.03713074e-02j
-7.66540350e-04-1.44641270e-02j
-4.73848908e-03+1.04211046e-02j
-1.28405819e-02+1.09357147e-02j
-5.53141450e-04+6.30678457e-03j
2.45555165e-05+2.67403018e-03j
-1.07461661e-02+1.46844285e-02j
8.44086949e-03-9.13920022e-04j
-7.62185331e-04-1.79051026e-02j
-7.29602482e-03-2.98022269e-03j
1.26673571e-02-8.40646150e-03j
1.84429218e-02-1.88308432e-02j
1.70529223e-02+4.64220003e-03j
2.75417617e-02+7.32168751e-03j
1.79501452e-02+4.91202173e-03j
1.41971325e-02+6.73475982e-03j
2.23251570e-02+1.06900836e-02j
-5.46194777e-04+6.44574156e-03j
-3.50497313e-03-2.93325089e-03j
-9.35767649e-03+6.25973082e-03j
4.56253906e-03-6.53267708e-03j
-3.59501405e-03-6.41692467e-03j
-1.16395524e-02-9.82939967e-03j
3.24380723e-03-1.73366299e-02j
-2.15151316e-02+3.61304704e-03j
-7.31388971e-03-1.03178486e-02j
-7.46465840e-03+4.27503743e-03j
-7.79846042e-03+1.61157308e-02j
2.78976379e-03+4.23118766e-03j
4.26277368e-04-7.55307933e-03j
1.12802092e-02+9.30242029e-03j
-1.57663293e-02-1.22557353e-02j
-7.81229374e-03+7.42520302e-03j
-1.54631510e-02+1.45554312e-02j
-5.05463450e-03-6.23356632e-03j
2.89495506e-03-7.36805760e-04j
1.09529281e-03-2.19959494e-02j
-9.71919979e-03-1.19015630e-02j
4.44533699e-03-8.00996588e-03j
6.07889570e-03-2.17432072e-03j
1.89328213e-02-1.09523966e-02j
-1.90151244e-02-8.11849489e-03j
-1.85153525e-02+6.71834156e-03j
-1.23634738e-02+1.30843116e-02j
-5.13227138e-03+1.27273093e-02j
-1.98123842e-03-1.80104914e-04j
-1.18458057e-03+1.20103633e-02j
2.39355258e-02+1.30678153e-02j
5.34347358e-02-2.20713063e-02j
-6.99940186e-03-2.44756774e-02j
-4.14410826e-03-2.31118942e-02j
2.32531556e-03-5.07792992e-03j
-1.90487745e-02-3.87379497e-02j
-6.59944594e-02-9.74653408e-03j
-6.99088106e-02+9.80947452e-02j
6.80978333e-02+1.10294857e-01j
1.44955517e-01-1.13945664e-02j
4.19210071e-02-1.27978544e-01j
-9.49358089e-02-7.06537706e-02j
-9.40513635e-02+3.21196190e-02j
-1.54786666e-03+6.97961380e-02j
5.78928529e-03+6.93643340e-03j
-9.27334669e-03+2.22203542e-02j
1.53135308e-03+2.96656525e-02j
2.35548117e-02+1.44739800e-02j
1.45155410e-02-1.88188961e-02j
-1.05573853e-02+8.22208566e-03j
2.04676397e-03-2.34695600e-03j
3.51649039e-02-1.58350076e-02j
1.56929387e-02-1.49830598e-02j
-1.98810110e-02-1.78488622e-02j
-2.36296903e-03+8.55188171e-03j
5.30881890e-03+2.83850100e-02j
5.28615025e-03+1.67060126e-02j
8.41454248e-03+1.33052599e-02j
-1.85068725e-02+1.46960992e-02j
7.02404244e-03-1.68290423e-03j
-9.62259009e-03-5.00310222e-03j
2.78633062e-03-2.31555235e-02j
1.23102622e-02-6.15440895e-03j
4.89654343e-03-1.03683499e-02j
1.60170548e-03-1.87591134e-03j
9.11398026e-03+4.74680406e-03j
-9.76106189e-04-1.57996803e-02j
1.30690064e-02-1.23146767e-03j
-2.15601676e-03-8.29370659e-03j
1.27686195e-02+7.44522002e-05j
-1.06317200e-02-6.85966508e-03j
-5.55393482e-03-2.02174573e-03j
-6.74645273e-03+1.87741254e-02j
-1.10677432e-02+1.32755337e-02j
-1.63974909e-02-3.64709939e-03j
-7.02738495e-03+1.21602452e-02j
-1.80692667e-02-4.61871468e-04j
1.98983232e-03+1.70964734e-02j
-3.85520940e-03+2.46502926e-02j
-5.07114029e-03+6.36014107e-03j
-3.19878822e-03+1.12325984e-02j
6.17527909e-03+8.04805877e-03j
1.78856847e-02+7.24664925e-03j
3.09003195e-02-5.68872642e-04j
8.03181535e-03+1.60507443e-02j
-1.10629947e-02+7.77185121e-03j
-3.21833334e-03+2.66677356e-02j
-6.12699609e-03-1.10749545e-03j
1.62383660e-02+9.37854074e-03j
-4.15850203e-02-1.31707592e-02j
-4.14489143e-02+8.56257955e-03j
-3.29022954e-02-1.26867228e-02j
1.40700631e-02-3.70811087e-03j
1.52403346e-05-6.72709276e-04j
-1.54664640e-02-9.36999025e-03j
-3.37313365e-03+2.89294854e-03j
6.15370592e-03-8.99716774e-03j
2.68475850e-02-7.76333165e-03j
1.31179463e-02-9.19583461e-03j
-5.82029141e-03+4.43188755e-03j
7.39439265e-03+1.31477824e-03j
-1.00370506e-03+5.90398853e-03j
-1.40158067e-02+2.60700896e-03j
-2.00345035e-02-4.08639737e-03j
-1.41571177e-02-1.76894358e-02j
-9.03762727e-03-5.06411468e-03j
-2.41298763e-02+5.49660020e-03j
-1.46892333e-02+1.15684198e-03j
2.20879337e-03-2.46111153e-02j
3.60484206e-02-1.25441791e-02j
2.21268811e-02-1.24527970e-02j
-4.38250094e-03-2.22188913e-02j
2.53629165e-02+1.44454906e-03j
2.60481471e-02+2.34124582e-02j
-1.36436586e-02+2.79629031e-02j
-2.24651939e-02-9.66834584e-04j
-5.07074758e-03+3.59229325e-02j
-4.38647170e-02+4.94277958e-02j
-1.07463649e-01-4.79641216e-02j
-1.68296998e-02-1.39551739e-01j
1.40266078e-01-6.83399005e-02j
1.44906224e-01+1.10848326e-01j
-9.80270081e-03+1.18118199e-01j
-1.04872838e-01+5.66908551e-03j
-3.21689647e-02-5.42290442e-02j
2.97624644e-02-2.57335328e-02j
-2.26620523e-02-2.43661085e-03j
-3.96566913e-02-2.66825390e-02j
9.40516637e-03-2.69914083e-02j
2.82304058e-02+1.12552040e-02j
1.38553939e-02+2.10629197e-02j
-1.64189023e-02+1.42265926e-02j
3.60661457e-02+7.04540402e-03j
4.97967679e-02-1.27132836e-03j
-5.57685322e-03+1.49451926e-02j
-1.21019803e-02-1.21868879e-02j
-1.08818312e-03-2.45133479e-02j
1.51636152e-02-1.91230948e-02j
-3.80531860e-02-4.79018969e-04j
-5.02505881e-02-2.19996556e-02j
-5.25458319e-03-1.96070454e-02j
3.86294157e-02+3.14904252e-03j
-1.08315377e-02-5.95426572e-03j
4.69692901e-04+2.26883621e-02j
5.05448145e-02+1.07457205e-02j
2.03461689e-02-3.28473123e-03j
-1.59580631e-02-1.77153183e-03j
1.68272118e-02+3.41198243e-03j
1.83615050e-02+8.76561087e-03j
-4.36988019e-02+8.23506756e-03j
-7.91687336e-02+1.55576974e-02j
-4.54950087e-03+9.82506213e-04j
9.46345579e-04+9.23265798e-03j
-2.93749725e-02+6.01188221e-03j
2.67951856e-03-1.38059309e-02j
9.43200593e-02-1.91107907e-02j
4.54538502e-02-6.51086137e-03j
-3.66234586e-02-9.91359835e-03j
4.51904951e-03-7.89030542e-03j
2.79957545e-02+3.32751787e-03j
-7.37675220e-02+1.15479613e-02j
-9.70993136e-02-5.11161686e-03j
1.88470388e-02-2.70201200e-03j
3.78652251e-02+4.80232482e-03j
-5.71994755e-02-9.87829366e-03j
5.95466934e-02-1.16232992e-02j
2.08466494e-01-3.81241282e-03j
8.17548555e-02-1.30356777e-03j
-8.69926766e-02-1.37389486e-02j
4.10687397e-02-2.64977758e-03j
6.97013566e-03-1.45057806e-02j
-4.80315336e-01+2.41721729e-02j
-6.01487754e-01+1.31266977e-02j
2.49208182e-01+3.56337310e-04j
9.89267699e-01+4.59700577e-03j
5.03247285e-01+1.61443987e-03j
-4.66813714e-01+1.65442657e-02j
-5.60661699e-01+7.68245437e-03j
-6.41916958e-02-1.86741468e-02j
8.70187713e-02+5.50226379e-03j
-6.58664735e-02+6.24425100e-03j
3.56838520e-02-7.14409167e-03j
2.10239378e-01-1.07883014e-02j
9.63506260e-02-1.73560068e-02j
-3.25315367e-02-3.73384682e-03j
1.77106533e-02-4.57237150e-03j
3.30582849e-02-1.53170977e-02j
-1.04894827e-01-2.31016251e-02j
-1.31133542e-01+1.67281234e-02j
-6.41444258e-03+1.35624911e-02j
2.92547430e-02-1.30560037e-02j
-2.89153800e-02+2.18955466e-05j
3.15241925e-02+1.68283818e-02j
1.04947618e-01+1.34233973e-02j
6.25332343e-02-8.28301955e-03j
-2.93173190e-02-2.06678971e-02j
1.93166887e-03-6.76103732e-03j
3.21540701e-02-7.00768376e-03j
-6.15931290e-02-3.62858293e-02j
-1.51667291e-01-8.26010762e-03j
-6.22657863e-02+1.09307914e-01j
9.58747057e-02+1.11270195e-01j
1.26487189e-01-3.01511737e-02j
4.15128428e-02-1.29234374e-01j
-2.82985356e-02-4.51624471e-02j
-6.01005113e-02+4.40632494e-02j
-1.59666546e-02+4.43736328e-02j
5.76982693e-03-6.72375595e-03j
-7.63726876e-03+3.19005656e-03j
-3.15636893e-02+2.29093724e-02j
-1.79398938e-02-5.62966067e-03j
-1.02155721e-03-3.42347098e-02j
8.81305343e-03-2.00418471e-02j
1.40430201e-03-5.18556559e-03j
9.04605458e-03-4.59556261e-03j
2.96872980e-02-7.18565444e-03j
1.66985531e-02+6.53917443e-03j
-1.39251045e-02-9.88590128e-03j
-1.44720946e-02+3.85806564e-03j
2.13619291e-02-3.84361102e-03j
-6.40840110e-03-2.61413233e-03j
-4.55321341e-02-2.62705242e-03j
-3.20856881e-03+4.80653882e-03j
2.82817981e-02-1.12181559e-03j
2.72652552e-02-1.88606300e-02j
2.71739795e-04+1.58093436e-03j
1.01326788e-02+2.70991754e-04j
2.37731272e-02-5.72780700e-03j
9.35263251e-03+2.57425783e-03j
-1.21519528e-02+1.48710345e-03j
4.30708597e-03+6.93292426e-03j
-1.27543994e-02-1.25018079e-02j
-4.22990828e-02-1.13701318e-02j
-4.57818491e-02-1.65513355e-02j
-1.98546932e-02+1.85744602e-03j
-4.25053241e-03+1.18603558e-02j
-2.14617833e-04+1.82214038e-02j
-1.51258122e-03-8.56613434e-03j
3.33615160e-02+2.68974335e-02j
6.23832478e-03+1.28030958e-02j
1.23307450e-02+9.15363719e-03j
-1.28688132e-02+8.31222572e-03j
-1.45882059e-02+1.19639653e-02j
8.45853027e-03-2.09268450e-03j
3.22525217e-03+4.22903883e-03j
-4.03007328e-02-6.89206525e-03j
-2.19819646e-02-2.64200465e-03j
7.39825798e-03+1.88989638e-02j
4.83025790e-04+1.43014472e-02j
-1.08873709e-02+1.42884936e-02j
-3.47562071e-03+1.64925809e-02j
2.16200268e-02-1.75339081e-02j
8.61017696e-03-1.02423175e-03j
-2.12742236e-02-2.02780476e-02j
-1.84491249e-02-1.49346258e-02j
-3.16943456e-03-1.67436352e-03j
1.32758826e-02-1.09848553e-03j
2.57414404e-02+2.79347770e-03j
-3.11236633e-02-7.21433826e-03j
-2.19046273e-02-1.13340943e-02j
9.89399388e-03+1.89952785e-03j
6.91873771e-03-1.12903733e-02j
-3.53053252e-03+1.97663771e-03j
-3.50681791e-03+2.21624192e-02j
-2.01995481e-03-8.29064301e-04j
7.54520064e-03+4.22966233e-03j
2.25077013e-02-1.92079861e-02j
8.56096648e-03+1.35473805e-02j
-2.76029032e-02+6.22422550e-03j
-1.27564706e-02-2.21782138e-03j
-2.33350578e-02-3.27883524e-02j
-4.39757152e-03-2.85028094e-02j
-2.46409057e-02-1.49720214e-02j
-1.15697835e-02-4.02917205e-03j
1.73190497e-03-1.71463562e-02j
4.98074658e-02-1.28087155e-02j
1.63332613e-02+1.55076213e-02j
-2.22366900e-02+6.31113911e-03j
6.41235156e-03+9.51293257e-03j
2.80803998e-02+1.37961143e-02j
-3.36870838e-02+6.02690767e-02j
-9.31351460e-02-5.35747561e-02j
7.33484671e-03-1.42839766e-01j
1.24834205e-01-5.70855341e-02j
9.88737206e-02+1.11468494e-01j
-4.86907691e-02+1.13550396e-01j
-7.53355979e-02+7.45814681e-04j
-4.44431204e-02-4.92255495e-02j
-4.36300816e-03-2.70634718e-02j
-2.52864644e-02-6.76976823e-03j
-1.21817959e-02-3.55791244e-02j
4.49821942e-02-2.43446752e-02j
3.85392681e-02+1.75078675e-02j
1.35640215e-02+2.28255145e-02j
-1.71005128e-02-1.44177081e-02j
5.41748169e-03-1.71742572e-03j
1.78121809e-02+2.57970415e-02j
1.57342719e-02-4.60176482e-04j
2.78554289e-03-1.86257756e-02j
2.63905839e-03-2.36148447e-02j
-3.17182764e-03-1.13427168e-03j
-2.15132654e-02-5.26394345e-03j
-8.99710205e-03-1.99523810e-02j
4.11740049e-03-1.16730737e-02j
1.89412993e-02-1.57278958e-02j
9.52520951e-03-6.51996191e-04j
-5.10347143e-03+1.06402668e-02j
-2.96629172e-02+8.50766000e-03j
-5.49360324e-03-5.66693583e-03j
-8.12041580e-03+1.01476395e-02j
-6.01946691e-05+6.89742420e-03j
1.86630399e-02+2.67821501e-02j
-3.58193687e-03+1.48941608e-02j
-7.05143332e-03+6.62502546e-03j
-2.21807048e-02+4.87309714e-03j
-2.44226854e-02+6.17399277e-03j
-3.01240948e-03-4.42214004e-03j
1.08543471e-02-9.57818363e-03j
2.88290899e-02-1.30105980e-02j
1.43082488e-02-6.77362090e-04j
1.38887910e-02-4.27631534e-03j
1.08906885e-02-1.98178220e-03j
1.00188646e-03-1.32112006e-02j
5.54933689e-03-9.19631997e-03j
-7.38193782e-03-8.30586692e-03j
4.92751173e-04-7.31776624e-03j
9.89785140e-03-1.02055882e-02j
5.66029832e-04-6.86308136e-03j
1.19601904e-02-1.06389423e-02j
-3.11814964e-03+5.76944214e-03j
-1.91436978e-02+1.49973050e-04j
-1.67734205e-02+8.29249990e-03j
-1.57664342e-02+7.34497094e-03j
-1.38214864e-02+2.78474836e-03j
-1.35003694e-02+5.80694519e-03j
2.46407381e-03+8.90091389e-04j
1.00226240e-02+6.68199187e-03j
-1.93118819e-03+1.80027114e-02j
2.39783694e-02+6.00954114e-04j
-1.46429195e-03+2.67722437e-03j
8.00594713e-03-4.37454006e-03j
7.66193142e-03+3.49604599e-03j
-1.84418334e-03+1.66793027e-03j
-5.69588034e-03+1.42242952e-02j
1.39129590e-02-1.15045736e-02j
1.89167436e-03-1.12868841e-02j
-4.66729524e-03-1.47664592e-03j
1.42166602e-02-2.07409014e-03j
1.33443299e-02-4.54085974e-03j
3.35944898e-03-2.60687319e-02j
9.12294482e-04-2.08198374e-02j
-3.08865579e-03+2.24438787e-03j
8.56959133e-03+9.76767309e-03j
1.49605979e-02+1.06251627e-02j
1.19685896e-02+4.11545552e-03j
2.16804910e-02+5.95224369e-03j
4.48674992e-02+7.58612156e-03j
2.83456587e-02-6.54806563e-03j
-2.02981393e-03-2.59469431e-02j
-1.35475610e-02-2.01669003e-04j
6.34631191e-03-2.60749985e-02j
-2.98829405e-02-2.65454120e-02j
-1.04688989e-01+9.05472247e-03j
-6.78119070e-02+1.06025950e-01j
9.05625759e-02+1.17905308e-01j
1.42747167e-01-4.73871287e-02j
1.99980787e-02-1.29091221e-01j
-1.07139828e-01-3.22885618e-02j
-5.63432904e-02+4.17403244e-02j
1.25019091e-02+2.46059164e-02j
2.86755315e-03+5.10066671e-03j
-2.53696539e-02+1.22242332e-02j
1.00411349e-02+2.24647358e-02j
3.88395744e-02-9.10095935e-03j
2.47098495e-02-2.36605109e-02j
-6.88214074e-03-1.85084748e-02j
-4.43474100e-03+5.49880922e-04j
-6.11704761e-03-1.59600851e-02j
-1.47124506e-02-1.32890708e-02j
-1.82275684e-02-6.34206595e-03j
-1.78262418e-02+1.84587591e-02j
-7.99861054e-03+1.53619519e-04j
1.67653192e-02+8.78017202e-03j
-1.22967079e-02+4.94685650e-03j
-9.29333687e-03+1.83248074e-02j
2.23988946e-02+1.25136290e-02j
1.79367534e-02-1.03654667e-02j
-1.19447376e-02-1.70201607e-02j
-1.61601422e-02-4.17639405e-03j
4.56429629e-03-6.11470408e-03j
-9.67851283e-03+4.54673875e-03j
-9.11773433e-03-1.07760586e-02j
6.82420433e-03+1.00125034e-03j
2.58546511e-03+8.38278244e-05j
5.72894621e-04-1.22421302e-02j
-1.04549819e-03-9.74200296e-03j
-1.08285074e-02-7.88230139e-03j
-8.06314534e-03+6.99704754e-03j
-9.17138500e-03+6.73477971e-03j
4.99975033e-03+1.60190891e-02j
1.45124404e-02+1.88322182e-02j
8.92198010e-03+2.71554015e-02j
-2.59249203e-03-1.96361345e-04j
1.68678959e-02-5.51555704e-03j
2.45966303e-02+1.15733062e-02j
1.35682822e-02+1.98879022e-02j
1.27913800e-02+6.15809555e-03j
4.54357197e-03+8.88294298e-03j
2.65950095e-02-7.68566412e-03j
-1.51150483e-03+1.54386369e-02j
-3.87452875e-03+9.33553181e-03j
-9.59410559e-03+6.74494486e-03j
-1.66702366e-02+8.74232694e-03j
5.80699406e-03+4.94292154e-03j
-1.14416485e-03+1.51250443e-03j
-1.39557423e-02+1.08913718e-03j
-2.94387890e-02-1.40167307e-02j
-5.57957532e-03-1.47860533e-02j
-3.77160525e-03+2.34740779e-04j
-1.53049574e-03-6.27470475e-03j
4.01098367e-03+8.05691264e-04j
-1.25670220e-02-1.75025388e-03j
-1.69200133e-02-1.59193678e-03j
4.17125004e-03-3.02488037e-03j
3.19638161e-03-9.20512770e-03j
6.16856617e-03+6.93094351e-03j
-4.63736391e-03-5.77631893e-03j
-2.84938055e-05+2.24622711e-02j
-1.33890582e-02-1.79370675e-03j
1.09697414e-02+1.51833836e-03j
2.46039434e-02-1.90823007e-03j
-1.42828403e-02+1.10840291e-02j
-2.28191055e-02+5.81315786e-03j
-7.24095896e-03-2.11821519e-02j
-7.50111914e-03-7.83321180e-03j
1.50976785e-02+1.41431366e-02j
1.54144209e-02-2.24359516e-02j
2.17604563e-02-2.35065044e-02j
5.10106901e-02-2.77747948e-03j
2.28053008e-02+3.48339131e-02j
1.09920058e-04+6.61755068e-03j
3.12458663e-04+6.15053459e-03j
-4.47661128e-03+5.29526135e-02j
-7.14229289e-02+4.84388182e-02j
-9.56671201e-02-6.83621564e-02j
2.83793033e-02-1.42931102e-01j
1.44854812e-01-2.92325464e-02j
7.30488967e-02+1.15116407e-01j
-7.35917090e-02+1.08263923e-01j
-9.22000129e-02-5.98194113e-03j
-3.27693935e-02-5.43375538e-02j
1.90801847e-02-6.21836963e-03j
5.98154693e-03-1.14952221e-03j
1.42121221e-02-1.29983302e-02j
1.45253436e-02-2.35361627e-02j
1.76863351e-02+1.92356873e-02j
-7.73065977e-03+5.29065655e-03j
2.09705149e-02+9.24687108e-03j
2.03250664e-02+9.45300122e-03j
-6.03150998e-03+2.15491920e-02j
-5.57261084e-03-4.29407592e-03j
-1.83181560e-02-1.56546519e-02j
-1.23192315e-02-1.69971465e-02j
3.32687376e-03-1.60496170e-03j
1.62129886e-02+1.22597236e-02j
1.10347061e-02-1.68609557e-02j
-2.03331022e-03-8.99560713e-03j
-1.60424899e-02+5.41450423e-03j
-8.55823160e-04+1.78572571e-02j
-4.05321296e-03+8.79668163e-03j
3.25184032e-03-2.28259149e-03j
1.30098230e-02+1.14638364e-03j
4.53975060e-03-1.92214161e-02j
-1.14702430e-02+8.12694208e-03j
3.32811297e-03+6.44513936e-03j
5.05240194e-03+6.85648759e-03j
1.79115416e-02+2.34135567e-02j
8.00044879e-03+1.35018274e-02j
-2.41185757e-02-1.53632695e-02j
-2.42657934e-02-1.37725705e-02j
1.70937429e-03+4.22339650e-03j
-1.08666134e-02-9.06500147e-03j
-1.84256620e-02+3.70791385e-03j
-2.46834859e-02-1.28351606e-03j
1.17595153e-02-3.47082902e-03j
1.60588684e-02+5.34417275e-03j
5.45034754e-03-2.70912000e-03j
6.78497668e-03+9.88410099e-03j
-1.94364773e-03-7.39930336e-03j
1.57114640e-02-8.22624877e-03j
1.46035071e-02-3.06187205e-03j
7.59130701e-03+1.78739646e-03j
-2.21082151e-03-1.36210047e-02j
-7.04537640e-03-6.33433209e-03j
4.60318991e-03+1.42689942e-02j
-8.21398349e-03-4.08082480e-03j
-2.96233265e-02+2.09213340e-02j
-2.57817725e-02-4.53262964e-04j
-3.37575883e-02-2.58025197e-03j
6.31257156e-03+2.82313916e-03j
-3.07917987e-03+9.43495825e-03j
-3.07172292e-03+1.24380223e-02j
-7.97272598e-03+3.95561694e-03j
-3.33867190e-03+1.34647731e-02j
1.16060477e-02+7.31499581e-03j
1.11540476e-02+1.44049090e-02j
-3.75838847e-03-2.69732103e-03j
1.11634903e-02-1.70847959e-02j
6.94896950e-03-2.56656033e-02j
-1.26011411e-02-1.50009657e-02j
-2.67763052e-02+4.26587032e-03j
-1.48608581e-02+5.94375817e-03j
1.35367362e-03+6.23381168e-03j
-1.54181667e-02-5.32312728e-03j
-1.92847675e-02+5.10033903e-03j
1.04619150e-02+5.71815166e-04j
3.32028444e-02+1.32908236e-02j
1.14137855e-02+6.76115465e-03j
2.38671530e-03-1.03571123e-03j
3.85772411e-02+6.18465351e-03j
2.58296404e-02-1.25982299e-02j
-7.79516171e-03-1.34723693e-02j
-2.81618371e-02-2.27722887e-03j
-6.05372543e-03-1.32773654e-02j
-3.98012611e-02-6.24338999e-02j
-9.36342427e-02+3.64397598e-03j
-4.38581804e-02+1.20255502e-01j
9.56895885e-02+1.02610867e-01j
1.51738769e-01-6.83178988e-02j
3.61298997e-02-1.35478410e-01j
-8.99599234e-02-4.69170374e-02j
-5.13665157e-02+5.92587561e-02j
1.58093591e-02+3.45797655e-02j
-1.34314016e-02-9.66236899e-03j
-5.30904478e-02+2.57568556e-02j
-8.04592124e-03+2.32033903e-02j
3.39475920e-02-3.99459298e-03j
2.36966011e-02-2.82269617e-02j
-2.81191429e-02-1.42280570e-02j
1.02946904e-02+1.38846065e-02j
4.00705521e-02-1.93770376e-02j
-3.29693412e-03-5.38869033e-04j
-3.92452093e-02-7.29499409e-03j
-2.41793343e-04+1.97744399e-02j
1.83483465e-02-5.24531811e-03j
-3.01744931e-02+1.13262852e-04j
-4.81395921e-02-1.23717725e-03j
-3.91917570e-03+6.42896321e-03j
2.36754596e-02+1.87249535e-02j
-1.18259269e-02+4.15055405e-03j
-4.51910024e-03-1.87747173e-02j
4.07512989e-02+4.58406844e-03j
5.83807001e-02+1.24157125e-02j
-5.14079405e-03-1.69578392e-02j
7.18876248e-03-5.99884439e-03j
2.38430675e-02+4.04868256e-03j
-2.72087052e-02+1.15725051e-02j
-8.32443341e-02-1.33067990e-02j
-3.06975658e-02+2.46864910e-03j
2.10600254e-02+4.35530349e-03j
-1.91247826e-02-1.31125956e-02j
-4.69267031e-03-3.46939998e-03j
7.57734821e-02-4.19621955e-03j
4.85278488e-02+1.48272144e-02j
-3.21117691e-03+7.26010653e-03j
-1.78761166e-02+1.69443426e-02j
4.02971459e-02+1.53619273e-02j
-6.39496445e-02+1.41309375e-02j
-1.27596632e-01-5.58684759e-04j
-1.54753466e-02-1.49877400e-04j
4.46946960e-02+6.66453359e-03j
-2.83428752e-02+1.46858497e-03j
1.54866384e-02-1.18131084e-03j
1.82358990e-01+4.90579505e-03j
1.39099071e-01+2.31162488e-02j
-6.38581854e-02+1.98226996e-03j
-1.82305390e-03+6.82867139e-03j
7.03566993e-02+3.22466158e-03j
-3.52011011e-01-1.15973596e-04j
-6.77239300e-01-6.05468883e-03j
-4.08693180e-04-9.73796936e-03j
8.86755088e-01-8.52028687e-04j
7.19427816e-01-6.03707434e-03j
-2.81884592e-01-2.38828969e-03j
-6.33820505e-01-1.11850495e-02j
-1.92568816e-01-3.61250370e-03j
8.01855561e-02-2.51730094e-02j
-1.39149714e-02-3.64858408e-03j
1.90761919e-03-7.77139508e-03j
1.79898755e-01+9.57381699e-03j
1.55949903e-01-8.16908105e-03j
-2.11972549e-02+3.26725980e-03j
-3.01180621e-02+1.14015553e-03j
4.12671940e-02+1.72889260e-02j
-7.76717997e-02+8.52558107e-03j
-1.58887894e-01+6.66376807e-03j
-3.89116362e-02-1.94564156e-02j
3.28384467e-02-7.40267739e-03j
-2.38110902e-02-1.06860069e-02j
-1.31530493e-02+4.98906275e-03j
1.00924855e-01-3.67556105e-02j
8.11106503e-02+1.46384073e-04j
-5.40156158e-03+3.02688854e-02j
-1.37332243e-02+4.85195409e-03j
3.32837189e-02-3.46782814e-03j
-3.65439745e-02+3.30869270e-02j
-1.28269169e-01+3.87985911e-02j
-1.00803169e-01-7.22550341e-02j
4.13341201e-02-1.34973271e-01j
1.36388163e-01-1.45533587e-02j
6.98765842e-02+1.28574312e-01j
-1.62494150e-02+8.32977232e-02j
-4.11267310e-02-2.86973480e-02j
-2.53666975e-02-6.30130076e-02j
8.26002729e-03-2.49798668e-02j
-9.60924101e-03-7.69041001e-03j
-2.86181504e-02-2.93944378e-02j
-9.39632965e-03-1.79272549e-02j
5.90556673e-03+2.41723238e-02j
6.38714867e-03+1.62072643e-02j
-7.49167740e-03+3.53838591e-03j
1.21073388e-02+1.19586696e-02j
2.19978094e-02+2.26749747e-02j
2.40410454e-02+2.33326694e-04j
-1.15721130e-02-9.28837822e-03j
-1.17403362e-02-9.20589774e-03j
1.20421757e-02-5.55076281e-03j
-3.72530313e-04-5.06456827e-03j
-3.14499934e-02-1.66205701e-02j
-2.46482234e-02-1.34306487e-02j
3.16070826e-02-2.62994331e-03j
1.87501968e-02-2.88875968e-03j
-5.67604454e-03+3.20048011e-02j
-3.57346901e-03-3.87945791e-03j
3.62126902e-02+1.04726008e-02j
7.84632559e-03-4.58231512e-03j
1.50688348e-02+1.31047133e-02j
1.11538261e-02-1.83574804e-03j
1.95876002e-03-8.05832745e-03j
-2.55671706e-02-1.66319274e-03j
-2.98373261e-02+9.97543294e-03j
-2.89858990e-02-1.87807127e-02j
9.31665261e-03-5.42722796e-03j
-1.02090224e-02-1.07041809e-02j
5.53583458e-03+3.28888649e-03j
4.87630306e-03-1.58470840e-02j
2.73771907e-02-1.88395366e-02j
7.45908461e-03+5.53658720e-03j
-5.20937071e-03-6.26954488e-03j
-1.33942427e-02+5.76614618e-03j
9.84025609e-03-1.37224957e-02j
5.95475306e-03-6.13894126e-03j
-2.01403483e-02-4.13251824e-03j
-1.66348367e-02+1.38847713e-02j
4.70456248e-03-1.16475898e-02j
9.67963772e-03+3.11475815e-03j
-1.12523223e-02-8.57020571e-03j
-1.54801693e-02-7.46569465e-04j
1.34425460e-02-5.03961834e-03j
1.61864302e-03+1.30529931e-02j
-2.05374388e-03+1.30524883e-02j
-1.19410565e-02+1.12932318e-03j
9.14530060e-04+1.34055457e-02j
-2.52203923e-03+1.68524071e-02j
9.70256927e-03+1.50808972e-02j
-1.10964492e-02-8.93448776e-03j
-1.68998857e-02+5.59997807e-03j
-1.57226120e-02+1.44974414e-02j
-2.82451381e-03+1.33009764e-02j
7.13380922e-03+6.25385221e-03j
-2.66399420e-03-1.20896170e-02j
-5.26490975e-04-1.95739222e-02j
1.09993703e-02-4.62144517e-03j
2.24916172e-02-8.73799375e-03j
-2.61018541e-04+1.11070696e-02j
-1.83181320e-02-3.95647012e-03j
-1.17768307e-02+4.01005070e-03j
-2.88484757e-02-3.50589614e-03j
9.58467778e-04+2.13573036e-02j
-9.26587282e-03+2.85819589e-03j
-3.79856767e-02+2.77506597e-03j
-3.85709423e-03+3.05346878e-02j
2.20239932e-02+1.95416403e-02j
2.62633489e-02-2.86852064e-02j
-3.66149269e-03-2.11750624e-02j
3.85536141e-03+6.84623503e-03j
3.62500198e-02-2.19061016e-02j
-7.32600511e-03-4.72969590e-02j
-8.45319947e-02+2.44004247e-02j
-2.87642275e-02+1.40872324e-01j
1.12486976e-01+9.23876005e-02j
1.29018345e-01-7.27644772e-02j
-5.65311277e-03-1.38305479e-01j
-9.78021897e-02-2.57968055e-02j
-3.69411300e-02+5.53344753e-02j
-4.96605441e-03+1.84013626e-02j
-2.15551394e-02-7.44164389e-03j
-3.30571730e-02+8.54472798e-03j
2.77177646e-02+1.63714821e-02j
3.60011076e-02-9.50317996e-04j
5.36392720e-03-2.37669814e-02j
-1.85053352e-03+7.60407963e-03j
9.59295821e-03+4.76146647e-03j
1.64534789e-02-1.95241190e-02j
1.15811332e-02-3.85031728e-03j
-2.30528802e-03+9.34126938e-03j
1.80612005e-02+1.82254160e-02j
-1.20474303e-02+4.51165322e-03j
-8.96445336e-03-3.53833060e-03j
6.90376106e-03+4.95782206e-03j
7.02852564e-03+5.96635240e-03j
8.42814621e-03+4.22528421e-03j
1.19931274e-02-5.36474324e-03j
5.93368928e-03-9.06906761e-03j
-5.65570488e-03+6.76508501e-03j
-1.49060295e-02+9.19374638e-03j
-1.54447041e-03-1.00247349e-03j
-5.00376724e-03+1.94714044e-02j
5.79867444e-03-8.25456496e-03j
-2.29345316e-03-9.91454663e-03j
-9.55024160e-04-3.36581368e-03j
-3.37691545e-03-6.94665514e-03j
-1.20993674e-02-1.02368029e-02j
-9.58287564e-03+5.80593949e-03j
-7.47350603e-03+1.79660445e-02j
9.26948551e-03+2.83921614e-03j
2.08313872e-03-6.24667912e-03j
2.84385060e-03+8.28157835e-03j
9.45444282e-03-1.34260237e-03j
3.68054672e-03+9.01877355e-03j
2.88859275e-03+9.52456260e-03j
-2.96423020e-03+1.11700463e-02j
6.71876188e-03-8.43021990e-03j
1.48127694e-02+5.19992599e-03j
9.42786301e-03+7.33678022e-03j
7.66488920e-03+2.11468833e-03j
-1.90534522e-04+1.43884593e-03j
-1.40117495e-02+1.25211125e-02j
-1.20911136e-02+1.18098510e-02j
-2.91021451e-02+3.56797063e-03j
-2.94268856e-02+6.64910815e-03j
-2.35646458e-02-1.07732815e-02j
-5.58158937e-03-1.98937314e-02j
-9.19090126e-03-2.26502833e-02j
5.01579336e-03+5.77158834e-04j
1.41713631e-02-7.18083562e-03j
-6.71243641e-03-8.50100004e-03j
1.10814557e-02-7.59380140e-03j
-1.05531952e-02-5.73500962e-03j
-7.19314996e-03-1.50500313e-02j
-4.48348002e-03-1.45167077e-02j
1.25694509e-02+7.88465873e-03j
-1.19253170e-02+8.24513688e-03j
-1.50662614e-03+1.46411864e-02j
1.15819765e-02-5.08777322e-03j
2.61976317e-02-5.20371195e-03j
5.30264352e-03+1.33878895e-02j
1.20276528e-02+1.98460614e-02j
-6.72303520e-03-7.07987957e-03j
7.09520654e-03-2.08652500e-02j
1.89342660e-02+1.24245390e-02j
7.20466460e-03+1.10247521e-02j
-1.36151702e-02-1.82734993e-02j
3.42801301e-02-1.87509447e-02j
3.87399990e-02+1.05194055e-02j
-1.31640627e-03+2.12807910e-02j
-3.33254439e-03+1.29379959e-02j
-4.42501089e-03+1.32473319e-02j
-6.49502520e-03+3.83617470e-02j
-7.77049315e-02+3.82424305e-02j
-8.25807714e-02-8.53396515e-02j
5.38028030e-02-1.28420046e-01j
1.25614970e-01+2.69213590e-03j
5.37847517e-02+1.34285467e-01j
-9.66084638e-02+8.45829764e-02j
-7.81537275e-02-2.94229971e-02j
6.68147977e-03-5.04693413e-02j
7.30786135e-03-5.33566670e-03j
-1.91119126e-02-5.28695737e-03j
1.35152543e-02-3.68194358e-02j
1.83026198e-02-8.91609971e-03j
8.72035669e-03+2.05094514e-02j
-1.75372886e-02+2.20644460e-02j
3.85129555e-03-1.38431176e-02j
5.08934264e-03+4.80958633e-03j
-1.70610294e-02+1.23197393e-02j
-2.96115727e-02-1.09271531e-02j
5.76383153e-03-3.35357460e-03j
5.01447427e-03-1.09134426e-02j
6.03872678e-03-2.06397667e-02j
-4.64049490e-03-7.29363835e-03j
4.31604537e-03-1.86177574e-02j
1.38270520e-02-7.72737678e-03j
2.08446033e-02-3.07893276e-03j
3.98690846e-03-1.12782144e-02j
-5.69449824e-03+1.14470358e-02j
-9.93448791e-04-5.91573898e-03j
-2.28182818e-02+9.91362343e-05j
2.05149526e-02-3.01767542e-03j
7.27560369e-03+4.16320266e-03j
-6.98569629e-03+4.55497156e-03j
-8.78499165e-03+2.68800999e-03j
-1.14110855e-02-3.54116302e-03j
-1.08320241e-02+7.87436324e-03j
-3.35675871e-03-8.93455090e-03j
-8.16592553e-03-1.36486337e-02j
-5.95809318e-03-1.06433096e-02j
2.22119112e-02-8.19317845e-03j
9.65756457e-03-4.12264536e-03j
1.61218031e-02+1.39709573e-04j
2.99669870e-02-1.63004944e-02j
1.07142862e-02+4.67030340e-03j
1.43369090e-03-3.35433880e-03j
1.88157839e-02-8.55824291e-03j
2.07133718e-02-8.95243208e-03j
1.55325227e-02-2.50161460e-02j
4.41727475e-03-2.26454608e-02j
-3.69970347e-03-9.42153653e-04j
-2.33903340e-03-1.06032551e-02j
-1.23799115e-02-6.28754907e-03j
-1.78398583e-02+5.45641634e-04j
-3.57364002e-03+7.99457956e-03j
-1.04377439e-02-6.37487109e-03j
1.19048170e-02-7.72509763e-03j
1.20470465e-02-5.30505689e-04j
1.26491857e-02+1.17074962e-02j
-6.09494748e-03+1.28212982e-02j
2.46586529e-02+7.31915292e-03j
-8.32099148e-03+1.32486025e-03j
-1.09389260e-03+3.94689516e-04j
-2.22762379e-02+1.91190409e-02j
-5.04115384e-03+3.37982490e-03j
1.29026426e-03-7.63713699e-03j
1.24170874e-02-3.31452337e-03j
1.92345832e-03-1.33435904e-03j
-1.43203506e-02-5.10594825e-03j
1.29219507e-02-4.50050830e-03j
1.29823482e-02-1.88582547e-03j
2.07115767e-02-1.61415874e-03j
-2.38703333e-03+1.70311321e-03j
-1.09119803e-02+1.86135143e-02j
4.58871826e-03+1.78442983e-02j
5.58637050e-03-9.31536367e-03j
6.88886756e-03+1.06595891e-02j
2.40132198e-02+2.33308168e-02j
5.60527252e-02+1.68200792e-02j
3.42384605e-02-2.86279895e-02j
-1.73753457e-02-3.33386044e-02j
-5.98158285e-03+3.21587843e-03j
7.98058899e-03-1.85506923e-02j
-4.56718278e-02-6.11057982e-02j
-9.89053584e-02+3.84654823e-02j
-1.75639165e-02+1.30261585e-01j
1.26347513e-01+6.03263317e-02j
8.76544031e-02-9.64439411e-02j
-4.53978047e-02-1.25110696e-01j
-1.05506027e-01-9.06988572e-03j
-4.01514556e-02+5.71690063e-02j
1.45406205e-02+3.26956142e-02j
-7.72410057e-04+3.99727776e-04j
-2.60104246e-03+2.71584479e-02j
2.05636740e-02+2.26252257e-02j
1.34892399e-02-1.02176535e-03j
-1.04423794e-02-8.36748868e-03j
-6.68226748e-03-5.67390426e-03j
1.54850854e-02-1.55611174e-03j
1.99399739e-02-2.04315003e-02j
-6.89356740e-03+1.19118453e-03j
-1.26556086e-02+1.98583055e-02j
-6.08928982e-04+1.25055181e-02j
3.85916419e-03-1.14658518e-02j
1.20776467e-02+4.35263154e-03j
-4.40070271e-03+1.10574940e-02j
7.51391802e-03+1.50761548e-02j
-6.42151259e-03-2.14849172e-03j
1.37370805e-03+3.23530915e-03j
-1.09012913e-02-1.39573342e-02j
3.53408883e-03-3.66370508e-03j
2.12156874e-02-1.41337152e-02j
-5.40275225e-03-3.56608962e-03j
2.18950815e-02-7.56808816e-03j
1.42166447e-02-1.14629888e-02j
9.52713007e-03-2.06636122e-02j
1.81763219e-02-5.92977402e-03j
-2.57772230e-03+1.35218595e-02j
-2.72503854e-02+4.03220367e-03j
-3.60627924e-03+1.89278671e-02j
1.26613372e-03+1.20455390e-02j
-2.75754500e-03-3.25681374e-04j
1.21385160e-03+1.07819978e-02j
-1.38914258e-02+4.61153994e-03j
-2.35302894e-02+7.52774536e-03j
1.09672767e-02+3.51846725e-03j
8.08936773e-03+1.35350943e-02j
-9.06158617e-03+8.24922411e-03j
-5.39323514e-03-8.19174180e-03j
6.35936254e-03+1.56152793e-02j
1.49438422e-02+1.12887785e-02j
1.25181844e-02+1.34061777e-02j
-3.81927063e-03-5.78160895e-03j
-2.04916480e-03+1.05210142e-02j
-1.19668606e-02+6.16723432e-03j
7.34538944e-03+6.59964868e-03j
-3.09356973e-03+9.60397197e-03j
-2.41039151e-02-1.53511542e-02j
-4.48878979e-02-1.05046594e-02j
9.29288618e-04-2.11102866e-02j
2.85315942e-03-1.94413306e-02j
8.78815631e-03-4.69838254e-03j
4.22590862e-03+1.12347270e-03j
-5.61470805e-03-1.73140607e-02j
2.69788995e-02-4.41978243e-03j
1.48911571e-02-1.73276527e-02j
5.44283784e-03-6.62318622e-03j
2.05475495e-02+7.87600036e-03j
1.31979729e-02+2.57593546e-02j
1.15994203e-02+1.56474840e-02j
-1.22155140e-02+6.18259788e-03j
-8.39332549e-03-2.06349066e-04j
8.17936751e-04+1.85179748e-02j
5.22642111e-04+6.20861037e-03j
-1.66185648e-02-5.99622015e-03j
-1.24919352e-02-1.43976492e-02j
2.40704872e-02-5.31790799e-03j
3.41127326e-02+4.10160066e-03j
6.88910998e-03-2.68465330e-02j
1.91977842e-02-9.31928827e-03j
3.76846726e-02+1.52507130e-02j
5.73869860e-03+2.53407750e-02j
-1.53670489e-02+7.47456607e-03j
-2.19933792e-02+1.90813082e-02j
-2.37537807e-03+6.37849195e-02j
-7.23898841e-02+1.25684444e-02j
-6.91344681e-02-1.08718299e-01j
6.65771477e-02-1.26456807e-01j
1.67914793e-01+8.29330317e-03j
7.90555371e-02+1.45363552e-01j
-6.94572831e-02+8.12953145e-02j
-9.52564170e-02-4.37291716e-02j
4.71090283e-03-3.45043112e-02j
1.19511818e-02-9.63478480e-03j
-2.82049034e-02-1.64163541e-02j
-3.48802284e-02-3.03725994e-02j
3.64126174e-02-3.83559881e-03j
3.65334994e-02+1.73716684e-02j
-7.66939665e-03+1.16323969e-02j
1.24165295e-02-9.83021516e-03j
4.19593799e-02+1.55585441e-02j
2.48089553e-02+2.38228837e-02j
-1.95822311e-02+6.63487100e-03j
-1.46408863e-02+2.35913071e-03j
1.61899427e-02-2.15640030e-02j
-1.62752046e-02-4.17251188e-03j
-5.07005937e-02-1.08835264e-03j
-2.80651723e-02-1.95926465e-02j
3.80483702e-02+7.18486901e-03j
9.47416915e-03+1.60553173e-03j
4.97168603e-03+1.35385399e-02j
4.24210630e-02+8.43765139e-03j
4.98627585e-02+1.00622124e-02j
2.66209348e-02+8.27783425e-03j
-3.71440517e-02+6.22012346e-03j
1.63119918e-02+1.47554700e-02j
-1.51077472e-02-1.45671403e-03j
-7.96144724e-02+1.92851330e-02j
-3.74531003e-02-5.50329182e-03j
1.31632692e-02+3.84332438e-03j
-2.18192656e-02-1.26229107e-02j
-2.06740703e-02-5.11390922e-03j
5.91991152e-02-3.88164647e-03j
7.82473884e-02+1.21857471e-04j
-1.13291574e-02+6.11149766e-03j
-2.26702576e-02-1.09763624e-02j
2.04327193e-02-7.97201700e-03j
-1.72581096e-02-7.66004257e-03j
-1.06386413e-01-1.74860717e-02j
-4.30875567e-02+2.44894461e-03j
4.05200720e-02-8.19297178e-03j
-2.36115441e-02-3.40105041e-03j
-3.06934857e-02-1.89931942e-02j
1.76101395e-01-9.66475013e-03j
1.74705252e-01-9.01048748e-03j
-2.20493928e-02+3.23397351e-03j
-3.66635065e-02+7.22605815e-03j
8.67990838e-02-1.98306811e-03j
-2.28693618e-01-8.51883152e-03j
-6.51438654e-01+1.51985849e-02j
-2.47435553e-01-8.32684870e-03j
7.69978365e-01-7.08958787e-05j
8.90672859e-01-6.98266813e-05j
-5.62764283e-02+1.54321234e-02j
-6.44416376e-01+4.53194521e-03j
-3.13230572e-01-1.22617780e-02j
8.28563266e-02+2.59799286e-02j
-3.84835436e-03+1.17897676e-02j
-4.15684779e-02-3.34378677e-04j
1.57882384e-01-8.78447338e-03j
1.98293169e-01-1.43087361e-02j
-5.11770615e-03-6.86803437e-03j
-3.50517735e-02+3.99858520e-04j
5.47027192e-02-5.43009528e-03j
-4.40523293e-02-3.40272687e-02j
-1.55374123e-01-1.07483496e-02j
-6.37785909e-02+2.42007013e-02j
2.70095336e-02+2.08167180e-02j
1.64172965e-02+3.90668673e-04j
-1.05523234e-02-1.29586155e-02j
6.81470303e-02+2.18167222e-02j
1.05760322e-01-2.52464183e-03j
9.45950100e-03-2.94293332e-02j
-3.25603042e-02-3.48452205e-02j
2.17741877e-02+6.54778508e-03j
-7.72259039e-03-4.31767050e-02j
-1.14571410e-01-7.29214509e-02j
-1.37987762e-01+4.71635829e-02j
3.98605031e-02+1.27794045e-01j
1.21777754e-01+5.01678952e-02j
9.53216061e-02-1.07232561e-01j
3.35450142e-03-1.08458994e-01j
-4.29071538e-02-1.10866949e-02j
-4.10447920e-02+5.11236021e-02j
8.88788286e-04+3.15713646e-02j
1.29393473e-02+1.27842928e-02j
-2.78581613e-02+1.95914511e-02j
-3.36010744e-02+9.55972629e-03j
-2.98631892e-03-6.82484901e-03j
1.17257399e-02-1.10284188e-02j
-8.75001600e-03-1.47467893e-02j
-7.29519667e-03-1.09880370e-02j
2.23099559e-02-2.40594118e-02j
3.08132184e-02-8.04130294e-03j
3.62384253e-03-3.61482279e-03j
-8.53528481e-03+2.06655812e-02j
-1.63443593e-03-8.21939076e-03j
-8.19636269e-03-7.15297410e-03j
-2.80847793e-02+9.70732936e-03j
-3.98240503e-02+2.59714443e-02j
4.12035880e-03+1.07846297e-02j
2.53956616e-02+9.72026600e-03j
-1.39053971e-02-1.16982895e-02j
3.89445056e-03+1.58137951e-03j
1.94395912e-02+7.41685748e-03j
2.99902776e-02+5.84516679e-03j
-1.24963231e-02-1.37298589e-02j
-3.37289812e-03-3.50952310e-03j
-8.68400236e-03-1.46588451e-02j
-1.20650794e-02-9.04746530e-05j
-3.62002349e-02-8.97697477e-03j
-2.21651714e-02+7.43424430e-03j
-1.14711810e-02+4.00202165e-03j
7.73539278e-03-1.71039877e-03j
-9.34688927e-03+1.62476348e-02j
1.70444433e-03-2.06406083e-02j
4.15577997e-02-8.19928523e-03j
2.99804101e-02+9.13071860e-03j
-4.94507084e-03-9.23292558e-03j
1.18533719e-02+1.83549905e-02j
-1.44291272e-02+1.62635313e-03j
-1.06604461e-03+1.41249471e-02j
-3.33400348e-03+1.00539479e-02j
-2.88864394e-02+6.63042093e-03j
-1.26833591e-02+3.73555592e-03j
4.81239854e-03+1.14640094e-02j
-4.92114986e-03-1.67885834e-03j
-1.10393150e-02+4.69452950e-03j
5.94017930e-03+9.74409983e-03j
1.86409508e-02+8.09357993e-03j
1.56973387e-02-6.04634541e-03j
-2.12696031e-02-2.82927281e-03j
-6.47251935e-03-4.91366236e-03j
1.86898636e-02-3.09005003e-02j
1.37326868e-02-2.25300897e-03j
-9.55625598e-03-7.83168098e-03j
-3.32071865e-02+8.31124030e-03j
2.57780317e-03-4.85877810e-04j
8.44842746e-03-5.64042199e-03j
2.23445699e-02+1.46522702e-02j
2.08998137e-02-4.85476852e-03j
1.66808277e-02-7.78908814e-03j
1.50595332e-02+5.74032769e-03j
1.23835083e-02+2.19436240e-02j
8.14761030e-03+9.85340465e-03j
-8.20014509e-03+9.80481895e-03j
-1.80645428e-02+1.13562730e-02j
-2.19548922e-02-3.61731376e-03j
4.55890348e-03-1.89057997e-02j
-2.20891214e-03-4.44891091e-04j
-9.75031953e-03-3.32172552e-03j
-1.09685653e-02+2.10499093e-03j
2.59909281e-02-8.50490490e-03j
2.11613083e-02-1.12796476e-04j
-5.47015254e-03+1.47325840e-02j
-2.38514919e-02-6.76482061e-03j
8.40745493e-03+1.18243572e-02j
5.10919716e-03+3.93377513e-02j
-7.15591372e-02+6.48888240e-03j
-5.76584903e-02-1.06499591e-01j
8.37772458e-02-1.15627395e-01j
1.31765715e-01+4.23806419e-02j
3.24592272e-02+1.26889803e-01j
-9.46918371e-02+6.65632967e-02j
-5.86248476e-02-4.67025922e-02j
-1.20324607e-02-4.84118036e-02j
-1.43171160e-02-8.44145854e-04j
-3.38016392e-02-8.20192743e-03j
1.07154197e-02-2.50229425e-02j
3.53390720e-02+1.20119726e-02j
2.52696910e-02+3.70468085e-02j
-1.70947081e-02+1.74665417e-02j
7.80695657e-03+2.18151579e-02j
1.09870735e-02+1.45784268e-02j
1.46048999e-02+9.06941444e-03j
1.01725435e-02+4.87955029e-03j
-6.29307851e-03-1.69539818e-02j
1.21383866e-02-1.39283139e-02j
4.20372166e-03+1.56946744e-02j
-1.45729120e-02-1.39608414e-02j
3.01922281e-03-1.23975052e-02j
1.16848041e-02-1.64119487e-02j
3.81707124e-03-2.17033096e-03j
4.24335400e-03+1.02703824e-02j
-7.68971154e-03-3.32528556e-03j
-1.55694823e-02+1.15927179e-02j
-1.28217507e-02-1.12298569e-02j
5.48165859e-03+1.41452124e-02j
1.38619235e-02-1.07090659e-02j
-3.68402985e-03+1.69341228e-02j
3.88689913e-03-1.59910337e-03j
-1.34992804e-02+9.77384637e-03j
-2.27966734e-02+6.18717102e-03j
-9.36690217e-03+7.13862379e-03j
1.14354784e-02-9.07012236e-03j
2.23521818e-02-5.52547676e-03j
1.58087684e-02-2.93619656e-02j
8.28913160e-03-1.02159920e-02j
-6.06208321e-03-6.24591090e-03j
-1.51218768e-03-5.73990222e-03j
8.13318458e-03-1.86073717e-02j
5.23907851e-03-4.18355216e-03j
-3.43111159e-03-2.16762278e-02j
5.52095679e-03+1.81326807e-04j
-4.25206478e-03-8.03729826e-03j
-1.14995375e-02-7.85165526e-03j
-1.81902032e-02-7.11399869e-03j
-1.50533839e-02-2.20432902e-03j
-1.02413877e-02-2.24750965e-02j
-1.94364987e-02+2.52606756e-03j
-2.66470540e-02-2.21613331e-03j
-1.66805955e-02+8.71663143e-03j
-1.36969522e-02+1.87595655e-02j
-1.28142049e-02+1.36707264e-02j
5.86023201e-04+9.86590407e-03j
-2.55915590e-03-3.19450117e-03j
4.94908111e-03-4.37177359e-03j
-9.17862492e-03-7.32077225e-03j
-4.74382420e-03-9.44194438e-03j
-6.64070302e-03-8.16499284e-04j
-2.96778983e-03+1.74368104e-02j
-1.06749160e-02+6.13898106e-03j
1.67282402e-02-5.80629798e-03j
3.00827998e-03-3.86986557e-03j
-9.71865433e-03-1.04118927e-02j
-3.44860308e-04+3.91642450e-03j
2.08200303e-02-7.03499695e-03j
3.15951853e-03+9.60844806e-04j
-1.40188781e-02+1.41758623e-03j
1.72909838e-02+2.49910691e-02j
2.01949639e-02+1.47458753e-02j
1.60635055e-02+1.31234778e-03j
-3.50743088e-03+2.10258749e-02j
2.79409456e-02+1.66095453e-02j
3.28749944e-02-2.66589058e-03j
9.30877682e-03-3.72541076e-02j
-7.31296166e-03-2.07637929e-02j
4.39393925e-03+4.90960075e-03j
1.86217273e-02-3.20527474e-02j
-5.71517643e-02-4.10256502e-02j
-9.91037956e-02+5.05591834e-02j
1.68602332e-02+1.26089160e-01j
1.38743093e-01+5.32743758e-02j
8.58245258e-02-1.23863902e-01j
-7.42603429e-02-9.15155675e-02j
-9.04585553e-02+1.86493682e-02j
-2.01032663e-02+6.53570105e-02j
1.78557791e-02+1.03653166e-02j
-1.27319683e-02+5.45597374e-03j
-8.61722509e-03+3.11128889e-02j
3.40398563e-02+5.69814481e-03j
2.52328265e-02-8.29064942e-03j
-4.43431758e-03-1.35525842e-02j
6.72443172e-03+2.14344007e-03j
9.91923023e-03-1.01391690e-02j
-3.65484740e-03-1.27330916e-02j
-2.36898650e-02-1.78221125e-02j
-2.59903623e-02+1.01607913e-02j
1.95108620e-03+1.19534330e-02j
1.27442792e-03+1.35681435e-02j
5.65110129e-04+4.78033808e-03j
-5.18629191e-03+5.66151838e-03j
8.56338614e-03+9.20738647e-03j
2.54392930e-02-6.59843871e-03j
1.30894419e-02-4.96009425e-03j
-2.77236179e-03-1.60904167e-02j
8.63651135e-03-1.08669780e-02j
-1.81575554e-02+4.48917750e-03j
-1.78938367e-02-3.25523157e-03j
-2.79190067e-03+1.27258839e-04j
-2.19200941e-03-1.19567827e-02j
-1.94373689e-02-6.10318449e-04j
-2.25751080e-02-1.77615012e-02j
-1.11305342e-02+1.26674798e-03j
-1.80091458e-02-5.33886112e-03j
-5.32098415e-03+1.32441558e-02j
-4.14890851e-03+2.20170646e-03j
6.74416671e-03+1.50476886e-02j
-1.99360502e-04+9.92505126e-04j
1.19572478e-02+5.95047387e-03j
1.25082901e-02-1.96463092e-03j
1.63250541e-02+1.39015835e-02j
5.51858731e-04+1.36888505e-02j
1.26570188e-02+9.97190944e-03j
1.81533212e-02+1.29040659e-03j
-2.09938438e-04-6.30725207e-03j
1.12316189e-02-9.35831712e-03j
5.01764017e-03+1.10092068e-02j
-6.43441006e-03+8.07387031e-03j
-1.11325459e-02+1.63639643e-03j
-2.41490478e-02+1.47715332e-02j
-1.19621290e-02+1.48844664e-04j
-2.03365502e-02-9.63264692e-03j
-8.95189414e-03-6.61895354e-03j
7.04570693e-03-1.19932084e-02j
-1.45974237e-02-1.25572270e-02j
-3.58428403e-03-1.97830809e-02j
-3.90260628e-04+1.01176739e-03j
-1.53199274e-02+1.08625878e-02j
-1.13592828e-02+1.92158390e-04j
-7.22449425e-03-2.39592751e-02j
-1.02228791e-02-3.27660205e-03j
5.65542589e-03-9.62785059e-03j
-1.47188037e-02-3.14082439e-03j
-9.85854411e-03+1.01995125e-02j
-2.09584969e-03+7.73913573e-04j
1.34189661e-02-6.56285908e-03j
2.20806218e-02-1.29218651e-02j
-1.04727010e-03+3.58204675e-03j
-3.19165658e-02+6.90148461e-03j
-5.39242303e-03-2.72171022e-04j
-4.35948987e-03-4.01603413e-02j
-2.82046183e-03-9.10681691e-03j
1.33042022e-02+2.02690756e-03j
7.20339083e-03-2.42173916e-02j
3.42245989e-02-1.28093281e-02j
3.76336998e-02+1.89543784e-02j
-1.07967788e-02+2.45407200e-02j
-5.53420202e-03+1.98322717e-03j
3.00074494e-03+2.78445358e-02j
-2.88769135e-02+5.71825827e-02j
-8.25925041e-02-2.80517610e-03j
-5.82942651e-02-1.06987696e-01j
9.93572613e-02-1.09203948e-01j
1.38531909e-01+5.78409892e-02j
-1.47940860e-02+1.28069841e-01j
-1.05893767e-01+6.00515497e-02j
-5.85755897e-02-4.04166444e-02j
2.63322747e-03-1.57781953e-02j
6.75756474e-03-5.51333582e-03j
-1.08970314e-02-3.54078485e-02j
1.61763920e-02-3.74712173e-02j
3.32080737e-02+5.81470634e-03j
2.03175749e-02+2.21675931e-02j
-6.31032478e-03-6.44804564e-03j
8.21295706e-03-8.35538325e-03j
5.37315261e-03+7.56592916e-03j
-6.63141291e-03+6.56498815e-03j
-1.72455245e-02-5.09071032e-03j
-8.37593067e-03-1.15845057e-02j
-1.16731888e-03-9.42058437e-03j
1.35416698e-03-1.16687351e-02j
-5.16586295e-04-2.41183939e-02j
6.27370292e-03-4.80428036e-03j
4.29660190e-03-2.72210019e-03j
-1.06785536e-03+1.04583297e-02j
5.66779373e-03+1.75099924e-02j
4.41531073e-03-7.53982672e-03j
9.70432135e-03-9.28551911e-03j
3.59772934e-03+1.16083369e-02j
7.30037642e-03+1.21799953e-03j
7.79595728e-03+5.35871484e-03j
9.09951039e-03+7.09264216e-03j
1.51289954e-02+4.48833123e-03j
5.67073596e-03-1.31520199e-02j
-1.01911696e-02-5.11579020e-03j
-1.19667473e-02+2.94429722e-03j
-6.64158520e-03+3.55298759e-03j
1.10530410e-02-8.99018286e-03j
-1.36042015e-02-6.42438116e-03j
-2.19781499e-02-2.46979728e-02j
-2.11192518e-02-1.23753786e-02j
-1.24825479e-02-1.17794226e-02j
2.00307482e-02-1.31054043e-02j
7.93094384e-03-1.60916138e-02j
7.90567104e-03-1.03767263e-02j
1.48941245e-02+1.09231843e-03j
1.70971082e-02-5.17143942e-03j
1.97866752e-02-1.34444614e-02j
-8.52515480e-04-1.46769144e-03j
-1.59343124e-02+3.52311734e-03j
-1.77645146e-02-5.15799424e-03j
-3.64241104e-03-9.16858674e-03j
-7.60541922e-03+6.35159340e-03j
-3.62678126e-02+1.66046524e-02j
-2.89298041e-02-1.10456745e-02j
-7.30770663e-03-3.00773324e-03j
4.15160724e-03+1.37096651e-02j
1.73546038e-03+3.55258538e-03j
-1.08854451e-02-6.26855289e-03j
1.25499643e-03-1.36955273e-03j
1.99761462e-02-1.46474771e-02j
2.40571754e-02-1.27323048e-03j
1.12644159e-02+1.57808868e-02j
8.84484747e-03+9.70280394e-03j
1.34275606e-02-2.25084729e-03j
1.76475919e-02-1.41587850e-02j
-1.59810760e-02-5.02793987e-03j
-4.42372967e-02+8.28040895e-03j
-1.25744371e-02-1.78262632e-02j
-4.57299987e-03-1.51457608e-02j
-3.40621539e-02+8.64711862e-03j
-1.57847665e-02+2.69019849e-02j
1.97656684e-02-4.12893024e-03j
3.77473710e-02-8.06540547e-03j
1.80775890e-02+3.16479995e-03j
-1.58350464e-02+3.65257437e-02j
2.12214668e-02-1.16216799e-02j
1.02684681e-02-3.09255342e-02j
-2.30074112e-02-2.08492366e-02j
-7.55077675e-03-7.25321985e-03j
-5.31702060e-03-4.40989505e-02j
-6.56111005e-02-3.13543967e-02j
-8.46812629e-02+7.81727097e-02j
4.02906320e-02+1.38568093e-01j
1.71869636e-01+2.49109225e-02j
1.04902788e-01-1.17682109e-01j
-4.58092031e-02-9.46672810e-02j
-1.02089486e-01+1.82535290e-02j
-1.32775601e-02+2.49780317e-02j
2.13195554e-02+9.00367888e-03j
-2.46656586e-02-6.91275288e-04j
-3.55864648e-02+2.87582744e-02j
1.02742330e-02+1.63370824e-02j
2.39783876e-02-1.00949023e-02j
7.17327069e-03-2.01215427e-02j
-9.18668693e-03-3.79282685e-03j
3.00664145e-02+7.42274181e-03j
4.58330875e-02-1.71134500e-02j
-1.69911299e-02-8.88951869e-03j
-2.68355840e-02-1.76009117e-02j
1.10804578e-02-6.93622071e-03j
1.91648877e-02+2.07138723e-02j
-3.73319675e-02+6.54566961e-03j
-2.63055124e-02+3.07098894e-02j
1.44233224e-02+3.00729269e-03j
1.23916891e-02+3.37336289e-03j
1.36752008e-02+3.89173494e-03j
1.04266799e-02-1.74883914e-02j
4.26928075e-02-3.57790594e-03j
5.09000412e-03-1.56491379e-02j
-2.58971311e-02-7.06416974e-03j
1.79595172e-02+6.54831622e-03j
-2.94642592e-03-3.38725416e-03j
-6.64464826e-02-6.73789095e-03j
-5.53791537e-02-2.36944464e-03j
1.07300714e-02+2.23074872e-04j
-5.87161082e-03+6.92073434e-03j
-3.77128892e-02+1.70198883e-02j
3.51276989e-02+5.90081630e-03j
8.71511039e-02+1.12080657e-02j
8.05745832e-03-6.20267442e-03j
-2.43822410e-02+1.19435860e-02j
2.11854232e-02+5.81826016e-03j
-8.97381830e-03+3.06184389e-03j
-1.12157879e-01-4.44917769e-03j
-7.15830189e-02+5.77039923e-03j
4.30611663e-02+5.87138704e-03j
1.17273427e-02-5.56443542e-03j
-4.52563706e-02+7.85828211e-03j
1.14468380e-01+1.32056045e-02j
2.10175294e-01+6.96023877e-03j
1.59140740e-02+6.40228975e-03j
-8.25679500e-02-9.12721910e-03j
8.56432833e-02-8.98576071e-03j
-7.73048680e-02+3.38741096e-03j
-6.02570969e-01-1.40950042e-03j
-4.55198643e-01-6.23284263e-03j
5.29747790e-01+9.92897873e-04j
9.77403320e-01-7.13736254e-03j
2.11152327e-01-2.87952719e-04j
-6.10208467e-01-1.76351706e-02j
-4.51776893e-01-8.86313013e-03j
2.02044917e-02+8.22126054e-03j
3.20747701e-02-8.59929544e-03j
-7.22309089e-02-1.63150782e-03j
1.15248141e-01+6.59786082e-03j
2.09914538e-01+2.36940440e-02j
3.53848606e-02+4.43522631e-03j
-4.33418719e-02-4.25247970e-03j
2.53186149e-02+7.48267557e-03j
1.02676062e-02+1.02718832e-02j
-1.47601597e-01+1.09794814e-02j
-8.40765975e-02-3.65139370e-03j
3.63943130e-02-8.23620498e-03j
3.82914749e-03+7.87049342e-03j
-2.11289214e-02+1.87104199e-03j
5.61272972e-02+4.15367927e-03j
1.10655228e-01-4.63470962e-03j
2.69233065e-02+3.44375440e-02j
-2.70375956e-02+1.34331935e-02j
1.22671161e-02-1.00306781e-02j
1.06119423e-02+1.15506924e-02j
-1.06906560e-01+6.03152993e-02j
-1.23232943e-01-4.83443025e-03j
-2.06914641e-02-1.37539761e-01j
1.26645976e-01-8.16252070e-02j
1.14417082e-01+6.18705042e-02j
2.87994810e-02+1.40543826e-01j
-4.88892453e-02+2.94789295e-02j
-3.73338565e-02-3.85647514e-02j
1.17279314e-02-4.66557521e-02j
9.27034115e-03-1.04987437e-02j
3.15866426e-03-1.88285861e-02j
-1.89214546e-02-2.37080973e-02j
-1.62682014e-02+5.54361007e-03j
1.98484769e-02+1.85855627e-02j
6.18414473e-03+5.31893950e-03j
-7.77820824e-03+7.50161004e-03j
2.38815331e-02+1.58098650e-02j
3.75888687e-02+3.33040229e-02j
-1.79135434e-03+3.68628817e-03j
-5.34101412e-03-5.03227199e-03j
2.47780254e-02-1.73473004e-02j
1.53042181e-02+1.99022498e-03j
-2.55615078e-02+2.73632109e-03j
-2.79135875e-02-8.64285203e-03j
9.81610292e-03-1.27216693e-02j
5.38904620e-03+1.64016903e-02j
-3.28740494e-04+1.19287847e-02j
-5.34960158e-04+2.05900939e-03j
3.77941919e-02-1.36908916e-02j
1.99253952e-02+8.11803884e-04j
1.06600431e-02-1.15881515e-04j
-1.41686605e-02+5.39834802e-03j
9.07359097e-03+4.40967388e-03j
-1.45144478e-02+3.74961782e-03j
-2.33622917e-02+4.56261198e-03j
-3.50385881e-02-7.67013696e-03j
-1.80611938e-02-3.72485256e-03j
-2.03089628e-02+2.53656686e-03j
-5.89385277e-03-1.82192787e-02j
-1.49727616e-02-2.31192670e-02j
3.65018559e-02+1.03214203e-03j
3.02855640e-02+1.22967889e-03j
-1.40365119e-02-7.82182382e-03j
-4.12387746e-03+3.74121602e-03j
1.33871985e-02-4.54517193e-03j
1.28422890e-02-2.38108276e-02j
-2.85702649e-02-1.41684770e-03j
-2.37828337e-02-5.21634993e-03j
-4.96446471e-03-1.67291115e-02j
1.00711607e-03-1.32483976e-02j
-9.08888222e-03-6.97640947e-03j
-1.20828923e-02-6.64616697e-03j
6.76501701e-03-8.14317007e-03j
2.43393139e-02+1.39076801e-02j
1.14493422e-02+9.90908007e-04j
-3.52146479e-03+4.10060719e-03j
-2.28402703e-02+1.21957841e-02j
-2.75131984e-03+1.05746416e-02j
5.45242383e-03+8.80263131e-03j
-7.99587153e-03+1.12466809e-02j
-2.55551706e-02+1.62215339e-02j
-1.42855568e-02+8.33932648e-03j
8.50967710e-03+4.12165865e-03j
9.80879162e-04+1.32963538e-02j
1.48351678e-03-1.63238234e-02j
1.74961497e-02-1.51640342e-02j
9.13742568e-03-1.09040429e-02j
1.54878702e-02+1.67683255e-02j
2.16843080e-02+1.29401255e-03j
-1.08130944e-02-2.96512001e-03j
-3.37964713e-02-2.53496032e-02j
-1.80544234e-02+9.55903814e-04j
-1.35202838e-02+2.06597487e-02j
-6.81375741e-03+1.79335517e-02j
-2.66480908e-02+2.43261895e-04j
-2.16762641e-02+1.10316695e-02j
1.87702753e-02+1.73132691e-02j
3.38933506e-02-7.65558173e-03j
8.59605295e-03-2.69899706e-02j
-8.55092746e-03-1.63747177e-02j
1.49791392e-02-1.58047632e-02j
2.10650534e-02-3.29583997e-02j
-5.53517341e-02-2.57989088e-02j
-8.43694680e-02+8.25450584e-02j
4.57428415e-02+1.08484410e-01j
1.48342431e-01+1.15117691e-02j
6.02126328e-02-1.21316240e-01j
-7.52752064e-02-8.97022923e-02j
-8.63003456e-02+2.27107506e-02j
-9.57680208e-03+3.94549335e-02j
-1.22811630e-03+2.10149108e-02j
-2.51959331e-02+7.09770296e-03j
-2.60545739e-03+2.29020376e-02j
3.68977773e-02+1.26924375e-02j
1.72058962e-02-2.92952264e-02j
-4.40038019e-03+2.50981792e-03j
-7.24756131e-04-8.45221890e-04j
2.34895120e-02-4.07943986e-03j
3.28895691e-03-6.96402350e-03j
6.06641139e-03+4.91764821e-03j
-1.01487960e-02+1.19719056e-02j
1.25391198e-02+2.02088929e-02j
-7.33145534e-03-7.99576898e-03j
-7.07641617e-03-3.26906098e-03j
-8.37995193e-04+2.61529510e-03j
-9.20121282e-03+9.00382225e-03j
8.35352803e-03-2.07044412e-02j
4.54453618e-03-8.83692586e-03j
-1.25751565e-02-1.90106742e-03j
-1.32328175e-02-2.98758714e-03j
-8.55637678e-03+2.31943692e-03j
-2.14471680e-03-1.03700197e-02j
-4.81418873e-03-1.45964343e-03j
-7.35194372e-04-6.63022044e-03j
-1.16400823e-02-2.18541814e-02j
-1.59331604e-02-1.31069069e-02j
-8.03463718e-03-2.50467408e-03j
-1.25530718e-02+1.04497754e-02j
-9.91906323e-03-2.41306826e-03j
1.12011470e-03+1.48766689e-02j
-2.67236927e-04+6.71083581e-03j
7.38176612e-03+2.16365047e-02j
1.20846063e-02+5.95702928e-03j
1.11220757e-02+2.10439874e-02j
4.54656241e-03-2.56755270e-03j
-4.07748543e-03-3.06658995e-03j
4.99490427e-03+9.17122123e-03j
2.23117046e-03+4.72166551e-03j
4.29335312e-04+1.58670453e-02j
4.70432887e-03+3.90763126e-03j
-1.00588889e-02+9.29681502e-03j
-6.85287410e-03+1.90068675e-02j
-1.81847493e-02+2.90451996e-02j
-1.44835003e-02+6.10765518e-03j
-2.21906160e-02+3.19411522e-03j
-3.01965909e-02-6.43756800e-04j
-3.25774014e-02+7.89118915e-03j
-1.36485855e-02-1.13834020e-02j
-5.20603533e-03-1.18623026e-02j
-2.37407476e-03-3.08882529e-04j
-8.72454636e-04-4.41698074e-03j
-5.99494661e-04-6.17188877e-03j
-5.76405443e-03-6.67142574e-03j
-1.68540770e-03-1.56735974e-03j
4.46431798e-03-6.07072670e-03j
1.34168500e-02-6.70947892e-03j
-3.08550830e-03+1.04558243e-02j
-1.74921017e-02+1.98634496e-03j
-1.42174046e-03+1.32898933e-02j
7.82716502e-03+5.02288046e-05j
1.32903728e-02+2.91320122e-03j
1.88988087e-02+1.47812656e-02j
-4.44407398e-03+4.95388363e-05j
2.72825515e-03-3.73924518e-02j
8.33567261e-03+1.83926644e-04j
2.68204061e-02+8.72814843e-03j
-4.27550986e-03-1.11371786e-02j
1.50666185e-02-1.44973302e-02j
3.61853126e-02-5.80596355e-04j
2.64945624e-02+1.57070329e-02j
6.70807308e-03+3.21128732e-02j
-4.76373664e-03-1.13740712e-02j
1.47678567e-02+3.90284067e-02j
-6.02817645e-02+3.17414137e-02j
-8.84988221e-02-3.65415510e-02j
-2.20580290e-02-1.44372954e-01j
1.20693858e-01-7.18997816e-02j
1.09533508e-01+9.39611516e-02j
-2.96012820e-02+1.23820887e-01j
-1.04747069e-01+1.94921527e-02j
-4.99648635e-02-4.51533953e-02j
2.86174856e-02-1.97988645e-02j
2.88159580e-03-5.37163085e-03j
-1.61639203e-02-2.83276863e-02j
2.04464364e-02-6.12599486e-03j
2.37747475e-02+1.11717143e-02j
1.57900210e-02+2.36263117e-02j
-1.37965849e-02+1.06498701e-02j
1.27913023e-02+1.27102632e-02j
1.38622964e-04+1.17547035e-02j
-8.80869161e-03+2.79190320e-03j
-1.85929323e-02-9.37160251e-03j
-1.48964305e-02-1.81015520e-02j
-4.35613136e-03-1.22462440e-03j
1.36129628e-02+1.92220574e-03j
9.42777979e-03-1.36720509e-02j
1.01535247e-02-1.89451065e-02j
-1.03775273e-03+1.22656041e-03j
1.70063652e-02+1.14030472e-02j
3.02944413e-03+1.07252030e-03j
-1.14152278e-02+5.91135969e-03j
-1.57949040e-02-1.52439302e-02j
4.20117462e-03+1.41146481e-03j
-1.41529912e-02+1.93586243e-02j
-9.39753423e-03+1.15136870e-02j
1.04822189e-02+1.19943139e-02j
1.03718598e-03+4.84025005e-03j
-1.67086977e-02-2.31191358e-05j
-2.39966287e-03-6.72143438e-03j
-1.73914335e-02-2.05218338e-04j
-2.49415730e-02-9.67707059e-03j
-1.25686543e-02-6.54467345e-03j
2.63527988e-03-2.18861922e-02j
1.53254123e-02+5.96034969e-03j
1.30621651e-02-4.32773906e-03j
1.16070646e-03-1.31625103e-02j
9.89756837e-04+6.43533379e-03j
1.51508714e-02+5.17187254e-03j
2.78856956e-02-3.32753129e-02j
1.47800820e-02-2.49776361e-03j
6.61829999e-03-1.71077875e-03j
2.06555814e-02-1.11672160e-02j
-9.13698153e-03+2.75236467e-03j
-1.35315813e-02-1.40517085e-02j
-1.34241404e-02+1.03831685e-02j
-1.05968049e-02-6.24673755e-03j
-1.30179853e-02+1.86495745e-03j
-2.72128534e-03+1.39326320e-02j
2.78854406e-03-9.44205740e-03j
2.25883133e-04+1.36048028e-02j
1.12923397e-02+2.26643801e-02j
3.09071560e-03-4.43123454e-03j
4.22367171e-03-6.27194077e-03j
1.60609601e-02+1.64656995e-02j
-7.43604822e-04-5.99134179e-03j
-1.57557370e-03+1.54573314e-02j
3.58554688e-03-4.44287344e-03j
4.40514544e-03-1.14697382e-02j
3.24566940e-03-2.33439004e-02j
2.19209960e-03-1.15693894e-02j
-2.13031791e-02-4.31040477e-03j
1.16980573e-03-1.06528739e-03j
-5.11111403e-03-2.47091288e-02j
-1.60093970e-02-2.74359849e-03j
-2.55743514e-02+6.61693469e-03j
-1.24800246e-02+1.65527520e-02j
2.24619313e-02+9.77856110e-03j
8.32097472e-03+1.48940398e-02j
7.59326128e-03+2.15082973e-02j
4.34623454e-02+2.44713795e-02j
5.05675469e-02-8.42775034e-03j
2.08069372e-02-2.62430350e-02j
-8.50111254e-03-7.20131553e-03j
1.41669601e-02-5.44572799e-03j
-1.19772943e-02-4.30454454e-02j
-9.64148014e-02-3.14449101e-02j
-6.74429890e-02+9.68004428e-02j
7.90705972e-02+1.25199790e-01j
1.50427145e-01-1.87616474e-02j
4.87643329e-02-1.25502999e-01j
-9.91076835e-02-6.99170538e-02j
-9.76103031e-02+3.46121792e-02j
-1.34544497e-02+4.04882635e-02j
2.21097372e-02+1.78773448e-03j
-2.58779469e-03+1.03833033e-02j
1.24982891e-02+3.08165272e-02j
2.33718304e-02+8.98927271e-03j
2.19199593e-02-3.28682448e-02j
-1.81554105e-02-4.65376674e-03j
7.72834498e-03-5.16840322e-03j
2.16025926e-02-1.43046403e-02j
4.67222550e-03-1.29379401e-02j
-2.44183633e-02+4.24401204e-03j
-5.77528773e-03+1.35969749e-02j
6.96659239e-04+1.68644838e-02j
-1.31760558e-03+2.13002594e-02j
-6.37385017e-04+2.63562984e-03j
3.01778158e-03+5.61828997e-03j
-5.25379754e-03+3.31267792e-03j
3.73680188e-03+5.49064997e-03j
-1.64971074e-02-1.06624866e-02j
5.67882040e-03-3.75833011e-03j
3.83906772e-03-2.02162268e-02j
5.15799720e-03-1.28343483e-02j
-6.97052410e-03+8.57585852e-03j
1.34861076e-02+2.22036569e-03j
1.89161066e-02-1.02651655e-02j
1.21843246e-02-8.62248950e-03j
1.16840012e-02-7.31472006e-03j
-9.42470534e-03-2.71952015e-03j
-6.94134470e-03-2.27894136e-04j
-5.75822159e-03-5.36978875e-04j
-2.35198378e-03-2.39945583e-03j
-8.73246910e-03+1.30797632e-03j
-1.92132908e-02-1.13511246e-03j
-2.56405148e-02+2.08402498e-03j
-2.17942739e-02+4.93249319e-03j
-1.03902016e-03-8.70481370e-03j
9.29727861e-04-2.65061973e-03j
-1.85794580e-02+1.66687490e-02j
-7.75887486e-03+4.66372776e-03j
7.46771219e-03+1.06394420e-03j
2.38348440e-02+3.55313159e-03j
-4.75077315e-03+1.63544067e-02j
-1.63969173e-03+9.61138622e-03j
-1.14755924e-02+1.57212052e-02j
-2.22074482e-03+1.59714256e-04j
-1.89125205e-02+4.54376033e-04j
-4.55857231e-02-1.27588243e-02j
-2.93466137e-02-1.38875896e-02j
-4.32012672e-03-2.66703274e-02j
-7.88263849e-04-2.16410917e-02j
1.20902457e-02-3.44277197e-03j
-6.22699189e-03-1.21200216e-03j
-4.33439851e-04+5.28210343e-03j
1.69785557e-02+2.46108042e-03j
1.20877629e-02-3.55418474e-03j
1.76414082e-02-9.90717356e-03j
1.40329544e-02-1.32768293e-02j
8.79108957e-03+9.24057924e-03j
2.91848181e-02+4.86963817e-03j
-1.82054767e-02+4.69026874e-04j
-2.47913983e-02+5.58385688e-03j
-2.08739829e-02+9.55449841e-03j
5.98982441e-03+1.93781700e-02j
-9.64485263e-03+5.30783214e-03j
-2.17088547e-02-2.71208755e-02j
9.30514304e-03-1.99299836e-02j
3.72443752e-02-8.89384576e-03j
8.31806442e-03-1.68039513e-02j
1.86869897e-02-3.15879917e-02j
2.60924376e-02-5.05429872e-03j
3.64988883e-02+1.85586415e-02j
1.88943979e-03+1.15892718e-02j
-3.60515114e-02-8.38895919e-03j
-2.91889751e-02+2.96487540e-02j
-4.05110171e-02+6.30847214e-02j
-9.68746307e-02-4.03180840e-02j
-7.78429698e-04-1.36925890e-01j
1.47341449e-01-5.82882255e-02j
1.41482119e-01+9.57734495e-02j
-6.85907576e-03+1.32668541e-01j
-9.87171125e-02+6.62945671e-03j
-4.70726234e-02-6.07363639e-02j
2.48368483e-02-2.09340053e-02j
-9.64235997e-03+1.27312031e-03j
-4.74520368e-02-2.02312592e-02j
7.49334992e-03-2.16397103e-02j
3.17600727e-02+3.41826248e-03j
1.65769315e-04+1.93411316e-02j
-1.88817967e-02+2.33824276e-03j
2.73800040e-02-3.63152817e-03j
4.49628308e-02-4.45661127e-04j
-1.67188120e-03-1.46277924e-03j
-3.64324607e-02+7.99746992e-03j
-5.72867286e-03-2.31753985e-03j
-7.31707075e-04-2.17579507e-03j
-3.94285554e-02-1.68847263e-02j
-3.47735637e-02+6.00699273e-03j
1.39809537e-02-3.04272707e-03j
2.51269102e-02-2.87336290e-03j
-2.85749227e-03+9.14029157e-03j
1.81043309e-02+1.04922248e-02j
5.28683743e-02+5.57331738e-03j
3.30017218e-02+2.59043456e-03j
-1.51839101e-02+2.03541779e-03j
4.03219664e-03+1.57175576e-02j
1.12816934e-02+7.19953342e-03j
-4.72367128e-02+7.11828188e-03j
-6.73629586e-02+1.67833460e-03j
-2.32578632e-04-3.09503681e-03j
5.20112397e-03+7.27928559e-04j
-2.81775403e-02-5.93620588e-03j
1.20993962e-02-5.15247613e-03j
8.88113639e-02-5.01879393e-03j
4.32067413e-02-8.76979204e-03j
-3.64137833e-02-2.00829901e-02j
2.37821108e-02+1.11021163e-02j
1.01131883e-02+1.08962925e-02j
-8.69342917e-02-4.58227611e-03j
-1.14006063e-01-2.37789409e-03j
1.51225600e-02-8.61386428e-03j
2.99645486e-02-3.04894140e-03j
-4.51179244e-02-1.14164983e-02j
6.76265756e-02-1.50483304e-02j
2.12214957e-01+1.42275464e-02j
6.34732647e-02-5.61920323e-03j
-9.08324593e-02-6.92289749e-03j
4.80324483e-02+1.51137036e-03j
3.49455701e-04+2.86494392e-03j
-4.95196461e-01-1.04573957e-03j
-5.76769329e-01+4.12152667e-03j
2.85408571e-01+2.89665005e-03j
9.99812251e-01+1.93768449e-02j
4.60626960e-01+9.30955534e-03j
-4.89640270e-01-2.05131499e-02j
-5.68984453e-01-6.55242342e-03j
-5.11684934e-02-2.17013069e-03j
6.92169505e-02+3.41164626e-03j
-6.18289764e-02+1.73362857e-02j
4.13044629e-02-1.73649476e-02j
2.26223175e-01-6.32726306e-03j
1.04805329e-01+1.17213905e-03j
-5.78830001e-02+6.36483483e-04j
1.71883474e-02-1.37607884e-02j
1.43435484e-02-1.67309231e-02j
-1.03446065e-01-2.70537317e-03j
-1.43390691e-01+2.00891267e-02j
-2.79448373e-03+5.90631989e-03j
3.49285310e-02-3.79997069e-03j
-3.75618157e-02+1.06043480e-02j
1.81620896e-02+7.99483496e-03j
1.05103835e-01+1.43402219e-02j
6.03631128e-02-2.22985012e-02j
-2.57693639e-02-2.65788429e-02j
1.14844563e-02-1.68837026e-03j
1.53703857e-02-1.42683551e-02j
-7.13201101e-02-6.10676532e-02j
-1.45848536e-01-1.80138705e-02j
-4.73851031e-02+1.15078465e-01j
1.03478278e-01+1.01008672e-01j
1.25031665e-01-4.27563875e-02j
4.80836742e-02-1.31789648e-01j
-4.04668898e-02-6.90989798e-02j
-3.14988771e-02+5.73004614e-02j
6.50830257e-04+4.36072087e-02j
1.44323270e-02-3.27504191e-03j
-1.00612355e-02+2.84474072e-02j
-2.49628409e-02+2.61961337e-02j
-1.50871692e-02-1.55917441e-03j
1.68346015e-02-2.77668658e-02j
-4.59572202e-03-1.27593091e-02j
-1.08671559e-02-1.06600294e-03j
1.85355540e-02+1.13838198e-03j
3.46068445e-02-3.01531361e-02j
6.69957662e-03+1.47309555e-02j
-5.98029762e-04+1.63718583e-02j
1.09315763e-02+2.39432890e-02j
1.16289795e-02+4.75189558e-03j
-1.46889549e-02+5.88037765e-03j
-2.63477792e-02+9.46729982e-03j
-2.96483444e-03-3.66839659e-03j
1.49514984e-02-1.10753844e-02j
1.42083878e-02-4.81301644e-03j
-1.44163665e-02-1.96554064e-02j
1.03772129e-02+2.75457921e-03j
3.50834326e-02+9.11403387e-03j
2.19079803e-02-1.59932388e-03j
-1.49321750e-02+7.40876810e-03j
-7.53038751e-03-8.69676706e-03j
-5.57435493e-03+3.06094108e-03j
-2.47062064e-02-4.62070928e-03j
-4.25094942e-02-1.06523504e-02j
-3.36493333e-03+7.35779176e-03j
-3.85274001e-04+3.04244705e-03j
-5.70832819e-03+2.41373279e-02j
-1.10601081e-02+2.76214309e-03j
6.69419320e-03+8.92625695e-04j
2.84906445e-02+2.91240508e-03j
1.09702827e-02+1.53805186e-02j
-1.25265477e-02-3.92547429e-03j
-1.27939540e-03+4.52844604e-03j
1.63514102e-02+4.71312789e-03j
-1.01005100e-02-3.05099058e-03j
-2.89223278e-02+2.19758141e-02j
-6.70303383e-03+2.96238980e-04j
5.42623095e-03+8.42181378e-03j
2.75200045e-03+2.69340567e-03j
-2.02564561e-02+1.72950317e-02j
-1.19221263e-02+2.05368967e-02j
4.94963249e-03+1.43716391e-02j
1.86974848e-02-1.81963558e-03j
-2.03781818e-03-1.02568205e-02j
-9.88432782e-03-8.78676261e-03j
6.93456589e-03-1.31781496e-02j
-9.31655246e-03-1.63951919e-02j
-2.63906992e-02+5.25096775e-03j
-3.14282695e-02+6.51934890e-03j
-6.79141191e-03+1.08911707e-03j
1.05401222e-02-2.10170902e-03j
6.79866068e-03+4.01561723e-03j
2.38327487e-03-5.40875420e-03j
2.30499251e-02+2.11056644e-02j
-4.54966394e-03+1.70159896e-02j
2.19246306e-02-5.16954234e-03j
1.23246330e-02+1.36695411e-02j
-1.20752303e-02+6.43963938e-03j
-1.77974869e-02-1.51097059e-03j
-2.85050758e-02+1.53056460e-02j
1.10875207e-03-9.06708141e-03j
1.13404976e-03-1.78233708e-02j
-9.42535107e-03-1.61309115e-02j
-2.66973084e-02-8.06824656e-03j
1.28492976e-02-2.16469684e-02j
4.12106140e-02-3.57668591e-04j
1.88720525e-02+2.04693913e-02j
-1.64279899e-02+2.04392627e-02j
-3.54541686e-03+4.82201840e-03j
1.74620797e-02+3.77844346e-02j
-5.01560478e-02+3.73317158e-02j
-7.68808226e-02-5.85260827e-02j
1.51740640e-02-1.30820707e-01j
1.49995594e-01-2.30317901e-02j
9.13817557e-02+1.02410418e-01j
-3.90047283e-02+9.85235311e-02j
-8.88315296e-02+1.36926843e-02j
-5.19984402e-02-6.09149545e-02j
-9.98224110e-03-1.73618801e-02j
-2.45359332e-02-1.21316705e-03j
5.24385617e-04-2.68813160e-02j
3.49224663e-02-5.19330762e-03j
1.90113159e-02+1.62184761e-02j
-1.79820301e-02+2.42898879e-02j
-5.99468248e-03+9.74821032e-03j
9.38895516e-03+3.50360202e-03j
4.12797472e-03+1.37823596e-02j
-6.47586315e-03+5.20796669e-03j
3.57858243e-03-1.61287615e-02j
9.29871838e-03+1.41892807e-04j
5.92060683e-03-1.94318455e-03j
-8.42152378e-03-2.83777476e-03j
6.21256729e-03+2.49692908e-03j
-1.16588123e-02-1.31161314e-03j
7.82651754e-03+1.38464635e-02j
6.59987749e-03+1.41505152e-03j
-8.31298475e-03+3.80160930e-03j
-4.87149462e-03+6.39600668e-03j
-1.00525964e-02+1.15833618e-02j
-9.18492058e-03-1.45418658e-03j
1.31736575e-04-9.46277590e-03j
1.64291839e-02+1.08725760e-02j
1.66491511e-02+3.74177730e-03j
-1.99813218e-02-5.23346702e-03j
1.57719455e-03-7.63138181e-03j
2.57627468e-06-1.01753064e-02j
-1.09831982e-02+5.42040951e-03j
2.57422226e-02+3.05418589e-03j
4.29386157e-03-6.80588589e-03j
1.94104641e-03-1.44174951e-02j
1.66951229e-02-6.49628250e-03j
1.09807707e-03-1.42798169e-02j
-3.19637460e-03-4.78988048e-03j
-5.37076950e-04-1.28750303e-02j
-1.26231178e-02-1.45958171e-02j
-5.19937820e-03+1.35342358e-03j
1.06147095e-03-1.54984232e-02j
-1.04448176e-02-1.01486459e-02j
-8.06556374e-03-8.56370476e-03j
-1.57214724e-02-2.30202910e-02j
-1.11849420e-02-3.95898666e-03j
-2.13495515e-02-9.56057681e-03j
-1.44620472e-02-2.71378462e-02j
-7.84273850e-03-1.61413044e-02j
-3.04575481e-03-3.45431173e-03j
-2.68698477e-02+1.16361969e-02j
8.11240296e-03+5.68343728e-03j
7.89888101e-03+3.98518802e-03j
1.51026923e-02-4.39799266e-03j
-9.11254126e-05-8.96778413e-03j
-1.61094224e-02-2.81173568e-03j
-5.49087421e-03+2.32118610e-02j
5.89172817e-03+5.21351600e-03j
6.33188229e-03+1.53271772e-02j
1.13565049e-02+5.66886738e-03j
-2.11408643e-03-2.19358700e-02j
1.61632888e-02-1.06287285e-02j
8.61222823e-04+7.66582212e-03j
-6.55405818e-03-1.30135631e-02j
2.60513452e-02-2.34124863e-02j
-1.00928260e-02-1.30879915e-02j
3.56898898e-03+4.50495792e-03j
1.50954929e-02+1.09501111e-02j
-1.34003360e-03-1.06990237e-02j
-7.84916737e-03-2.80357234e-04j
-3.37130107e-03+2.63275930e-02j
3.28853212e-02+1.43091840e-02j
1.91227893e-02-1.62112509e-02j
-1.26167839e-02-2.00171249e-02j
-1.31707297e-02-7.57275987e-03j
1.82769862e-02+1.32107186e-06j
-3.14998276e-02-4.92791179e-02j
-8.87771073e-02-1.51191565e-03j
-4.75887916e-02+1.28345317e-01j
1.03094173e-01+1.03584108e-01j
1.32310855e-01-4.63158253e-02j
-5.78516596e-03-1.42572887e-01j
-1.02512013e-01-5.09625948e-02j
-7.09172439e-02+4.77158338e-02j
1.43964494e-02+3.93429130e-02j
-1.16908135e-02+1.16449335e-02j
-5.18366258e-03+1.33152493e-02j
6.07202883e-03+2.14181898e-02j
2.53457058e-02-3.87196840e-03j
8.43347629e-03-1.37635816e-02j
1.24058069e-02-2.58625478e-03j
8.91004792e-04-8.07614584e-03j
-3.88731705e-03-2.37823281e-02j
-2.10320269e-02-1.11441736e-02j
-1.02728767e-02+1.29564191e-02j
-7.85417054e-03+2.20503976e-02j
1.21322318e-02+5.29728666e-03j
-6.99130325e-03+3.18671666e-03j
4.52492560e-04-1.46823161e-03j
8.40186543e-03+2.05203641e-02j
5.93027556e-03+2.25774476e-02j
1.36653650e-02+1.18447183e-02j
3.50716627e-03-1.22062140e-02j
3.25942225e-04-1.55694945e-02j
-2.71469994e-02+6.83881181e-03j
-1.07586535e-02-1.10438039e-03j
-3.92852717e-03-5.89874681e-03j
5.70138424e-03-8.79267315e-03j
-7.75373894e-03+6.86879373e-03j
-8.25390835e-03-1.53150053e-03j
-1.27111078e-02-9.88208103e-03j
-2.36148231e-02+4.98245926e-03j
-9.74264476e-03+5.85927980e-03j
-1.62859392e-03+3.08975469e-03j
-1.69579081e-03+1.00678538e-03j
8.68757988e-03+1.01470704e-02j
-1.36759375e-03+2.85303665e-02j
5.50371258e-03-8.79130217e-03j
1.49405786e-02+1.46521778e-03j
1.54442373e-02-2.82781283e-03j
1.29573052e-02+9.46926759e-03j
8.05608130e-03+1.35905338e-02j
1.21120557e-02-2.66478823e-03j
1.17709336e-03+6.56417780e-03j
1.18882015e-02+4.14403910e-03j
-3.17785734e-03-7.98315628e-03j
-2.92089311e-03+3.69167572e-04j
-1.90101376e-02+6.48222308e-03j
-1.11862098e-02+1.75581655e-03j
-1.10473999e-02+1.51275729e-02j
-1.53074178e-02+4.49250942e-03j
2.11572223e-02-2.35389611e-02j
-9.04571644e-03-4.99642792e-04j
6.81360547e-03-8.20288877e-03j
9.05162891e-03-1.75420227e-03j
-9.48457383e-03+4.80077870e-03j
-1.06173463e-02+1.38637978e-02j
-2.75245186e-02-2.19734671e-02j
-1.49404714e-02-3.37587088e-02j
1.20576330e-03-3.88139609e-03j
3.45181690e-03+4.67181875e-04j
-1.69389153e-02+2.62216315e-02j
-7.19278394e-03+1.45763464e-02j
7.05476221e-03-1.11919374e-02j
2.08871042e-02-5.82720361e-03j
1.25913485e-02-2.63289857e-03j
2.48079815e-03+7.91633395e-03j
-1.35679672e-02+1.19765622e-02j
-4.27930932e-03-1.08031861e-02j
2.84358516e-03-1.56575581e-02j
1.07862789e-02-9.17099160e-03j
-1.92755948e-03-1.44318817e-02j
1.92068606e-02-2.39160245e-02j
4.64222167e-02+1.75510697e-02j
2.10015284e-02+1.96433505e-02j
-8.45446631e-03+2.26970000e-02j
1.35280597e-02-3.40552445e-04j
-6.58180900e-04+4.31932134e-02j
-6.60711612e-02+4.11089734e-02j
-8.58787329e-02-5.23010449e-02j
3.06951609e-02-1.38162906e-01j
1.42840011e-01-1.07631061e-02j
6.70748177e-02+1.26888703e-01j
-7.43365418e-02+1.09536570e-01j
-1.10130074e-01-2.03618666e-02j
-1.45230377e-02-4.87220602e-02j
2.02155853e-02-8.75317886e-03j
-7.20086716e-03+4.05305085e-03j
-8.05404415e-03-2.52465191e-02j
3.05782590e-02-1.38426283e-02j
6.24396647e-03+4.32620652e-03j
-8.75059618e-03+2.21013061e-02j
2.57035899e-03+4.50364521e-03j
2.15959901e-02+4.93012694e-03j
-4.32267975e-03+1.47155178e-02j
9.95277228e-03+1.18573899e-02j
-2.81969468e-03-1.72677255e-02j
-1.10310802e-02-1.52562650e-02j
-1.56204837e-03-1.95633942e-02j
-1.75584143e-03-9.42794592e-03j
-1.60229842e-02-1.39358079e-02j
8.08945342e-03-2.38005550e-02j
-2.37476442e-03-9.08609947e-03j
-2.00009879e-03+2.09905319e-03j
-8.69175391e-03+2.46179070e-02j
5.82534049e-03+2.16192635e-02j
-2.31620162e-03+4.54491324e-04j
9.92929361e-03-2.09409629e-02j
-1.54772243e-03+9.98869759e-03j
2.25728623e-02+1.49684570e-02j
1.41982564e-02+1.77909535e-02j
5.19200660e-03+2.25469455e-02j
1.41522382e-02+1.07950798e-02j
-1.78679720e-02-5.88396942e-03j
-8.52897806e-05+8.04857902e-03j
-6.69076694e-03-8.01532739e-04j
-1.87255467e-02-1.78329132e-02j
-1.35596122e-02-8.53630257e-03j
-1.42808211e-02-9.21813818e-03j
-1.69140749e-02-7.75050670e-03j
4.15721037e-05+6.77423083e-04j
1.74417507e-03-1.33744450e-02j
3.27114835e-03-4.96047086e-03j
-9.58218616e-03-3.26341572e-03j
5.29247011e-03-1.15083807e-02j
1.80304563e-02-4.91152655e-03j
6.29327295e-03-2.25236362e-02j
-2.42901914e-03-6.15658601e-03j
-4.31533030e-03-1.28820365e-02j
-2.73947709e-03-1.97543948e-02j
-7.49891496e-03-9.45130778e-04j
-1.18287662e-02+1.39819661e-02j
-2.05344972e-02-1.27992887e-03j
-2.14824886e-02+2.37838661e-03j
7.83166832e-03-9.94743541e-03j
1.10583504e-02-7.82035259e-03j
3.45792259e-03+1.00318541e-03j
-3.90177156e-03-3.99043456e-03j
1.15776705e-02-1.40984910e-03j
1.33892076e-02+1.48140562e-02j
1.79031621e-02+3.64003143e-04j
7.12946456e-03+1.03589153e-02j
4.49320936e-03+1.62106833e-02j
1.23229071e-02-4.15012898e-03j
-3.59189880e-03+3.59944228e-03j
-1.74252950e-02-1.01573639e-02j
1.02310898e-02-7.43697934e-03j
-3.84129693e-03-9.40185231e-05j
-2.95998404e-02-6.59878735e-03j
-2.16791705e-02+2.24183138e-02j
-5.96599851e-03+1.73347738e-02j
3.56783199e-02+1.42215092e-02j
2.75483061e-02+4.03330719e-03j
4.63339386e-03+1.56472311e-02j
1.14164030e-02+1.95852963e-02j
3.94308299e-02-1.65033917e-02j
-8.98483676e-03-4.37865984e-02j
-3.75583773e-02+1.01635846e-02j
-9.98245555e-03-1.93328533e-02j
-3.96994240e-02-5.63020098e-02j
-8.58928177e-02+1.67114368e-02j
-3.76481587e-02+1.24560401e-01j
1.10236832e-01+9.38344229e-02j
1.63434270e-01-6.68907154e-02j
9.18447790e-03-1.54550137e-01j
-7.59134819e-02-4.10316271e-02j
-4.94439637e-02+4.48554631e-02j
2.06284168e-02+2.16752851e-02j
8.50099482e-03+4.43050032e-03j
-5.35015829e-02+5.54967829e-03j
-1.12266107e-02+1.77450118e-02j
4.26155100e-02-5.89548859e-03j
2.11125103e-02-2.54770193e-02j
-2.23380896e-02-2.74212801e-03j
2.26190978e-02-7.47261442e-04j
5.03737446e-02-1.70443772e-02j
1.83568919e-02-4.29100126e-03j
-4.41965638e-02-3.33606758e-03j
-9.82094904e-03+1.98596842e-02j
8.89270496e-03+2.39488191e-02j
-2.22429032e-02-1.61298091e-03j
-6.38162535e-02+7.55342130e-03j
-1.41648948e-02+1.21376879e-02j
2.14862082e-02+4.41080215e-03j
-1.13206679e-02-1.47692734e-02j
2.73588316e-02+2.17284488e-04j
5.19579965e-02-8.43185333e-03j
4.61829128e-02-9.55845532e-03j
-5.49137603e-03+3.82722551e-04j
9.02687562e-03+1.10772905e-02j
1.76575457e-02-1.54252200e-02j
-3.08340787e-02-1.48556151e-02j
-8.65538800e-02-3.42991653e-03j
-1.47913475e-02+1.59096749e-03j
-2.21857296e-03-6.33737253e-03j
-1.80233044e-02-1.72076848e-03j
2.94231041e-03+5.32002341e-03j
7.99942982e-02+1.68663330e-02j
4.97213595e-02+1.66249425e-02j
-1.38205174e-02-7.39607462e-03j
-1.10676194e-02+1.43855050e-02j
2.32229698e-02+1.41782025e-02j
-4.88611740e-02-4.87431036e-03j
-1.25004777e-01+7.46198353e-03j
-8.44244583e-03-5.78688760e-03j
4.07175174e-02-2.89778646e-03j
-4.34697272e-02+2.18414701e-02j
3.94399172e-02+3.64253364e-04j
1.92518754e-01+8.68425354e-03j
1.31770538e-01+7.39060631e-03j
-5.64928595e-02-1.04602038e-03j
6.59019933e-03+1.20440514e-02j
5.97363329e-02+1.15776383e-02j
-3.77092220e-01-1.08410589e-02j
-6.57817131e-01-1.26388355e-02j
7.90723865e-03-2.19920848e-02j
9.22749646e-01-4.39038109e-03j
6.96634655e-01-9.43735386e-03j
-2.96411220e-01-4.30542951e-03j
-6.36611263e-01-2.82488832e-03j
-1.63200145e-01-9.20284968e-03j
1.14153828e-01-1.19767229e-02j
-2.83803660e-02+3.96541412e-03j
7.37938146e-03-2.54358368e-03j
1.89543830e-01+2.46540821e-02j
1.43534311e-01-3.19364227e-03j
-3.64548798e-02+1.63675996e-02j
-7.06366451e-03-3.40784439e-03j
3.85167048e-02+9.22842443e-03j
-8.09076672e-02+2.26659215e-04j
-1.55012959e-01+1.47764898e-02j
-2.41790679e-02-9.93884595e-03j
4.40127672e-02-3.46617076e-03j
-2.39373436e-02-1.80279247e-02j
1.02239119e-02-1.17884344e-02j
1.03943638e-01-2.23071714e-02j
8.44502549e-02+4.40759917e-03j
-9.06779266e-03+2.72520365e-02j
-8.73337531e-03+6.71959416e-03j
2.19419829e-02+8.04562217e-03j
-3.20456295e-02+4.53154194e-02j
-1.52741252e-01+3.38609441e-02j
-1.06510493e-01-7.34996160e-02j
6.74218832e-02-1.37324512e-01j
1.33614571e-01-1.09199242e-02j
8.04361367e-02+1.25279337e-01j
-7.04658698e-03+9.35846775e-02j
-4.64793242e-02-3.12422989e-02j
-7.14044202e-03-4.33254715e-02j
1.19536299e-02-2.31448125e-02j
-5.78308067e-03-6.09125029e-03j
-1.04025102e-02-4.28523668e-02j
-2.12662976e-02-1.34068484e-02j
1.45676366e-02+3.12182983e-02j
1.70698058e-03+1.46886633e-02j
-1.71011511e-02+1.71551361e-02j
-1.18310180e-03+1.13692501e-02j
2.50737091e-02+1.41381577e-02j
5.48980481e-03-2.16917202e-03j
-1.61637263e-02-3.28428112e-03j
-1.09579400e-03-1.28381628e-02j
2.19416585e-04-2.03729791e-03j
-1.71801360e-03+1.55347404e-02j
-4.33503712e-02+3.72575026e-03j
-8.30458743e-03-1.03403350e-02j
1.36841929e-02+2.61612086e-04j
1.43032060e-02+1.62059816e-02j
-5.29697517e-03+1.75016298e-02j
8.07606747e-03-7.06591041e-04j
1.29175956e-02+3.61479933e-03j
3.93950029e-02+5.00510477e-03j
2.65036811e-03+1.48622181e-02j
-4.19319559e-04+1.47597269e-02j
3.75801480e-03+1.30078575e-02j
-2.46658775e-02+6.07005702e-04j
-2.34607187e-02-7.37710615e-04j
-3.53749636e-02-5.72491636e-03j
-1.36284454e-02-1.25526626e-02j
-7.87885962e-03-2.86280343e-03j
-2.04325116e-02-6.62158505e-03j
5.90567593e-04-8.95345174e-03j
2.25837516e-02-8.53908695e-03j
2.08025126e-02-1.30550112e-03j
-1.01784581e-02-6.77077229e-03j
8.47186321e-03+2.04432261e-03j
1.36942517e-02-2.64117725e-02j
-1.63325145e-02-2.34253852e-02j
-1.93814849e-02+7.38908129e-03j
-2.20313927e-02-7.03520107e-04j
1.42665967e-02-8.01861559e-03j
7.62736644e-04-1.92336072e-03j
-3.31234232e-03-5.35007231e-04j
-1.86821342e-02-1.13791773e-02j
1.06776212e-02-7.73180515e-03j
2.14123753e-02-8.25572679e-03j
-4.80907595e-03+9.74600607e-03j
-5.94664606e-04+5.13783201e-03j
-6.36841320e-03-1.00588057e-02j
2.06877354e-03+1.10169333e-02j
-4.42587267e-03+1.40258623e-02j
-1.83516401e-02+2.96189399e-03j
-2.70555089e-02+1.24892996e-02j
-1.29321684e-02+5.42558011e-03j
9.43302480e-03-1.94179985e-03j
2.02931637e-02+3.86208752e-03j
8.01875065e-03-1.77834571e-02j
3.30292820e-03-2.71342465e-02j
7.21218956e-03-8.73821926e-03j
1.16125403e-02+2.40794258e-02j
5.91216306e-03-8.91292832e-03j
-2.91351744e-02-1.14401371e-02j
-1.57289416e-02-1.11673935e-02j
-6.38006790e-03+2.65487224e-02j
1.23271643e-02+6.24273628e-03j
-7.80759295e-03-3.23646921e-03j
-2.84617085e-02+1.70231569e-02j
-5.03728681e-03+2.78850799e-02j
3.59265722e-02+2.13904727e-04j
2.43847877e-02-3.49956202e-02j
-2.19371168e-02-2.35114004e-02j
7.21042183e-04+5.99951221e-03j
3.20739884e-02-3.40736919e-02j
-6.27814266e-04-5.44713853e-02j
-9.71936312e-02+3.41058798e-02j
-1.09712106e-02+1.48103568e-01j
1.22782788e-01+7.13056263e-02j
1.44248449e-01-7.18930014e-02j
-1.73375295e-02-1.26636568e-01j
-8.80423767e-02-3.12385038e-02j
-3.61743190e-02+5.44642643e-02j
-5.99685091e-03+2.55083538e-02j
-1.30736841e-02+4.81717824e-03j
-2.57942139e-02+2.45862938e-02j
1.85207229e-02+3.26811853e-02j
2.25355033e-02-1.29853325e-02j
1.92534254e-03-2.04106781e-02j
-1.88402208e-02+1.38554615e-02j
1.02708365e-02+2.59815042e-03j
3.05244698e-02-8.32572672e-03j
-6.22157562e-03-2.83447814e-02j
4.84027470e-04+1.94807726e-03j
-8.10335513e-03+1.40211794e-02j
-1.12467685e-03+8.31056666e-03j
-6.11729544e-04-1.19999852e-03j
-4.62303090e-03+6.44553744e-03j
7.14299334e-03-6.86948920e-04j
1.99616906e-02+1.39995731e-02j
4.99961396e-03-8.40243294e-03j
-2.85558479e-03+1.90370717e-03j
-1.92463207e-02-1.94826756e-02j
-2.99338181e-02-7.54961245e-03j
-8.41621533e-03+9.34352666e-03j
-3.75581193e-03-9.94807112e-03j
9.82767814e-03-7.48281893e-03j
4.80793593e-03-1.84133180e-02j
9.28453614e-04-1.10735940e-02j
-9.40086907e-03-2.69604937e-03j
-2.04457836e-02-1.71137027e-03j
-1.40737468e-02-1.46461527e-02j
3.10816765e-03+2.02535671e-02j
2.38116848e-04-2.21173694e-02j
5.11991046e-03+1.10625719e-02j
7.42179506e-03+1.92744571e-02j
4.81540553e-03+1.30562007e-02j
8.22381669e-03+6.86364582e-03j
8.95744700e-03+8.72611998e-03j
8.38070895e-03+1.01236831e-03j
3.41067762e-03-4.46451331e-03j
1.00101779e-03+1.94955907e-02j
-6.67840179e-03-1.33978675e-03j
-4.45340821e-03+1.03262467e-02j
5.16268201e-04+2.00177774e-02j
-1.82942623e-02+1.14152470e-02j
-2.06592322e-02+1.08320662e-02j
-1.92525593e-02+1.62117431e-02j
-2.97431786e-02-6.23300999e-03j
-1.66561394e-02-1.48531573e-02j
-1.69366589e-02-1.29005379e-02j
-3.93170295e-03-3.22627215e-03j
1.32281649e-02-2.38522753e-02j
2.35311290e-02+1.61047414e-03j
-7.39057311e-03+1.09952206e-02j
6.76174078e-03+9.01356482e-03j
-1.29435267e-02-2.30136819e-02j
-8.70863798e-03-4.21517693e-03j
5.65303929e-03-5.24680776e-03j
1.31771557e-02+2.60015862e-03j
-1.63452439e-03+1.20093240e-02j
-1.36526490e-03+4.74941361e-03j
-3.33862380e-04+5.65161360e-03j
7.87410471e-03+7.89741868e-03j
4.03350817e-03+2.48803359e-03j
1.26571336e-02+1.65776601e-02j
-2.45140028e-02-1.49061193e-02j
1.43056814e-02-1.86255572e-02j
1.48497952e-02-1.75177880e-02j
1.08369161e-02+3.37471642e-03j
1.24499035e-04+9.29057674e-03j
2.92476988e-02-2.28435215e-02j
4.00576671e-02+1.14349161e-02j
1.72942256e-02+3.58163027e-02j
-6.09361551e-04+5.94273603e-03j
6.26815536e-03+9.70887044e-04j
-1.12753566e-02+6.76061071e-02j
-8.73309441e-02+1.56319032e-02j
-8.09479762e-02-8.47105293e-02j
6.61933323e-02-1.23084147e-01j
1.41251837e-01-2.79727149e-04j
4.87533729e-02+1.24544326e-01j
-9.19680641e-02+8.41019916e-02j
-6.05833730e-02-2.44451571e-02j
-5.57182094e-03-4.84236585e-02j
1.78104692e-02+2.10748355e-03j
-1.89776571e-02+3.44386631e-03j
1.87940303e-02-2.17620590e-02j
3.12574493e-02-1.47151303e-02j
1.79829239e-02+1.87595235e-02j
-3.39311648e-03+1.28003958e-02j
-1.10161278e-02-4.22753261e-04j
1.42004057e-02+5.03491857e-03j
-1.12651850e-02+1.17015987e-02j
-8.74185245e-03+1.34785839e-02j
-1.12207769e-02-1.69839859e-02j
-3.08351628e-03-1.08109980e-02j
-3.54669414e-03+8.49254006e-03j
6.65954021e-04+2.14254599e-03j
-1.23110422e-02-2.47991632e-02j
2.91531254e-03-1.67982967e-02j
1.49488116e-02+3.88802895e-03j
1.55118735e-02+1.27050956e-02j
5.29915384e-03+4.06951923e-03j
-3.00727301e-03+1.16866364e-02j
-4.02040845e-04-4.68935421e-03j
-8.69118039e-03+8.01222388e-03j
-5.06581012e-03-3.47433673e-03j
-1.74947015e-02+1.52617839e-03j
-1.93878941e-02+1.11024564e-02j
-1.30882357e-02+1.00351297e-02j
-4.39386731e-03+1.22886622e-02j
-2.62807784e-03-7.30067547e-04j
7.20351340e-03-6.94130966e-03j
1.46889904e-03-1.15705151e-02j
8.35074202e-04-1.14686180e-02j
8.24932889e-03-8.17833258e-03j
1.66764813e-02+3.16279582e-03j
1.83635821e-02+1.08547383e-02j
2.23851795e-02+6.22637522e-04j
1.94670139e-02-4.46623453e-03j
2.51792233e-02-5.27621319e-03j
2.74860031e-03-3.72645237e-03j
1.66713828e-02+1.97974406e-03j
4.20162371e-03+3.57359720e-04j
1.02093992e-02-2.29630367e-02j
-2.25593002e-03+5.23440713e-03j
-2.36055361e-02-1.72033523e-02j
-5.28140144e-03-2.66230728e-03j
1.88204745e-03-2.46485233e-03j
-1.46593978e-02+3.89352409e-03j
-7.32707737e-03+1.48476570e-02j
-6.16924928e-03+3.00769656e-03j
4.43103147e-03+4.51670418e-03j
-1.29811790e-02-8.02599329e-03j
1.35270570e-02+1.24965599e-03j
6.38241247e-03-6.99025937e-03j
-1.66760049e-02-2.42746926e-03j
-6.70344304e-03-3.29118676e-03j
-5.67481325e-03-3.21660192e-03j
-1.12119466e-02-6.11554512e-03j
3.78365926e-04-1.44818586e-02j
5.21827340e-03-5.45971305e-03j
-1.14045097e-02-1.03781802e-02j
-2.34378142e-03+1.47550731e-02j
3.17802650e-03-1.22616024e-02j
-2.06760317e-02-1.69246487e-02j
-1.01859281e-02-1.15939615e-02j
-1.16858618e-02-3.27943237e-03j
-1.32589857e-04+9.19949045e-03j
2.03753345e-02-9.25226530e-03j
-4.54570817e-03-5.11932618e-03j
2.13183909e-02+2.79087047e-02j
4.75462278e-02+1.94685423e-02j
2.96366707e-02-2.87058567e-02j
-1.13395240e-03-1.58576089e-02j
-2.34687424e-02+4.92082120e-03j
-5.52161114e-03-2.15084791e-02j
-5.32179873e-02-5.04402333e-02j
-9.46834457e-02+3.19822457e-02j
-8.37376350e-03+1.37119092e-01j
1.28643947e-01+7.15515429e-02j
9.26556314e-02-9.57461690e-02j
-5.27937630e-02-1.13847135e-01j
-1.05695751e-01-1.77270099e-02j
-3.94126616e-02+4.95019282e-02j
-1.19452852e-02+2.64496972e-02j
8.28311018e-04+3.91270877e-03j
-1.59983952e-02+4.26845077e-02j
3.19888391e-02+2.06947061e-02j
1.38827712e-02-1.80140016e-02j
-2.55098649e-03-2.92960433e-02j
1.12080525e-02+6.47705985e-03j
1.97978137e-02-1.85423229e-04j
1.23883838e-03-2.44935139e-02j
-1.49414131e-03-1.05753123e-02j
-3.26765445e-03+3.64612778e-03j
-1.79030471e-02+9.58336755e-03j
9.38817438e-03+3.55441182e-03j
2.18691313e-02+3.08706971e-03j
6.42918005e-03-2.66955798e-03j
6.39045366e-03+7.58142992e-03j
-4.68569044e-03+2.26463484e-03j
-1.59304378e-02-6.74907515e-03j
1.28081276e-02-1.92826496e-02j
5.82187149e-03+1.46847763e-03j
5.73052109e-03+1.61739707e-02j
3.71416616e-03-6.92738549e-03j
-3.30618704e-04+2.57949385e-03j
-9.67497020e-04-1.79087710e-02j
8.12686218e-03-1.74369209e-02j
1.70519041e-02-7.27319503e-03j
6.04033176e-03+1.00241833e-02j
-4.77651688e-03+4.66666439e-03j
-6.30188081e-03+9.96930839e-06j
1.62438346e-03+2.28946353e-02j
-2.71868009e-02-5.26807559e-03j
7.73551657e-03-1.24610279e-04j
-2.38617808e-02+7.18011238e-04j
-1.42484852e-02+3.42047232e-03j
9.27464600e-03+1.38685725e-03j
1.55467487e-02+2.10761291e-03j
-1.08177455e-02-6.85694085e-04j
3.57224275e-03+4.70882945e-03j
-6.53852267e-03+2.45801401e-02j
2.72691958e-02+1.82164714e-02j
2.31551109e-02+2.82774078e-02j
-3.81144682e-03+1.69571915e-02j
-1.36972782e-02+7.61229089e-03j
-7.95576355e-03+1.02891962e-02j
1.66460300e-03+2.91167536e-03j
-2.92751585e-02-1.36994261e-03j
-4.37277945e-02+1.90503963e-03j
-1.13342853e-02-1.20628367e-02j
-1.36567097e-02-2.41621964e-02j
7.28861697e-04+2.74620252e-04j
-1.07021805e-02+1.63848690e-02j
1.30802616e-02+7.54914954e-03j
1.00342260e-02-3.32142713e-03j
2.05503961e-02-7.30754307e-03j
2.53080258e-02-1.10536700e-02j
-4.10194769e-04-4.57063081e-04j
-8.76716982e-04+5.01618473e-03j
-5.25596330e-04+1.86031941e-02j
1.18792924e-02-8.70607963e-03j
-2.30148533e-02+2.50951306e-03j
-3.32729310e-02+1.60322639e-02j
2.08964387e-03+9.68804695e-03j
-1.69670958e-02-8.42506393e-03j
-2.94026241e-02-9.67990836e-03j
-1.37711488e-02-2.78884055e-02j
1.92203995e-02-1.62154078e-02j
1.83451896e-02-3.33556224e-03j
-7.51386532e-03-2.61121240e-02j
1.97344872e-02-1.46116159e-02j
2.65924509e-02+1.63608232e-02j
1.50400677e-03+3.00841876e-02j
-2.02920872e-02-1.72040703e-02j
-2.28751031e-02+1.25951517e-02j
-1.93075796e-02+4.45638114e-02j
-8.62808524e-02+2.07277012e-02j
-6.25956584e-02-1.08791936e-01j
7.50595608e-02-1.16015639e-01j
1.76907984e-01+2.13180401e-02j
7.14246448e-02+1.34639221e-01j
-9.25303873e-02+7.57932419e-02j
-7.55687175e-02-4.08264496e-02j
6.25113363e-03-2.66699150e-02j
1.95757659e-02+1.39983825e-03j
-4.31216988e-02-1.76778392e-02j
-6.38977810e-03-3.49524339e-02j
2.16386070e-02+2.13184706e-03j
1.89473784e-02+2.15929159e-02j
-1.71552806e-02+1.58794507e-02j
-1.88697549e-03-1.31768690e-02j
4.93545352e-02+1.47320457e-03j
3.88809036e-02+1.74509401e-02j
-1.39678331e-02+4.36641692e-03j
-1.83891219e-02-1.06886900e-02j
3.91705162e-03-7.73032045e-03j
-1.07855448e-02-1.98136476e-03j
-6.98213583e-02-1.45758284e-02j
-4.06291289e-03-8.22491317e-03j
2.36168639e-02-2.01466703e-02j
1.99152498e-02-1.35351586e-03j
-3.06285982e-03+1.65542142e-02j
2.52111020e-02+8.73517464e-03j
6.19208787e-02+1.15609720e-02j
9.64751625e-03+1.09886676e-02j
-1.20418063e-02+1.62468727e-03j
1.91644036e-02+4.88791361e-03j
-1.64792071e-02+1.14428668e-02j
-6.46672635e-02-2.17667961e-03j
-3.19630680e-02+3.15229683e-03j
1.84493878e-02-1.02986871e-03j
-1.20228118e-02+1.47763977e-03j
-1.00134107e-02+2.55545551e-03j
6.44396365e-02-2.46584255e-02j
7.51097891e-02-5.35883992e-03j
-9.65749060e-03-1.72954963e-02j
-8.51132652e-03-9.87555523e-03j
3.54531582e-02-1.02972470e-03j
-3.45644787e-02-1.09082888e-02j
-1.35741071e-01+5.28349204e-03j
-5.90534404e-02+3.01033789e-03j
4.15622260e-02-9.99544040e-03j
-2.01556386e-02-2.37163467e-04j
-1.87216031e-02-2.16042972e-02j
1.52102074e-01-5.62035081e-03j
1.68252593e-01-1.00585294e-02j
-4.26001772e-02-1.72869288e-02j
-3.99025154e-02+2.33490035e-03j
9.04037744e-02+7.41464019e-03j
-2.25123602e-01-2.09360348e-03j
-6.70106826e-01-4.18444906e-03j
-2.28677590e-01-1.76665987e-03j
7.61528941e-01+6.01781484e-04j
8.73225980e-01+1.39927782e-02j
-8.96824998e-02-2.60793471e-03j
-6.69482318e-01-8.34257384e-03j
-3.00885449e-01+4.22727778e-04j
8.56046040e-02+5.34131194e-03j
1.06694687e-02+3.98090537e-03j
-3.70588628e-02-1.08413067e-02j
1.49711207e-01+2.01199726e-05j
1.82016493e-01-1.59235560e-02j
7.63486277e-03+1.07354318e-02j
-3.24428335e-02+7.70947899e-03j
4.85262175e-02+3.29225564e-03j
-3.61216756e-02-3.47329167e-03j
-1.32702690e-01+2.11784385e-03j
-6.61485257e-02+2.21505585e-02j
2.42022964e-02+8.00768766e-03j
-6.00257082e-03-3.78067326e-03j
-2.94804979e-02-2.90286717e-03j
8.78967036e-02+2.77905070e-02j
9.32193007e-02+5.49098406e-03j
-1.17258868e-02-1.80238124e-02j
-1.94044292e-02-1.23239567e-02j
3.72905378e-02+8.60155876e-04j
-1.71521685e-02-3.07114330e-02j
-1.34027700e-01-3.86731064e-02j
-1.23936225e-01+5.29698308e-02j
2.26917972e-02+1.33616575e-01j
1.23946743e-01+5.46244135e-02j
9.13923669e-02-1.05200781e-01j
1.12452370e-02-1.09158793e-01j
-4.48579986e-02-4.82591180e-03j
-1.63327469e-02+6.09928272e-02j
-8.08275300e-03+2.16068936e-02j
1.09138999e-03+1.62996279e-02j
-1.77230575e-02+2.28174402e-02j
-2.17304363e-02+1.16415888e-02j
1.18515370e-02-1.79103519e-02j
1.30000200e-02-9.30750402e-03j
4.17015080e-03+3.57294379e-03j
-1.97092388e-02-1.15043393e-02j
3.04237382e-02-2.53088189e-02j
2.55938791e-02-7.48845255e-03j
-1.66188104e-02+6.49080669e-04j
-1.79628988e-02+1.20159278e-02j
2.95817733e-02-7.94463731e-03j
-6.51388853e-03+1.58156210e-02j
-4.39762994e-02+4.88098924e-03j
-3.38202744e-02+2.85431347e-02j
1.43434709e-02+1.16106154e-02j
8.34194670e-03-6.93856903e-03j
-6.85840331e-03-1.61985418e-02j
1.11174398e-02-1.68868418e-02j
1.46485718e-02+8.45010786e-03j
2.61287362e-02+9.60050096e-03j
-1.06295204e-02+8.86327243e-03j
-1.27731353e-02-9.38010412e-03j
1.52892555e-02-1.06835457e-02j
-1.37368957e-02-6.66707459e-03j
-3.35679036e-02-8.47269815e-03j
-2.37213543e-02+4.66545086e-03j
4.12847535e-03+1.53755334e-03j
7.55019047e-04+8.31986354e-03j
-1.29503878e-02-4.71240556e-03j
-1.40446089e-02+1.48136983e-04j
2.59125810e-02-6.80752651e-03j
1.92845723e-02+1.84722928e-02j
9.39459844e-03+1.15533707e-02j
-6.16535669e-03+2.97253301e-03j
9.46826951e-03+1.84607171e-02j
-1.75558995e-03+2.54414393e-02j
-2.30670298e-03+1.80988652e-02j
-1.53467435e-02+4.95686767e-03j
-1.67197957e-02-4.17615982e-03j
-1.10394366e-03+1.95153854e-03j
-2.17882850e-02+1.17548422e-02j
-4.33336421e-03+1.13235164e-03j
-1.99642527e-02-4.24721242e-03j
8.23873464e-03+1.03501510e-02j
1.97460672e-04-7.63516887e-03j
-1.10315016e-02-5.26205936e-03j
-7.62893422e-03-2.66288189e-03j
4.00609934e-03-2.69986920e-03j
6.25627865e-03+4.80152046e-03j
-2.20348226e-02+3.30809395e-03j
-2.05009471e-02-1.17438834e-03j
-8.84174665e-03-5.97215727e-03j
4.83209603e-03-1.75150621e-02j
1.89143675e-02-3.21086593e-03j
1.17081923e-03+5.84798329e-03j
1.37085003e-02+2.65288174e-03j
2.49454536e-02-9.55344456e-04j
9.03800374e-03+3.15090188e-03j
1.75967734e-02-8.31433495e-03j
-9.26698522e-03+1.73181311e-02j
-3.40858820e-02+1.98731089e-02j
2.58621665e-03+1.31930887e-03j
-4.95117286e-03+1.08964910e-04j
-1.15143468e-02-1.27140227e-02j
-2.04341906e-02-1.64617466e-03j
-1.01022251e-02-2.40738635e-02j
3.50270384e-02-1.11093143e-02j
2.12038657e-02+2.28713185e-02j
1.61813265e-02+2.83931562e-02j
-1.91909110e-02-3.84728112e-03j
1.38901022e-02+2.04449579e-02j
-2.11247437e-02+5.10921406e-02j
-6.35210357e-02+1.00221936e-03j
-6.20361889e-02-1.13188043e-01j
9.08376644e-02-1.11347754e-01j
1.47442820e-01+3.86687651e-02j
1.70845420e-02+1.22250016e-01j
-9.48032839e-02+7.56192084e-02j
-7.94567457e-02-4.14420239e-02j
-6.53110747e-03-3.70976858e-02j
-1.12229802e-02-2.85423421e-04j
-1.12557145e-02-1.45025291e-02j
1.67789312e-02-2.47892559e-02j
3.80615608e-02+4.83460755e-03j
2.58701792e-02+1.31685452e-02j
-1.59969849e-02+1.20319586e-02j
-9.05718214e-03+5.14167969e-03j
2.21820771e-02+2.97724243e-03j
5.82415401e-03+1.01687165e-02j
-2.47645647e-02-3.77465748e-03j
-1.17420270e-03-1.86079794e-02j
5.75460243e-03-3.19243393e-03j
-1.84289019e-02+9.48198809e-03j
-8.96739527e-03-9.97472525e-03j
4.53317828e-03-2.29047096e-02j
-5.61238906e-03-2.11655447e-02j
1.25422667e-02+1.17699233e-03j
-1.81393890e-03+1.24878462e-02j
-3.99780542e-04+1.79952113e-02j
-2.61404557e-02+3.48158525e-04j
-1.54197564e-02+2.87559604e-03j
9.08243870e-03-9.91350961e-03j
8.69934731e-03+9.63892421e-03j
7.95135556e-03+1.46063656e-02j
-7.40668262e-03+1.59401419e-03j
-2.80884751e-02+2.71313547e-03j
-1.56776834e-02+6.48716326e-03j
-1.04886947e-02-2.29407611e-03j
-9.00978107e-03+1.08311160e-03j
8.05072109e-03-9.14591455e-03j
1.57119657e-02-3.64265348e-03j
5.37192682e-03-2.06455523e-02j
-1.01166388e-02+1.74963260e-03j
-5.36331986e-03-1.25552640e-02j
-3.97410764e-03-6.62171653e-03j
-1.07002066e-02-1.11213455e-02j
1.51453295e-02-1.08377271e-02j
6.78885599e-03-5.49106263e-03j
-7.48280045e-03-6.23831725e-03j
-1.61575450e-02-1.36360911e-02j
-8.90721442e-03-1.27869068e-02j
-1.77783306e-02-5.85383770e-03j
-1.30163547e-02-1.22491414e-02j
-3.26832426e-02-4.92636376e-03j
-2.95207605e-02-2.83802257e-03j
-2.33732483e-02-8.98345152e-03j
-1.77188189e-02+6.44823527e-03j
-1.45104646e-04+1.73817230e-03j
-2.31459601e-03+8.24933241e-03j
9.74894935e-03+4.86318251e-03j
1.83822626e-02-3.81691938e-04j
1.19763036e-02+5.77733996e-03j
-1.28026155e-03+6.92308134e-03j
-2.18189378e-03+1.15927040e-02j
-1.15021960e-02+8.41702559e-03j
2.20020075e-02-7.05090552e-03j
1.55259157e-03-6.70955742e-03j
2.38833317e-03-8.42151457e-03j
-4.39432537e-04+2.37504338e-03j
2.25539228e-03-3.31267277e-03j
2.86646648e-02-9.65360783e-03j
1.13068666e-02-7.45360374e-03j
-1.66320071e-02+4.02067268e-03j
2.01195038e-02+1.77216731e-02j
1.60998549e-02+1.77777443e-02j
4.27718948e-03+2.22466402e-03j
1.48889306e-03+1.83604387e-02j
1.28072290e-02+1.04344684e-03j
3.33418599e-02-1.43858903e-03j
2.66086997e-02-2.59583101e-02j
-7.72881205e-04-1.09405806e-02j
1.09216841e-02-1.54250485e-02j
-8.96197654e-03-3.42179278e-02j
-7.21513865e-02-4.04831870e-02j
-8.60816691e-02+5.66898576e-02j
1.27749282e-02+1.28041683e-01j
1.36627766e-01+4.45668591e-02j
8.06921305e-02-1.09028039e-01j
-7.53211636e-02-1.06676879e-01j
-9.31541624e-02-3.09423888e-03j
-7.20371862e-03+5.77997915e-02j
1.95505395e-02+1.11514146e-02j
-7.43359231e-03-1.26775325e-03j
-6.49202832e-03+4.64322660e-02j
1.05952407e-02+7.28467063e-03j
3.18904762e-02-1.67402027e-02j
-7.13665560e-03-7.97745819e-03j
1.85256389e-02-2.25024494e-02j
3.50945879e-03+2.22314284e-03j
4.71101017e-04-5.75039377e-03j
-1.87962166e-02-6.15003706e-03j
-9.06227719e-03+2.28083807e-02j
-2.63518026e-03+1.31197143e-02j
-1.13555118e-02-6.97319323e-03j
-2.73522093e-02+1.59548220e-03j
-6.18960958e-04+6.02853215e-03j
9.11018842e-05+7.98032979e-03j
1.07890311e-02-4.50215637e-03j
2.35550874e-02+4.88778005e-03j
-5.33475312e-03-1.94564816e-02j
-5.09998470e-03-6.43782806e-03j
-1.62640061e-02-7.63080766e-03j
-3.41134717e-03-3.28751510e-03j
-7.79704749e-03+7.03995418e-05j
4.30312134e-03-2.91929595e-03j
-2.05837395e-02-2.78638685e-03j
-2.74605335e-02-1.81494523e-02j
-1.18004097e-02-2.72799805e-03j
-9.86409012e-03+3.88206567e-03j
4.19639284e-03-1.74789713e-03j
1.08780933e-03-4.17809104e-03j
-7.42691827e-04+9.51622414e-03j
1.75094458e-02+6.83333939e-03j
5.64884657e-03+2.98325288e-02j
1.57992679e-02+5.82359013e-03j
1.96720599e-02-4.52746081e-03j
1.15442614e-02+1.50222059e-02j
1.19828484e-02+1.93190665e-02j
2.32843524e-02+4.74926192e-03j
7.18751355e-03+1.41098431e-02j
6.54260905e-03+1.22369567e-02j
4.25141865e-03+6.14687728e-03j
3.25113249e-03+1.55099424e-02j
-1.57111550e-02-5.03333812e-03j
-1.65407878e-02+2.10954189e-02j
-1.14520666e-02+1.37247204e-02j
-9.56854691e-03-1.16689687e-02j
-7.40665374e-03-6.56040777e-03j
-1.50521719e-02-6.28897011e-03j
3.89252729e-04+3.86354297e-03j
-5.88409942e-03-6.68254086e-03j
-4.83112686e-03+7.12593561e-03j
7.95258765e-03+8.01889680e-03j
-8.36000871e-03+3.70400840e-03j
-1.18783186e-02+9.14540914e-05j
-1.45103853e-02-3.15683133e-02j
-1.17712222e-02-6.00853895e-04j
1.51960632e-02+7.76974848e-03j
-1.14275842e-04+6.40847260e-03j
-1.01188335e-02+1.18991366e-02j
-8.64767086e-03+1.89180873e-02j
1.76701987e-02+6.33006356e-03j
-5.86282334e-03+1.66482118e-03j
-1.86260132e-02+2.39936962e-02j
-2.92228022e-02-3.26570482e-02j
-9.21586591e-03-1.12271670e-02j
1.49360343e-02+1.29722291e-03j
-2.36403390e-03-1.81716396e-02j
2.93847719e-02-1.49967681e-02j
4.00772961e-02-1.18853230e-02j
4.47531026e-02+3.79683701e-02j
-6.72550854e-03+2.33452626e-02j
-9.75074475e-03+1.38379165e-02j
1.52048954e-02+1.47681065e-02j
-3.60351663e-02+3.90504748e-02j
-1.06536513e-01-1.58426733e-02j
-3.85614697e-02-1.18871447e-01j
1.06260514e-01-9.24961106e-02j
1.38450868e-01+6.02300775e-02j
-2.65540484e-02+1.33043990e-01j
-9.44075756e-02+3.01179974e-02j
-7.06535324e-02-4.97597215e-02j
1.44852241e-02-4.19660406e-02j
-3.21545162e-03+7.91030916e-03j
4.90692129e-03+8.44517827e-04j
1.19874543e-02-1.49398898e-02j
3.07498767e-02+6.20748141e-03j
1.46161504e-02+2.48295305e-02j
-7.41840019e-03-1.28769583e-02j
3.29100562e-02-5.02297842e-03j
2.46528047e-02+1.88944953e-02j
-2.12446488e-03+9.41457048e-04j
-2.21617263e-02-1.53049183e-02j
-4.45738037e-03-2.26305695e-02j
-3.87016753e-03-1.16883647e-02j
5.82761119e-03+1.75250508e-02j
-4.07966900e-03-3.79650029e-03j
-1.39649202e-02+1.13085041e-03j
1.18353412e-02+5.81086924e-03j
-1.86840084e-03-7.53912603e-03j
6.70215492e-04+1.02628075e-02j
4.22447751e-03+2.73320443e-03j
-1.19015022e-03+1.28745773e-02j
-1.82188403e-03+1.58366966e-03j
-1.45760001e-02-3.01959929e-03j
-6.41543154e-03+1.84854916e-02j
1.09357840e-02+1.21533236e-02j
2.70733755e-02+3.00357692e-03j
-1.20644984e-02+1.07435793e-02j
-3.53557729e-03+1.94833368e-03j
-1.31541718e-02-8.03780199e-04j
-8.37235332e-03-1.31995881e-02j
-1.02481434e-03-9.61659895e-03j
4.97249513e-03-1.51218964e-02j
-1.73652858e-02-2.38100804e-03j
-1.30261863e-02-2.26510320e-03j
1.06298818e-03-1.18583192e-02j
-1.05745918e-02+2.56053966e-03j
-1.14560391e-03+8.28424346e-03j
5.94829258e-03-3.96105053e-03j
-9.72787936e-03+1.46338882e-03j
1.14660735e-02+1.66182530e-02j
1.68959426e-02-4.87855293e-03j
-1.42590042e-03-1.09699168e-02j
-2.28020610e-03-1.03853565e-03j
-1.85806967e-02-2.02823341e-02j
-6.74177935e-03+2.58813214e-03j
-1.13345396e-02+6.98518715e-03j
-3.54810532e-02+1.36622658e-02j
-1.98677670e-02+8.30011391e-04j
-1.69412187e-02+4.35194365e-03j
-9.11114937e-03+1.09069855e-02j
4.37424823e-03+3.52725221e-03j
1.16040029e-02-5.56728327e-03j
3.63940496e-03-7.08409563e-03j
1.60113714e-02+1.75349672e-02j
1.34006249e-02+9.89366263e-03j
2.22004832e-02+1.48997320e-02j
6.36110225e-03+1.54457544e-02j
7.76368233e-03+3.14108598e-04j
4.66047058e-03-1.37090540e-02j
-2.00673321e-02-9.17197774e-03j
-2.06300987e-02-9.53862790e-04j
-9.35814711e-03-2.10196554e-02j
-2.91510214e-03-2.00688716e-02j
-2.74612154e-02+3.50601393e-03j
-1.68886765e-02+1.49263391e-02j
1.31038126e-02+5.83067740e-03j
2.57582639e-02-3.52992485e-03j
3.00243754e-02+4.95903388e-03j
5.81657771e-03+2.47267490e-02j
2.81252753e-02-6.78843110e-03j
4.61462786e-03-1.33825765e-02j
-3.19180284e-02-4.70359311e-03j
-1.21481485e-02+4.16475350e-03j
-1.83759389e-02-3.90596109e-02j
-6.00860014e-02-4.58080277e-02j
-6.99770531e-02+7.05637640e-02j
3.98502450e-02+1.37068448e-01j
1.60718977e-01+1.72172207e-02j
1.01786421e-01-1.27941752e-01j
-6.42383288e-02-9.79398443e-02j
-1.03461277e-01+2.29524166e-02j
-1.48561449e-02+4.96393384e-02j
2.61185604e-02+8.78529776e-03j
-4.11182031e-02+7.68801942e-03j
-4.24629506e-02+2.08014826e-02j
1.09637572e-02-7.39989214e-03j
3.58562692e-02-1.35274243e-02j
-4.82751728e-03-5.76147675e-03j
1.02410512e-02-2.93885800e-03j
4.25552501e-02+6.55903231e-03j
2.85663769e-02-2.60941113e-02j
-1.26614413e-02-1.64886505e-02j
-3.05700034e-02+2.51538292e-02j
9.75695549e-03+5.54036361e-04j
1.72926593e-02+5.33021321e-03j
-3.91700766e-02+3.23898105e-03j
-3.93222424e-02+3.97139862e-03j
1.23861507e-02+6.83552909e-03j
2.53982261e-02-8.18112558e-05j
5.30359841e-03-3.47781679e-03j
2.86090293e-02-1.07053704e-02j
6.28590777e-02+7.19896837e-04j
2.13192038e-02+1.21191035e-02j
-1.02870009e-02-3.79539737e-03j
1.75956568e-02-1.34320438e-02j
-8.21734370e-03-7.59446483e-03j
-7.87046294e-02-7.71807352e-03j
-6.55654488e-02-7.48450631e-03j
-1.55770336e-02-3.84644129e-04j
5.34786624e-03-7.69748142e-03j
-3.20471185e-02+1.12625296e-02j
3.18205018e-02-5.18319602e-03j
1.09117352e-01+1.01019306e-02j
2.32495005e-02+1.57615543e-02j
-2.05244545e-02+2.25037270e-03j
1.30138744e-02+3.16449040e-03j
-8.76195016e-03+1.73222496e-02j
-9.37501702e-02-2.62759232e-03j
-7.35546643e-02+8.42256362e-03j
2.32536016e-02+3.62709803e-03j
-4.08865414e-03+6.93956927e-03j
-2.64046361e-02+4.52019899e-03j
1.17395746e-01+6.28347343e-05j
1.96055026e-01+2.02974170e-03j
8.14600874e-03-3.46476966e-04j
-5.41937488e-02+9.83174862e-04j
7.23778917e-02+9.65239950e-03j
-1.11237456e-01-1.03917876e-02j
-6.02919390e-01-2.91478173e-02j
-4.17011851e-01-1.08423240e-02j
5.70318148e-01-1.35130063e-02j
9.63807880e-01+3.65509888e-03j
1.79520958e-01-9.94803296e-03j
-6.08241895e-01+6.45229252e-03j
-4.27386847e-01-7.53444472e-03j
3.43484816e-02-4.33163303e-03j
5.39973255e-02-5.47410787e-04j
-4.70920992e-02+6.38426601e-03j
1.04851185e-01+4.85638076e-03j
2.08096094e-01+1.14127827e-02j
2.53455071e-02+1.61017972e-02j
-4.74062361e-02-8.95013971e-04j
2.98182282e-02+1.53427293e-02j
-1.12172491e-02+9.30338366e-03j
-1.21647252e-01+1.23616617e-02j
-9.14298216e-02-7.20762662e-03j
1.46054497e-02+3.45541357e-03j
7.95783649e-03+1.52391641e-03j
-2.62577321e-02-1.36886883e-05j
5.41650072e-02-6.93147264e-03j
1.06684932e-01-5.50370390e-03j
3.50024925e-02+1.63328645e-02j
-1.31533945e-02+1.10346332e-02j
2.52873894e-02-3.34608907e-03j
1.92358283e-02+4.08294301e-02j
-9.80486662e-02+5.95650908e-02j
-1.45233696e-01-2.85045853e-02j
-2.54515290e-02-1.24714098e-01j
1.22309163e-01-9.08247943e-02j
1.15173767e-01+7.15197632e-02j
-1.04603574e-02+1.27482348e-01j
-4.02174859e-02+3.42596196e-02j
-4.11523501e-02-5.61497270e-02j
1.46859978e-02-2.90967193e-02j
-3.52967535e-03+1.20355803e-02j
-2.06870355e-02-1.00797399e-02j
-2.37087761e-02-3.73293472e-02j
-1.67233537e-02+9.78539127e-03j
1.88451138e-02+3.17334825e-02j
-3.88631402e-03-1.02882491e-03j
-2.29097138e-02+4.05557782e-04j
2.30145038e-02-4.18846594e-03j
3.91126071e-02+1.58952443e-02j
1.03529480e-03+1.09819628e-02j
-5.64617707e-03-1.29387611e-02j
1.46900153e-02-1.31615233e-03j
-4.79893627e-04-6.54401814e-03j
-2.50185557e-02-1.40978710e-02j
-2.42380863e-02-2.69514530e-02j
6.26516875e-04-1.53708164e-02j
1.95844229e-02-4.46042824e-03j
-1.34028028e-02+2.99755364e-02j
1.80494896e-02+2.53473704e-03j
3.61433785e-02+2.36601577e-03j
1.17725797e-02+6.57898550e-04j
-1.32186155e-02+5.29131854e-03j
4.64094831e-03-3.83452317e-03j
-5.60131385e-04+2.60341247e-02j
-8.18219681e-03-2.36360660e-03j
-2.35190374e-02+6.73162083e-03j
-3.86455335e-02+9.31671988e-03j
-9.77503217e-03-2.94669890e-03j
5.47917664e-03-1.27760075e-02j
-1.23879124e-02-4.54421087e-03j
-4.54961147e-03-1.24543451e-02j
3.39291427e-02-2.49413842e-02j
2.53741808e-02+4.53523701e-03j
6.68877326e-03-1.94917640e-02j
-9.17215613e-03-6.20849659e-03j
9.11361724e-03+7.81274589e-03j
4.53187510e-03+4.76016651e-03j
-1.16231984e-02-1.46150873e-02j
-2.97567761e-02-4.03699464e-03j
7.31633219e-03-2.03090815e-02j
-3.71069499e-03-2.67665995e-03j
6.18689203e-03-1.86959676e-02j
-7.26251760e-03-8.29579272e-03j
-8.61916538e-03-1.31366143e-02j
1.21695343e-02-1.21577775e-02j
2.96541989e-03+5.43027289e-03j
-3.22665081e-02-1.55374537e-03j
-1.73951201e-02+9.85692648e-03j
9.06578008e-03-9.28389900e-03j
3.64790700e-03-6.76308772e-03j
-6.81737792e-03-6.19591097e-03j
-2.98266255e-02-7.81567959e-04j
-4.21227194e-03-3.79436797e-03j
1.47777400e-02+5.10149903e-03j
2.16609245e-02-4.45228152e-04j
8.17730116e-03-2.81616223e-03j
1.03262818e-02-2.10034520e-02j
1.87645092e-02-1.73619605e-02j
1.11264234e-02+1.76487718e-03j
-9.55224659e-03+2.42375581e-03j
3.54859554e-03-2.02697128e-02j
-1.19402942e-02-9.51500975e-03j
-1.70961431e-02+2.00163194e-04j
6.70656269e-03+4.27563315e-03j
-8.72089421e-03+1.62382784e-02j
-3.28463044e-02+8.94033067e-03j
-1.92522914e-02+9.17956013e-04j
1.66533530e-02+1.92829766e-02j
4.17578172e-02-1.73650866e-02j
5.15536879e-03-2.40368612e-02j
-1.19690269e-02-1.38059177e-02j
2.59115460e-02-3.46472512e-03j
1.12618267e-02-4.19201940e-02j
-6.72351577e-02-3.24477460e-02j
-7.99369345e-02+7.24786770e-02j
6.88361336e-02+1.33631067e-01j
1.41001281e-01+2.22430902e-03j
6.53800480e-02-1.25004629e-01j
-8.16698240e-02-7.01955041e-02j
-9.39061566e-02+3.54066958e-02j
-1.48703870e-03+3.33718573e-02j
-3.49612084e-03+3.78149291e-03j
-2.82017337e-02-7.46898431e-03j
6.48531908e-03+3.43922753e-02j
3.85810100e-02+5.70236225e-03j
3.13461585e-02-1.67152939e-02j
-8.84725415e-03-2.33673122e-02j
-7.78205025e-03+1.11855549e-03j
1.07382179e-02+6.67541098e-03j
-9.61343417e-04-2.13571762e-02j
1.56593352e-02-1.83926202e-02j
-7.02003149e-04+1.49715394e-02j
-9.40289402e-03+1.12490528e-02j
-1.38716280e-03+3.38965104e-03j
-7.78315624e-03+6.59988392e-03j
3.97054661e-03-1.48727560e-03j
6.20431261e-03+2.14643694e-02j
7.37031519e-03+7.30538240e-03j
-2.58779074e-03-1.29949431e-02j
-2.02048109e-02-1.09701035e-02j
-9.21067211e-03-1.69974513e-02j
-3.01607711e-02-9.62748576e-04j
-1.04708532e-02-1.51915524e-02j
-4.15695310e-03-1.18540917e-02j
-6.78885019e-03-7.99553644e-03j
6.64453161e-03-1.74208460e-02j
-1.34379241e-02-3.78391823e-03j
-2.41569408e-02+1.62155460e-03j
-1.20142503e-02+7.17906734e-03j
3.85980151e-03+9.47244774e-03j
1.07582802e-02+2.21111379e-02j
1.14117025e-02-1.31341488e-02j
5.68394022e-03+1.46563111e-02j
6.69315439e-03+2.55893374e-03j
-8.14778203e-04-6.61725133e-04j
-2.02128640e-03+1.13127964e-02j
-3.53385137e-04+2.19301253e-03j
-9.92090746e-04+3.55516472e-03j
-6.28120538e-03-2.61516194e-03j
6.75921498e-03+1.08539496e-02j
1.40016523e-03+4.09461351e-03j
1.05839422e-02+1.95238312e-02j
1.98354415e-03+7.79253622e-03j
-1.68620906e-02+1.66695949e-02j
-3.28523788e-02+1.06012598e-02j
-1.95364099e-02+1.01089968e-02j
1.58723098e-03-4.95066843e-03j
-2.56300213e-02-4.86541908e-03j
-3.65766301e-03-2.29247848e-03j
7.83085672e-03-7.14339689e-03j
-1.17020418e-02-2.57428170e-03j
-1.59149064e-03-1.04617198e-02j
6.25968823e-03+4.17818748e-04j
-1.31798932e-02-2.18859405e-03j
-3.95891653e-03-1.90238261e-02j
1.69850404e-02-1.85591582e-02j
1.85420814e-02-1.38885964e-02j
7.61945815e-03+1.27194624e-02j
1.35884087e-02+1.19616350e-03j
-1.81214226e-03-1.32672177e-02j
4.58147987e-03-4.18685132e-03j
1.16230853e-02+4.56047357e-03j
1.98581499e-02+4.47239743e-03j
-1.04087906e-03+2.36071885e-02j
-3.76824143e-03-2.71951024e-02j
2.66150575e-02-1.93883618e-02j
-2.71690618e-04-1.34865815e-02j
1.46455631e-03+1.89312926e-03j
1.84105207e-02-6.83545930e-03j
4.07454816e-02-3.98428268e-03j
1.41660302e-02+3.10802640e-02j
-8.57654701e-03+1.13061132e-02j
2.52925909e-03-7.54761241e-03j
1.37468684e-02+3.69786945e-02j
-3.65745583e-02+6.23119361e-02j
-9.36591168e-02-3.17149126e-02j
-2.06223568e-02-1.33980489e-01j
1.31808315e-01-6.87867811e-02j
1.03519776e-01+9.66288071e-02j
-2.30722943e-02+1.36669567e-01j
-1.03035866e-01+1.49969110e-02j
-3.57367006e-02-6.09539326e-02j
1.38891597e-02-3.05610413e-02j
-8.18860999e-03+1.04912107e-02j
-9.13359940e-03-1.56427981e-02j
4.11879809e-02-1.20717113e-02j
2.48249701e-02+8.20988041e-03j
6.59389067e-03+3.18487993e-02j
-8.91110954e-03+2.67322701e-03j
1.41186769e-02+3.89419097e-03j
1.35706093e-02-2.29823847e-04j
-2.28157847e-02+2.63712356e-02j
-1.47606626e-02-8.92154173e-03j
-2.04040215e-03-1.01869232e-02j
-1.36158115e-02-6.05185808e-03j
1.80583712e-02-5.02193456e-03j
6.04758323e-03+3.99458253e-03j
-2.60536532e-03-1.10473418e-02j
1.38700133e-03-1.43390194e-02j
1.99334948e-02+3.54022378e-03j
1.01209555e-02+9.63492142e-03j
-1.47815973e-02+4.46354744e-06j
-6.22832149e-03-3.50627571e-03j
-2.76934411e-03+8.26989069e-03j
-1.95914045e-02-6.77869377e-03j
2.60904257e-03+8.08044111e-03j
-3.67106394e-03+7.47629006e-03j
1.49683357e-02-5.57826932e-03j
-2.48173447e-02-1.58002627e-02j
1.90462845e-03+4.93864903e-03j
8.86517612e-03-3.71505975e-03j
1.71767591e-03+7.76658431e-03j
3.48050168e-03-7.97378499e-03j
5.15392601e-03-1.94201427e-02j
1.32300053e-02-3.81352394e-03j
1.48606068e-02-8.75970938e-03j
2.98553854e-02+1.04892665e-02j
1.32340054e-02-3.38042538e-03j
2.49642682e-02-1.47227503e-02j
5.11814704e-03-1.58335847e-02j
1.35557457e-02-8.01882646e-03j
9.12872467e-03-5.08444630e-03j
-1.51095373e-02+6.33447826e-03j
-1.42550537e-02-1.00967604e-03j
-7.68313529e-03-1.66669003e-02j
-2.59017197e-02-4.39046526e-04j
-1.38787571e-02-1.36888443e-02j
-1.41245612e-02-1.08007143e-02j
-8.26557906e-03+6.82613357e-03j
-7.92122630e-04+1.46131817e-02j
9.50423904e-03+3.68438083e-03j
4.94512825e-03+7.37238066e-03j
1.22036078e-03-9.29379730e-05j
5.37184054e-03-3.68254885e-04j
1.58923925e-02+7.24519977e-03j
-1.66830765e-02+8.40061476e-03j
-1.54126814e-03+1.06238982e-02j
2.44634895e-03+2.21611121e-02j
-8.99266556e-03-2.91709997e-03j
-1.06854826e-03-1.43600428e-02j
-8.13101846e-03-5.98012429e-03j
5.89158798e-03+1.46896945e-02j
1.20834973e-02-2.42519568e-03j
-7.30610773e-03+1.00572452e-02j
-1.92297576e-02-1.85025787e-02j
-2.33275470e-02+2.45537821e-03j
-1.49375688e-02+2.04858019e-02j
-1.66509009e-03+2.18115772e-02j
2.00508699e-03+1.05054907e-02j
8.01574163e-03+3.90282982e-03j
4.34069578e-02+2.54250684e-02j
3.65770877e-02-2.83878024e-03j
7.18281740e-03-2.85664374e-02j
-2.22720629e-02-1.22584116e-03j
6.93760640e-03-8.47639049e-03j
-6.81815422e-04-4.26909571e-02j
-8.19065118e-02-1.31708971e-02j
-7.44413913e-02+9.63836503e-02j
7.83448761e-02+1.14706721e-01j
1.39808755e-01-1.36602329e-02j
1.54638476e-02-1.23709324e-01j
-1.08259047e-01-6.46566874e-02j
-8.83030254e-02+4.29757395e-02j
-1.70054561e-02+3.35621254e-02j
8.52795304e-03+5.01564759e-03j
-1.28369693e-02+3.95557266e-03j
1.56527967e-02+2.52049853e-02j
3.34545833e-02+5.85383292e-03j
3.62029248e-04-1.94194619e-02j
9.20134004e-04-6.48385300e-03j
1.10355454e-02+8.39830406e-03j
8.51844485e-03-1.66334855e-02j
1.08133548e-02-2.63940749e-02j
-8.54466522e-03+3.17849021e-03j
-1.03457501e-02+1.75486185e-02j
-6.76628646e-04-3.74834220e-03j
3.26140583e-03-8.31346279e-04j
3.65280887e-03+3.31091430e-03j
-3.84696610e-03+6.80241882e-03j
1.61305592e-03+4.10184590e-03j
5.18698081e-03+7.79107041e-04j
-2.31864029e-03-5.86841542e-03j
-2.10937313e-02+1.27159783e-03j
8.47052712e-04+5.88289279e-03j
1.74527044e-02+1.08848845e-02j
-2.76574452e-03+1.42815239e-02j
6.61364530e-03+5.80245379e-03j
2.27405240e-02-3.85938269e-03j
2.94437866e-02+1.18346638e-02j
1.24776541e-03-5.79577860e-03j
-2.00901691e-04+4.78734271e-03j
-4.69759392e-03+4.72422896e-03j
5.32974688e-03+1.19193122e-03j
1.48248608e-02-1.17547462e-03j
-9.43006005e-03-1.44076770e-02j
-1.35726031e-02-3.06217040e-03j
-1.56567263e-02+1.76574068e-02j
1.68551682e-03+1.03187801e-03j
-1.63803439e-03+7.49792296e-03j
1.52918103e-02-1.87143655e-03j
-1.28746352e-02+2.33235030e-02j
-1.22343795e-02-1.62714063e-02j
1.60878794e-02+1.57076783e-02j
2.30560242e-02+8.36211997e-03j
4.16554232e-03+2.23687972e-03j
-2.84473346e-03+2.47792733e-03j
-2.12368202e-02+2.37910864e-02j
-6.34066162e-03+5.85598013e-03j
-6.85590299e-03-9.57326595e-04j
-2.49382881e-02-8.49430946e-03j
-3.88968688e-02-1.01914762e-02j
-1.48307226e-02-6.52390681e-03j
-2.26270531e-03-7.03862835e-03j
1.43847675e-02-8.95655032e-03j
-2.51713766e-03+1.09474035e-02j
-5.29065383e-03+8.66052222e-03j
2.35356274e-02-1.47033486e-02j
3.61661090e-02-3.79742849e-03j
6.14007789e-03-1.95779719e-02j
-2.73798084e-03-7.68231489e-03j
1.74646064e-02+7.58116960e-03j
1.31479642e-02+1.13662430e-02j
-9.72112051e-03-3.52280831e-03j
-2.40640609e-02-1.73371132e-02j
-9.32778419e-03+3.41938683e-03j
1.01969812e-02+1.77183148e-02j
-1.80136568e-02+5.06819406e-03j
-2.28653755e-02-1.65749176e-02j
1.66025455e-03-2.16615219e-02j
4.23318779e-02-1.68135140e-02j
2.34992823e-02-1.98019406e-02j
6.33493664e-04-1.71494112e-02j
2.56023588e-02-1.53759070e-02j
3.04054525e-02+2.10147202e-02j
-1.72645857e-02+4.88845214e-03j
-2.11504844e-02-1.80719651e-03j
-8.09932557e-03+2.28602844e-02j
-3.19635438e-02+5.55088242e-02j
-1.09860073e-01-4.17470941e-02j
1.28836307e-03-1.34819577e-01j
1.47851125e-01-4.74307889e-02j
1.25681831e-01+9.72893318e-02j
-2.57577026e-02+1.01543042e-01j
-1.07955018e-01+1.15881711e-03j
-3.05262814e-02-5.53876853e-02j
2.57586108e-02+2.72742007e-03j
-1.68202334e-02+4.42606734e-03j
-4.10937311e-02-1.93697505e-02j
3.23105185e-03-1.26952610e-02j
2.65232354e-02+1.52380922e-02j
1.71222298e-02+2.88489036e-02j
-1.06517388e-02+1.66588687e-03j
3.75465552e-02+5.58374012e-03j
4.21128450e-02+2.97818431e-02j
-1.62705662e-02+7.62878699e-03j
-4.57692517e-02-7.32933050e-03j
8.56055164e-03-2.72239529e-02j
1.01062103e-02-4.19651524e-03j
-2.74571520e-02+1.07087760e-02j
-4.38321689e-02-1.00202368e-02j
6.76832050e-03-9.36451543e-03j
4.07273432e-02-4.46115552e-03j
-1.35456197e-02-2.66848450e-03j
2.25502237e-02+2.48396164e-02j
6.45027701e-02+1.24859323e-02j
1.92303738e-02+6.59273932e-03j
-8.01059617e-03-1.30212646e-02j
-1.56493711e-03-6.79567786e-03j
3.02468958e-03+3.54052169e-03j
-5.22085939e-02-3.22107990e-03j
-6.17220756e-02-9.88365106e-04j
5.74449355e-03-5.55603029e-03j
1.35138436e-02+6.86596021e-03j
-2.83011442e-02-2.07385617e-02j
1.82367897e-02-2.69850749e-03j
8.91870128e-02-1.02252769e-02j
3.22163711e-02-5.01051758e-03j
-1.95963404e-02-1.40576784e-03j
7.99537604e-03+2.22120354e-03j
1.57182158e-02-2.08578423e-02j
-8.53896808e-02-4.94006156e-03j
-1.15444719e-01-7.05192837e-03j
-3.05338876e-03-4.34680853e-03j
2.92421200e-02-1.90275969e-02j
-3.74648947e-02-3.47037336e-03j
7.79074598e-02-8.26239877e-03j
2.03781266e-01+6.57354485e-03j
5.98673109e-02-1.34456404e-02j
-9.77816810e-02-1.05441259e-02j
5.06055048e-02-2.28554950e-03j
-1.05991997e-02-5.41858829e-03j
-5.05720931e-01+6.04262536e-03j
-5.82604300e-01-7.95593742e-03j
3.09733882e-01+8.38188257e-03j
9.98638082e-01+1.26254897e-02j
4.35420271e-01+1.66212560e-02j
-5.02435856e-01-1.51575629e-03j
-5.47822689e-01-4.80196305e-03j
-4.27230686e-02+1.88145027e-02j
9.19270804e-02-9.53191128e-04j
-6.80605717e-02+3.08767801e-03j
5.59497513e-02+5.39617536e-03j
2.09681958e-01-1.42346802e-02j
8.63513920e-02-1.66616478e-05j
-4.05770692e-02+1.26745270e-02j
2.30231088e-02+1.13677782e-02j
1.29078540e-02-2.29065492e-02j
-1.09394845e-01-4.32486146e-03j
-1.33306346e-01+1.34295971e-03j
1.52467181e-02-2.98079638e-03j
3.47002783e-02+1.57844838e-02j
-3.53297853e-02+1.04914986e-02j
5.13208618e-03+2.01820049e-02j
1.26998223e-01+4.86301648e-03j
7.13096265e-02-8.16994067e-03j
-3.80646691e-02-3.96170468e-02j
-2.95846583e-03-1.16963985e-03j
2.17747304e-02-1.29433136e-02j
-7.23749314e-02-4.44681760e-02j
-1.48909436e-01-1.27127099e-02j
-3.44241844e-02+1.10840458e-01j
9.96977479e-02+1.07547226e-01j
1.10534914e-01-2.59786865e-02j
4.32667567e-02-1.44659643e-01j
-4.96254119e-02-6.40172062e-02j
-2.42005164e-02+4.29195803e-02j
2.15282534e-03+3.03370712e-02j
3.30649798e-03-1.23442934e-02j
-1.20657673e-02+1.90571627e-02j
-3.95808332e-02+1.91484786e-02j
-4.61917060e-03+8.07345184e-03j
5.33459398e-03-2.48804370e-02j
-5.33067770e-03-4.39737065e-03j
-2.35352707e-02-2.66297055e-03j
1.54457967e-02-6.52628461e-03j
3.88204314e-02-1.33926947e-02j
3.74873555e-03-2.33795382e-03j
-9.42376529e-03+2.38551640e-02j
-3.16396640e-03+1.67533613e-03j
8.81682164e-03+9.41985955e-03j
-1.40184132e-02+1.30201135e-02j
-3.95424476e-02+5.74981987e-03j
-1.88659472e-02+1.55025550e-02j
3.68422317e-02+1.59568160e-02j
4.90162803e-03-6.56145658e-03j
-4.66802880e-03-8.20252906e-03j
2.13802394e-02-3.67626735e-03j
2.41800296e-02+2.66671181e-03j
2.04629547e-02-4.59974276e-03j
-2.25750136e-03-8.76255631e-03j
-2.07135777e-03-9.01514089e-04j
-1.40045517e-02+8.50833176e-04j
-1.61879277e-02-1.20634211e-02j
-3.59109682e-02-1.16315728e-02j
-1.49338700e-02+8.13838182e-03j
1.35225090e-02+3.70423174e-03j
-1.41711485e-02+4.94990603e-03j
-8.28800313e-03+1.01853349e-02j
1.68463626e-02+1.22882468e-02j
3.74729891e-02+7.63085699e-03j
1.01298294e-02+3.50980734e-03j
-9.47299588e-05+2.16009774e-02j
-3.84533658e-03+2.70563234e-02j
1.00740641e-03+1.01637091e-02j
-4.75469527e-03+1.80202896e-02j
-2.43490572e-02+6.99005817e-03j
-1.99368135e-02+2.96166914e-03j
-6.03330681e-03+2.32530572e-02j
3.78327375e-03+9.38581012e-03j
1.05553850e-02+1.46717149e-02j
2.07218101e-03-9.79703446e-03j
1.10043882e-02+6.31108693e-03j
1.13207986e-02+7.34556832e-03j
-9.05444339e-03-4.51113328e-03j
2.65822489e-03-4.63568622e-03j
8.99571693e-03-1.31436866e-02j
9.32935246e-03-2.58906062e-02j
-7.16101558e-03+2.21640718e-03j
3.12184476e-03-2.44768868e-03j
-5.45497854e-03+3.34504611e-03j
6.67582530e-03-2.14025310e-02j
1.86859899e-02-1.01027483e-02j
1.15391966e-02-7.09965742e-04j
8.65661018e-03-8.71104921e-03j
1.88247269e-02+7.30868217e-03j
8.07717834e-03-5.15483526e-03j
7.70513354e-03+5.10505455e-03j
-1.31424509e-04-2.01995355e-03j
-2.47954081e-02+1.73643129e-02j
-9.74057381e-03+1.29464995e-03j
-3.29011187e-03-2.01139163e-02j
-1.00777437e-02+3.28838613e-03j
-1.58606313e-02-1.32157679e-02j
-3.29845321e-02-1.23622418e-02j
1.95454869e-02-1.80202315e-02j
3.25173324e-02+4.49632107e-03j
1.96950246e-02+8.77752738e-03j
-1.01267757e-02+1.93702086e-02j
3.15353700e-03+1.27256027e-02j
3.53430699e-02+4.19112550e-02j
-5.58787833e-02+4.50484769e-02j
-6.91164853e-02-6.23456194e-02j
1.73576104e-02-1.33436381e-01j
1.32347317e-01-3.97509900e-02j
1.07333259e-01+1.03999642e-01j
-6.11727505e-02+1.06940280e-01j
-9.30291526e-02-3.37926653e-03j
-1.79271904e-02-6.38320184e-02j
2.58948648e-03-1.44489169e-02j
-1.58991585e-02-4.00602802e-03j
6.94866434e-06-3.56318816e-02j
1.71097347e-02-9.52319526e-04j
4.53625202e-02+2.97192361e-02j
-5.88500985e-04+2.98780262e-02j
-5.10559182e-03-8.98687937e-03j
1.02378752e-02+1.81835834e-02j
2.26443051e-02+2.35134494e-02j
3.31884815e-03+9.46373929e-03j
9.18639217e-03+5.00333387e-03j
5.58676784e-03-2.98330323e-02j
-4.02174742e-04-9.47828319e-03j
-4.45821787e-03+2.42134436e-04j
-6.81320002e-03-3.00430872e-03j
1.07721190e-02-6.46267544e-03j
-8.95957150e-03+8.17627559e-04j
7.17376948e-03+2.11397167e-02j
-1.62782691e-02+3.86346644e-03j
-1.95771639e-02+2.72044307e-03j
-1.93924190e-02+3.20145142e-03j
1.14650294e-03+2.49860668e-03j
4.30938677e-03+7.11182168e-03j
9.91328919e-03+1.45190909e-02j
9.11632693e-04+1.11112048e-02j
-2.43397622e-02+6.36824207e-03j
-5.08080403e-03+5.67466130e-03j
-1.25475825e-02-1.32079805e-03j
5.22527892e-03-1.67503000e-02j
1.01003806e-02-1.37335012e-02j
7.56397587e-03-6.91979188e-03j
1.85512735e-02-2.59163212e-03j
1.03605162e-03-1.36329367e-02j
-1.13062819e-02-1.12581143e-02j
8.63355527e-03-6.19848084e-04j
-5.05174851e-03+3.20668631e-04j
4.55679636e-03-1.59677466e-02j
5.84430480e-03-2.14231703e-02j
1.71054222e-03-8.41350190e-03j
3.55898635e-03-1.15021403e-02j
1.63980664e-03-2.15440298e-02j
-1.98515117e-02-1.06170100e-02j
-3.00701215e-02+1.80960977e-03j
-2.25295964e-02-9.72013818e-03j
-1.96189114e-02-4.18942982e-03j
-2.14971546e-02+1.37417709e-02j
-5.02986132e-03+2.24131532e-02j
-1.79598848e-02+1.31879495e-02j
5.07286688e-03+9.65845768e-03j
-5.89507171e-04+2.94260370e-04j
2.10818312e-02+1.34770948e-02j
1.41725567e-02+4.06345665e-03j
-4.30326196e-04-3.92193927e-03j
-1.65345692e-02+1.39396830e-02j
7.70673426e-05+7.24633065e-03j
2.86910921e-03-6.77955522e-03j
8.17915864e-03-2.88254428e-03j
-3.23024938e-03-1.12330667e-02j
1.33098765e-03-2.83351848e-03j
1.29112971e-02+2.63635045e-04j
2.04968112e-02-4.29609631e-03j
8.59043997e-03-1.93950541e-02j
-1.05949554e-02-1.68621648e-02j
-2.20475435e-03+1.60917521e-02j
3.86179754e-03+4.26409053e-03j
1.48713473e-02-1.71603593e-04j
1.32156455e-02+1.61679331e-02j
-5.27319464e-03+7.07610800e-03j
3.53339674e-02+1.48429651e-02j
2.07436356e-02-1.64572123e-02j
-1.06162332e-02-3.94541474e-02j
-9.99307967e-03-1.63498486e-03j
3.02468440e-03-1.57433703e-02j
-2.78771963e-02-3.99738817e-02j
-1.01553227e-01+1.58498442e-02j
-5.68719342e-02+1.31968707e-01j
1.04540958e-01+1.14351891e-01j
1.22336389e-01-4.89328992e-02j
-1.22526744e-03-1.39583761e-01j
-9.75224051e-02-5.25844046e-02j
-6.58473024e-02+4.04275294e-02j
9.38373744e-03+5.07851300e-02j
-9.54657824e-03+5.60189862e-03j
2.42096089e-03+1.75905957e-02j
2.08836377e-02+3.19552940e-02j
2.50161327e-02-5.70809349e-03j
-1.48724901e-02-1.13118307e-03j
3.12263939e-03-2.83557403e-03j
-3.20605062e-03+1.92790160e-03j
-1.49592669e-02-1.32392657e-02j
-1.59196922e-02-1.30427464e-02j
-1.66983836e-02+1.58712871e-02j
-1.36182985e-02+1.66794673e-02j
-1.81448725e-02+9.43391517e-03j
-1.39892401e-02-2.37815290e-03j
7.64303270e-03+5.82918050e-04j
1.16555565e-02+8.64593487e-03j
1.41414981e-03+1.19936236e-02j
9.33342277e-03-3.52174001e-03j
1.21618571e-02-2.28017647e-03j
-7.54328631e-03+1.77680671e-03j
-5.44322398e-03+2.69065293e-03j
-4.08504583e-03+6.11086651e-03j
-3.87415503e-03-1.00655624e-02j
6.11449925e-03-1.45122313e-02j
-4.18327129e-03-7.29781907e-03j
-1.53315734e-03-1.56509564e-02j
-2.84470220e-03+7.63195111e-03j
-5.83973195e-03+7.67853401e-03j
-1.79147949e-02-7.35534903e-04j
-3.90958310e-03+6.89427730e-03j
-1.03918093e-03+1.76658091e-02j
1.52305272e-03+2.16264978e-03j
1.87613542e-04+2.41586554e-03j
3.43210490e-03-4.63225813e-03j
1.44409507e-02-5.90639847e-03j
6.91756749e-03+1.17709377e-02j
8.95202409e-03+6.98551023e-03j
1.96809740e-03-2.50153111e-03j
2.25176003e-02+8.24585356e-03j
1.67241468e-02-2.85312125e-03j
1.42742115e-02+9.60694434e-04j
4.90807742e-03+2.92356996e-03j
-7.03222026e-05+6.79454820e-03j
-1.43944556e-03+4.95796448e-03j
8.27642123e-04+1.23941962e-02j
1.26193860e-03+1.69222517e-02j
-2.83750269e-02-3.50073176e-03j
5.54846838e-03-4.36050011e-03j
2.55356935e-03-4.64439168e-03j
-1.11018664e-02-3.20273064e-03j
8.18798507e-03-1.05369643e-02j
-2.15922394e-03-5.85937411e-03j
-1.14637718e-02+2.76420569e-03j
-8.46702888e-03-1.44014458e-02j
-2.96364737e-03-1.44577849e-02j
-7.63031310e-03-1.54167260e-02j
-9.99413473e-03-3.56170552e-03j
1.60476066e-03+6.29275056e-03j
-7.36939799e-03+3.76583145e-04j
-5.51069771e-03-2.99308672e-03j
1.90224516e-02-5.84493252e-05j
9.67619184e-03+4.61677490e-03j
-4.83958263e-03+1.27029251e-03j
-1.46547727e-02-1.36527784e-02j
-1.02801769e-02-2.10156433e-02j
-1.10512037e-02-2.08675928e-03j
-8.49189195e-03-1.38001778e-03j
7.62258167e-03-1.68499977e-02j
4.58213194e-02-4.04785751e-02j
4.67706768e-02+8.22962496e-03j
1.54486418e-02+3.24689880e-02j
-1.27644705e-02+1.69348554e-02j
7.66425098e-03+1.02553853e-03j
-1.49499278e-02+2.96740920e-02j
-6.49648644e-02+4.56698428e-02j
-8.63163490e-02-6.12034371e-02j
3.53337286e-02-1.35802953e-01j
1.57397969e-01-1.19945222e-02j
6.85246180e-02+1.28708891e-01j
-9.32093004e-02+9.16700036e-02j
-1.05032842e-01-2.74547018e-02j
-7.58085125e-03-4.20899997e-02j
9.77459121e-03-7.94219846e-03j
-5.95401403e-03-1.28818333e-02j
6.35972561e-03-2.32988086e-02j
2.40614328e-02-2.37916106e-02j
2.18463859e-02+2.02067568e-02j
1.10303718e-03+1.41286330e-02j
-1.12433502e-02+2.66027314e-03j
1.23949798e-02-2.81699922e-04j
2.28159737e-02+7.81789385e-03j
-2.03593131e-02+8.38005885e-03j
2.66014790e-03-1.18258462e-02j
-1.33181271e-02-2.07120882e-02j
2.64035854e-03-8.63506841e-03j
1.23207036e-02-1.41343410e-03j
-4.82698945e-03-1.93742590e-02j
-2.93859038e-03-9.12364143e-03j
-1.85216436e-02-1.91935396e-03j
1.28524173e-02+5.23542031e-03j
-6.38597648e-04+1.29524813e-03j
-3.82678000e-03-5.14084077e-03j
1.77005227e-02+1.45304774e-02j
-1.27621327e-02-5.16146599e-03j
-2.35882396e-03+8.85184277e-03j
5.25590930e-03-2.69883110e-03j
2.40363016e-02+1.47323629e-02j
-6.83804759e-04+1.88703945e-02j
-7.90609118e-03+7.98339003e-03j
-1.30434500e-02+1.56191082e-03j
5.27166059e-03-6.99325353e-03j
-6.73278784e-03-6.32099572e-03j
6.80094194e-03-5.21854598e-03j
-7.21942704e-03+1.75505498e-03j
-1.50410360e-02-7.69281430e-04j
4.50475507e-03-7.73828348e-03j
1.09866404e-02-4.94427512e-03j
1.12790016e-02-9.62058969e-03j
-8.67529080e-03-1.75138677e-03j
-4.35786163e-03-8.95301461e-03j
1.62657327e-02-3.10118949e-03j
2.21965144e-02-1.15083925e-02j
9.13689451e-03-1.07080508e-02j
-6.42583693e-03-9.10238097e-03j
-1.81698339e-03-8.55133021e-03j
-1.28324105e-02+2.29671786e-03j
-1.12096401e-02+2.43160891e-03j
-2.52346037e-02+1.37626514e-02j
-4.27929745e-02-1.15429450e-03j
-1.18653743e-02-3.87689877e-03j
-1.42402935e-03+7.30740683e-04j
-5.86582606e-03+9.23760951e-03j
2.05419559e-03+8.15183294e-03j
6.44674717e-03-8.18540324e-03j
1.64656305e-02-1.05721982e-02j
9.83595065e-03+2.12523092e-02j
1.87338086e-02+1.54692995e-02j
1.04848284e-02+1.75098037e-03j
1.03342294e-02+1.18784654e-02j
8.62261434e-03-2.63266177e-02j
1.06923953e-02-1.00810035e-02j
-5.01383956e-03+7.49675513e-04j
-9.23721414e-03-2.12768937e-02j
-1.18045671e-02-2.24605609e-02j
-9.67350001e-03-1.49263839e-02j
-1.43803792e-02+8.87150360e-03j
-7.10114308e-03+1.77470023e-02j
2.70429069e-02+5.51318740e-03j
7.70852584e-03+4.26078675e-03j
-6.58968538e-03+1.65112499e-02j
2.89810411e-02+7.69601896e-03j
2.31107631e-02-3.97671783e-02j
4.15721711e-03-2.04332410e-02j
-3.09761581e-02+5.82056920e-03j
-4.62538172e-03-3.47825748e-02j
-3.26036870e-02-6.04662834e-02j
-9.18938336e-02+1.34079461e-02j
-3.95935201e-02+1.27434806e-01j
1.11476674e-01+7.98972666e-02j
1.66349521e-01-6.36478560e-02j
1.07762147e-02-1.42859202e-01j
-9.87537225e-02-3.42398719e-02j
-4.82026726e-02+5.70487048e-02j
1.59405417e-02+2.74512513e-02j
-7.25961638e-03+2.08282621e-02j
-3.54351930e-02+2.04484945e-02j
-9.44661562e-03+4.05700521e-02j
3.66626256e-02-6.01078164e-03j
1.02831557e-02-8.99636670e-03j
-2.96926908e-02-1.43568754e-02j
1.81787901e-02+1.04397214e-02j
5.32744220e-02-1.26151328e-02j
8.11827569e-04-2.51146567e-02j
-4.01020300e-02-4.87610481e-04j
1.29863298e-02+1.09015680e-02j
1.82808707e-02+1.25876519e-02j
-3.62743240e-02-9.51397607e-04j
-3.60322751e-02+1.14468492e-02j
-4.91422877e-03+4.50991395e-03j
3.17615241e-02+3.24850896e-03j
-1.30542628e-03-3.81838968e-03j
2.94513544e-02+7.43141968e-03j
5.01080084e-02-2.36374749e-02j
3.79901556e-02+4.83296164e-03j
-2.58127246e-02-1.04756324e-02j
6.18487843e-03-1.46180503e-02j
3.26987073e-02+1.16727572e-02j
-5.44390809e-02-4.92078778e-03j
-8.21695581e-02-2.70140004e-02j
-8.71043837e-03+7.97014324e-03j
1.90684755e-02-9.04817003e-03j
-2.59540122e-02-1.34605988e-02j
-1.20890382e-03+1.72298821e-02j
6.91160929e-02+7.05026145e-03j
6.21103497e-02+1.73463068e-02j
-2.44539663e-02+1.91244426e-02j
4.01670204e-03+5.31489657e-03j
2.20271114e-02+6.16176083e-03j
-6.75915136e-02+2.42409098e-04j
-1.31737649e-01+2.36124857e-03j
-1.06507548e-02-2.06936908e-03j
4.03080311e-02+2.27733267e-02j
-5.27028425e-02+9.57054928e-03j
2.78690236e-02+8.09473376e-03j
1.96343328e-01+7.18190283e-03j
1.26062404e-01+4.29904789e-03j
-6.66572637e-02+1.50109461e-02j
4.47601151e-03+7.31043787e-03j
5.71947112e-02+2.29076098e-03j
-3.69922446e-01-6.35968525e-03j
-6.52732755e-01-7.62382905e-03j
4.25176978e-02-1.56320482e-02j
9.37372871e-01-6.68811048e-03j
6.59130431e-01+3.46210629e-03j
-3.47182913e-01-8.05987667e-04j
-6.25893227e-01-6.59456728e-03j
-1.60256434e-01-3.42494186e-02j
1.03681696e-01-7.22818793e-03j
-4.56151477e-02-1.62112588e-02j
5.81811873e-03+4.14761120e-03j
1.94860911e-01+1.77876191e-02j
1.51091076e-01+1.64458001e-02j
-4.48958348e-02-4.15311187e-03j
7.00278478e-03-6.55905329e-03j
4.34077384e-02+5.72168496e-03j
-8.55720032e-02+2.78467865e-03j
-1.40351112e-01+4.36711303e-03j
-2.72091580e-02-1.39010002e-02j
3.48862204e-02-5.92104150e-03j
-9.82645737e-03+8.84567998e-03j
4.51034287e-03-2.49655406e-02j
1.13462027e-01-9.22160042e-03j
8.56657771e-02+1.28261331e-02j
-2.89065989e-02+2.98804483e-02j
-3.94048382e-03+6.75215782e-03j
2.56793659e-02-3.08947716e-03j
-3.93058632e-02+5.08695383e-02j
-1.53955872e-01+2.35573595e-02j
-7.77093447e-02-8.03989910e-02j
8.00390485e-02-1.46539374e-01j
1.36481632e-01-2.77712293e-04j
6.48572806e-02+1.29678941e-01j
-3.59546447e-02+7.99366217e-02j
-3.60846811e-02-3.72900231e-02j
-4.48387532e-03-3.88530473e-02j
8.84795071e-03-1.19827167e-02j
-2.56919533e-03+4.91724621e-03j
-3.19283840e-02-3.20113313e-02j
-1.63363494e-02-2.91959309e-03j
8.33540666e-04+1.63300035e-02j
4.02182698e-03+6.94567455e-03j
-1.13336989e-02-8.66371143e-03j
1.06488650e-02+1.23322098e-02j
2.07245546e-02+3.54915989e-02j
1.58462684e-02-1.53002419e-04j
-1.84548226e-02-1.80135134e-02j
-2.03111483e-02-7.85778383e-03j
3.26520604e-02+5.23608305e-03j
-1.16126935e-02+2.59016902e-03j
-3.62082551e-02+4.89561436e-03j
-2.52442975e-02-2.91558845e-02j
2.65741245e-02-1.17285464e-02j
4.89754393e-03-5.58428213e-03j
-1.28800402e-02+2.04798491e-03j
-7.90420208e-03+1.30139485e-02j
4.11263553e-02+7.80295225e-03j
1.02309821e-03+1.00552593e-03j
-1.23108608e-02+6.67864991e-03j
1.15419419e-02+3.88865956e-03j
1.01168226e-02+1.71143639e-02j
-3.47827896e-02+1.18027005e-02j
-4.78193351e-02-9.90219257e-03j
-3.15203096e-02+9.97194407e-04j
-2.93255269e-04-2.27846690e-02j
-2.17128300e-02+5.94538009e-03j
-4.96757186e-03-8.15869854e-03j
1.70751892e-02-5.52561892e-03j
2.94203558e-02-1.61312555e-02j
1.52591902e-02-1.44674573e-02j
-1.93935866e-02-1.03418381e-02j
3.10440474e-03+1.25018596e-02j
7.02676696e-03-4.04551917e-03j
-1.39142020e-02-2.14315486e-02j
-2.59524543e-02-2.01032686e-02j
-2.78511518e-02-9.17698356e-03j
-9.58847151e-03-1.11570378e-02j
6.93993478e-03-1.02307431e-02j
-1.16194216e-02-2.67387198e-03j
-9.16160768e-03-8.26051470e-03j
1.13101627e-02+6.94240859e-03j
2.24693297e-02-2.18457149e-03j
-1.12145501e-02+5.97839206e-03j
5.13853325e-03+2.01987637e-02j
9.59759552e-03+1.79302675e-03j
1.06110500e-02+1.41780621e-03j
-3.01783375e-03-5.33104634e-03j
-1.73008126e-02-8.06958384e-03j
-2.32697684e-02+7.71502099e-03j
-1.25079885e-02+1.30094077e-02j
2.26049016e-02-8.12928165e-03j
1.18486821e-02+3.06434632e-03j
1.55216078e-02-1.78579870e-02j
2.80253448e-03-8.40367451e-03j
1.18399660e-02-2.20924820e-03j
-4.27969975e-03+2.60664247e-03j
1.19919900e-02-7.66538339e-03j
4.32782990e-03-1.42321306e-02j
-6.38145294e-03-2.42554040e-03j
-3.66192619e-03+2.60574821e-02j
-9.51200479e-03-8.55933656e-04j
-2.03157198e-02+2.94427973e-03j
-3.51853189e-02-2.69668003e-03j
2.06111786e-03+3.15493069e-02j
4.79920426e-02-3.40235029e-03j
2.91088489e-02-1.81248397e-02j
-2.73449870e-02-2.34601411e-02j
1.41963159e-03-4.05034543e-03j
3.74102469e-02-3.64950756e-02j
-1.99053469e-02-5.18621546e-02j
-1.02348944e-01+2.30079260e-02j
-1.83502606e-02+1.30074211e-01j
1.29631509e-01+7.15594410e-02j
1.02952468e-01-9.95779534e-02j
-1.12669180e-02-1.21745128e-01j
-1.00660226e-01-2.51034266e-02j
-4.63724137e-02+4.05900841e-02j
-4.85949846e-03+2.45298164e-02j
-1.25810818e-02+7.47170935e-03j
-8.64593333e-03+9.71500765e-03j
2.44434058e-02+2.73470905e-02j
4.56300415e-02-1.23375509e-02j
-6.83680014e-03-1.64076539e-02j
-2.21175909e-02-6.08832182e-03j
3.30190381e-03+2.19368811e-03j
-5.72682397e-03-1.59133778e-02j
6.10444388e-03-2.52330602e-02j
-7.07888783e-03-1.00523151e-02j
-5.77600324e-03+2.43277804e-02j
2.96760666e-03+1.20655308e-02j
1.21775272e-02+1.44035129e-02j
-1.15686676e-02+1.42424593e-02j
1.82069619e-03+1.71232703e-02j
1.43915797e-02-1.40269567e-03j
1.40721283e-02+4.80730553e-03j
-1.89805796e-02-1.14111191e-02j
-1.54762662e-02-7.11018109e-03j
-3.48596109e-03-9.21329049e-06j
6.74985232e-04-1.22635944e-03j
1.29911570e-02-3.92129191e-03j
2.53153259e-03-1.31314758e-02j
7.53903224e-03-1.00608595e-04j
-1.21017839e-02-5.59022649e-03j
-6.68705161e-03+4.37379607e-03j
-1.11406307e-02+1.66745319e-03j
-4.03756287e-04+9.13449138e-04j
1.02195302e-02+3.06938026e-02j
2.01654399e-02+6.99371672e-03j
2.26594609e-02-1.05160512e-03j
7.55156153e-03+1.18845368e-02j
9.34711150e-03+5.85619845e-03j
-1.95864656e-02-2.55089471e-04j
-1.60522417e-03-2.04085599e-03j
-8.17847728e-03+3.59611719e-03j
1.09945804e-02-3.28078224e-03j
1.92059406e-02+1.52662989e-02j
1.70488008e-02+1.32221457e-02j
-5.26802666e-03+4.49836526e-03j
-9.05320679e-03+1.31706753e-02j
-1.78592480e-02+2.17530750e-02j
-1.85142883e-02-5.83785730e-03j
-1.28634916e-02-1.50881531e-02j
-1.79170383e-02-9.45765534e-03j
-1.83652057e-02-1.04812134e-03j
-3.46803025e-03-1.36682647e-02j
-4.46860608e-03+4.91769953e-04j
2.51345415e-04+3.37051984e-03j
5.16530641e-05-1.77698291e-02j
-3.46478252e-03-1.22029660e-02j
-6.66412908e-03-5.36602188e-04j
-5.47997369e-03-5.61770412e-03j
3.36274433e-03-1.87927902e-02j
2.91990564e-02-1.80189715e-02j
7.91176706e-03+1.25810429e-02j
9.30153654e-03+1.98355431e-02j
-8.23944511e-03-3.43892662e-03j
-1.94411840e-02-2.53899885e-04j
4.58475533e-03+5.76945071e-03j
1.22282589e-02-6.75093545e-04j
-6.24430303e-03+5.88919084e-03j
-1.30006129e-02-1.31958727e-02j
-3.55741298e-03-2.14967019e-02j
8.24657859e-03-1.78754229e-03j
1.68592961e-02-1.04397894e-02j
6.80518130e-03-4.45272627e-02j
3.03709130e-02-1.93903428e-02j
2.50276917e-02+2.11637214e-02j
6.13329120e-03+2.24290735e-02j
3.21664246e-03-3.43976959e-03j
6.50033519e-03+1.99185386e-02j
8.35350888e-03+4.48603916e-02j
-8.84668479e-02+2.81196981e-02j
-7.57819839e-02-1.02936043e-01j
7.32420328e-02-1.31698328e-01j
1.47409300e-01+6.70232868e-03j
5.71100933e-02+1.35031710e-01j
-9.61671683e-02+7.04049250e-02j
-8.83670886e-02-4.46894448e-02j
9.54613072e-05-5.51179430e-02j
1.11137638e-02-2.34758472e-05j
-6.38603451e-03-4.49703626e-03j
4.58268343e-03-1.83413912e-02j
3.07847660e-02+7.47929144e-04j
2.69161762e-02+1.29498268e-02j
-7.23557956e-03+1.05720736e-02j
-6.50074699e-04-1.55436315e-03j
8.71010285e-03+2.47378739e-02j
-1.51706744e-02+2.54925039e-02j
-4.34155349e-03+2.17768983e-02j
-6.21037158e-03-1.35846554e-02j
-4.03306392e-03-1.48796191e-02j
1.88318455e-03+2.67915678e-03j
-6.96423901e-03+2.06817984e-02j
-1.61803680e-02-7.26980564e-03j
-1.71473748e-03-1.66123825e-02j
6.59047648e-03-9.89986556e-03j
1.25786010e-02+1.88224449e-02j
-7.47335666e-03+1.41027272e-02j
-1.96155414e-03+6.69508959e-03j
9.24868947e-03+1.01174471e-02j
-6.93804667e-03-1.27752250e-02j
1.12870470e-02-1.59171011e-03j
-5.35594155e-03+3.17753900e-03j
-3.07932628e-02-5.10029582e-05j
-1.81958128e-02-8.48586107e-03j
-1.66796695e-02+8.91721614e-03j
-3.16872003e-03+5.80502198e-03j
-7.46677137e-03-5.68491024e-03j
8.79063600e-03-9.51180055e-03j
4.49201768e-03-1.96015999e-02j
-1.27813469e-03-1.00813174e-02j
1.24508995e-02-9.08959592e-03j
6.08939596e-03-7.92262449e-03j
7.14387760e-03-7.35590877e-03j
2.09839419e-02+4.91433227e-04j
8.63383856e-03+4.93343755e-03j
1.50980991e-03+2.10354629e-03j
6.09115744e-03-1.83522801e-03j
5.71095497e-03-1.35735668e-02j
4.09840060e-03-1.15129108e-02j
-2.15735667e-03-1.88972031e-02j
-1.14934188e-02-1.20090802e-03j
-1.45260541e-02-2.90417762e-03j
-2.39794093e-02-1.15814934e-02j
-9.90722197e-03+2.90235839e-03j
-1.34213565e-02+9.57996882e-03j
5.47390174e-03+6.22407031e-03j
1.80592593e-02+3.09292142e-03j
6.50344680e-03+1.65604807e-03j
1.06328081e-02-2.40686920e-03j
-5.80187743e-03+8.24554855e-03j
-1.88659968e-02+1.28165782e-02j
-2.22256427e-02+2.20893751e-03j
6.20295735e-03+9.90158878e-03j
5.51147600e-03+9.50397603e-03j
-4.90118211e-03-1.40185509e-02j
4.32973761e-03-5.39648187e-03j
-7.19792580e-03-1.83506931e-02j
-3.83668205e-03-9.73760265e-03j
8.49430983e-03-1.42077033e-02j
-8.38070744e-03-1.74301049e-02j
-1.91446258e-02-9.41861015e-04j
-1.81600453e-02+1.21322811e-02j
9.76820628e-03+1.78505391e-03j
-4.76781810e-03-4.53453636e-03j
6.95509998e-04+1.51475795e-02j
2.59384280e-02+1.93192303e-02j
3.72025903e-02+7.89096184e-03j
2.45133392e-02-1.47419114e-02j
1.66805091e-02-2.52846531e-02j
5.08758085e-03-1.97540097e-03j
1.27309585e-02-2.84043348e-02j
-5.48512179e-02-6.22363781e-02j
-8.14686399e-02+5.74936755e-02j
4.48242726e-03+1.33468330e-01j
1.34654192e-01+5.19566985e-02j
1.01083769e-01-8.62427363e-02j
-5.80882659e-02-1.25678251e-01j
-1.06643658e-01-1.67776389e-02j
-2.97035162e-02+5.58677930e-02j
1.37763559e-02+2.85185655e-02j
1.70223861e-02-6.84217703e-03j
-2.39835569e-03+3.51635923e-02j
3.15333509e-02+2.87420267e-02j
2.99385008e-02-7.42091972e-03j
-1.10234377e-02-1.85285237e-02j
-1.56775806e-02-5.85967667e-03j
2.74411191e-02-1.99748425e-03j
1.43767702e-02-1.25908531e-02j
-9.95425872e-03-5.57394238e-03j
-1.93252118e-02+1.56203884e-02j
-2.33001109e-02+2.92084467e-02j
1.26126521e-02-1.47787819e-03j
1.35727657e-02+4.56918323e-05j
-4.99145279e-03-2.45764471e-03j
-5.78608712e-03+7.54034938e-03j
2.59308085e-03+4.55633515e-03j
-5.71783466e-03-3.15064447e-03j
-1.33901881e-03-1.25994290e-02j
9.20513976e-03-3.25302938e-03j
1.76737988e-03-3.55145668e-03j
2.63446726e-03-5.83916177e-03j
3.06232421e-03-4.53023544e-03j
-3.04655575e-03-9.30117357e-03j
1.39941939e-03-8.52830598e-03j
2.97064492e-03-5.34918456e-03j
-5.56631789e-03-3.62961121e-04j
-5.29201216e-03+4.32596141e-03j
-1.90736690e-02+3.21786210e-03j
-1.19754031e-02-1.22079611e-03j
6.22490452e-03+1.63984880e-02j
-1.46542891e-02+8.59762522e-03j
-7.64960875e-03-2.48839267e-03j
-2.40135662e-02+8.65614495e-03j
-4.72521067e-03-7.42139572e-03j
4.68924034e-03+8.27261482e-03j
-3.55798086e-03+5.36476739e-03j
-5.59184336e-03+2.63724021e-04j
-6.88204864e-03-3.47877395e-03j
2.22486865e-02+2.06713824e-02j
2.20717649e-02+1.39210886e-02j
9.51155046e-03+1.20537515e-02j
-9.68047729e-03+1.45672988e-02j
4.37757217e-03+1.46678168e-03j
-1.88823923e-02+2.53513947e-04j
-1.49038873e-02+6.25297070e-03j
-3.02578019e-02-2.94094551e-03j
-2.44016765e-02-1.64343053e-02j
-1.39508577e-02-2.38419829e-02j
8.50939802e-03-1.35814356e-02j
-2.96036382e-03-2.85284609e-03j
-1.06706800e-02-6.74126916e-03j
-2.61557328e-03-4.69325244e-03j
2.88025019e-02-1.02375926e-02j
7.55605215e-03+3.56224272e-03j
1.37640704e-02-2.26141201e-02j
1.09710850e-03-1.03948666e-02j
2.27772112e-02+1.52057649e-02j
-2.98586085e-03+2.14523286e-02j
-1.78694947e-02+5.01402777e-03j
-1.90441088e-02+3.27265193e-03j
-3.36774356e-03+1.70881854e-02j
-1.07886321e-02+1.44445130e-02j
-3.17080195e-02-2.06206936e-02j
2.53377162e-03-7.54383294e-03j
3.28951734e-02-1.44177769e-02j
2.03837822e-02-8.57412003e-03j
-3.36354475e-03-2.27118525e-02j
2.43304683e-02-1.69557573e-02j
3.10449560e-02+2.11691024e-02j
-4.14122900e-03+2.75585808e-02j
-3.24705377e-02+1.33798729e-02j
-8.65947346e-04+7.66070621e-03j
-3.73914176e-02+4.62850100e-02j
-7.08590190e-02+2.52824001e-02j
-6.94235167e-02-9.40810491e-02j
6.71859259e-02-1.16136387e-01j
1.72850729e-01+2.19212816e-02j
4.59825751e-02+1.36604190e-01j
-8.83520868e-02+6.14584641e-02j
-7.11326355e-02-4.74045800e-02j
1.52986619e-02-2.08840423e-02j
5.50692720e-03+4.06883618e-03j
-4.92147931e-02-3.47430583e-02j
-2.95697809e-02-4.20865901e-02j
3.14235688e-02-3.68322443e-03j
1.23440870e-02+1.49234119e-02j
-2.12615426e-02+5.55580611e-03j
-5.05104419e-03+4.83186982e-03j
4.27320349e-02+2.24719073e-02j
2.65582948e-02+6.64348462e-03j
-2.55681550e-02+7.83050268e-03j
-1.57895927e-02-1.25972463e-02j
1.61519020e-02-2.12480183e-02j
-2.85371764e-02-1.09022629e-02j
-4.83845985e-02+5.21421147e-03j
-1.78116321e-02-1.33660795e-02j
2.74691138e-02-3.67699124e-05j
-6.89305059e-03-1.19294811e-03j
-8.65560994e-03+2.18206236e-03j
4.62774147e-02+1.34207610e-02j
3.69575382e-02-5.60019045e-03j
5.40860775e-03+1.25213910e-02j
2.31938790e-03-5.84802671e-03j
1.84829066e-02+3.50190154e-03j
-1.09640682e-02+9.16709710e-03j
-6.53061163e-02+5.57493199e-03j
-4.92271953e-02+1.64188704e-02j
2.41186264e-03+6.38710876e-03j
-1.93601458e-02-6.97250654e-04j
-1.27332354e-02+1.04280835e-03j
5.99886466e-02-2.82329836e-03j
7.28524433e-02-1.41088606e-02j
-1.74835913e-03+1.74614608e-03j
-2.59399211e-02+6.92375334e-04j
3.30605234e-02-1.93721771e-02j
-2.81354949e-02+2.61423479e-04j
-1.07690055e-01-3.58053719e-03j
-3.98840649e-02-5.22708777e-03j
3.11071321e-02-6.62321463e-03j
-2.48480117e-02-5.64689581e-03j
-1.63924224e-02-8.57382183e-03j
1.66519695e-01-3.20034809e-06j
1.76639950e-01-1.05293281e-02j
-5.83580581e-02-2.90028387e-03j
-3.94510087e-02-9.35098552e-03j
9.05671485e-02+6.54507555e-03j
-2.34324905e-01+1.55431469e-02j
-6.76211663e-01+6.43527010e-03j
-1.95243435e-01+1.42206033e-02j
7.85386584e-01+1.38064310e-02j
8.31928454e-01+7.42639559e-03j
-1.23840935e-01-1.14679457e-02j
-6.59325868e-01-7.83902400e-03j
-2.94488886e-01+9.02945945e-03j
8.74525889e-02+6.05488014e-03j
1.11645998e-02+3.68631159e-04j
-2.99254206e-02+3.92876036e-03j
1.80596381e-01-1.57234550e-02j
1.82481373e-01-7.17750997e-03j
9.61823170e-03-1.08199179e-02j
-3.07997953e-02+7.52310600e-03j
4.50829853e-02-1.11105629e-02j
-5.17615447e-02-7.06617696e-03j
-1.53116937e-01+2.36239735e-03j
-6.30209100e-02+8.67840020e-03j
4.28741361e-02+2.14238258e-02j
-1.95443964e-02-9.13327395e-03j
-1.70090111e-02+2.37057804e-03j
8.61939039e-02+2.10778866e-02j
1.06195461e-01-3.76047206e-03j
3.89305526e-03-2.85292107e-02j
-3.01125112e-02-1.93509060e-02j
1.62349057e-02-3.22870042e-03j
-1.39399267e-02-5.16882783e-02j
-1.16784916e-01-4.63040923e-02j
-1.19206465e-01+5.56741686e-02j
3.36380097e-02+1.48435159e-01j
1.35804318e-01+5.65974313e-02j
8.09700949e-02-1.10809267e-01j
-7.75495236e-03-1.08420088e-01j
-5.37327463e-02+6.36714770e-03j
-2.91473651e-02+5.41368524e-02j
1.53476382e-02+2.10171453e-02j
4.40757836e-03-5.59854920e-03j
-3.08159979e-02+2.58064081e-02j
-3.08509073e-02+1.78348402e-02j
1.58422003e-03-1.47145156e-02j
9.18949563e-03-2.56245651e-02j
-2.95095274e-03+8.66606880e-04j
-5.61429131e-03+1.51327896e-03j
2.21532104e-02-1.17390705e-02j
9.80487659e-03-9.15217998e-03j
4.68933954e-03+8.10296415e-03j
-1.20822467e-02+1.32387724e-02j
7.42629458e-03+1.98757982e-02j
-1.46736330e-03-7.03421227e-04j
-3.55341968e-02+1.40966474e-02j
-2.16616329e-02+1.86625357e-02j
1.57136670e-02+1.00285266e-03j
1.56296877e-02+2.55770773e-03j
-1.73874862e-02-1.23653121e-02j
1.55166828e-02+6.58387809e-03j
1.09716197e-02-1.31235763e-02j
2.18657569e-02+7.51147712e-04j
4.90071795e-03-5.33090514e-03j
6.06217765e-04-5.52609445e-03j
-2.65452134e-03-9.70969936e-03j
-1.38704623e-02-2.25043367e-03j
-5.06725073e-02-4.68616001e-03j
-3.97097490e-02+6.13356832e-04j
-5.08606389e-03+1.24817799e-02j
-5.17583959e-03+1.10380344e-02j
-1.13020347e-02+9.28217108e-03j
5.60841518e-03-4.97834150e-03j
1.98687337e-02-1.13857667e-02j
2.36780637e-02+2.61690328e-03j
-4.54004246e-03+3.90092209e-03j
-3.18361368e-03+1.06285194e-02j
1.09161676e-02+1.12387072e-02j
-6.19765172e-03+9.40521480e-03j
-2.11414182e-02+1.10672693e-02j
-2.53910336e-02+1.71615432e-02j
-1.11747717e-02+1.05714418e-02j
-6.01884123e-03-4.26277964e-04j
-3.53981598e-03+9.10079300e-03j
-2.47411250e-02+3.67493362e-03j
8.81365176e-03+4.41547040e-03j
1.31851197e-02-7.30667929e-03j
5.47856305e-03+5.89734348e-03j
1.04531201e-02-3.68856509e-03j
-1.36850996e-02-5.24294565e-03j
-2.65607315e-03+6.43403401e-03j
9.17172021e-03+4.96813926e-03j
-2.23811268e-02-1.06763262e-02j
-2.40977916e-02+1.22561740e-02j
-1.41998643e-02+1.25022368e-02j
4.37236770e-03-9.22992413e-03j
2.10569115e-02-2.39161264e-03j
-9.80265765e-04+7.34045426e-03j
1.14510279e-02+1.38777647e-02j
6.50831692e-03+5.12724895e-03j
1.81880951e-02+6.11939218e-03j
-1.43941372e-03+6.26839558e-03j
-1.38654858e-03+2.48049086e-02j
-1.00978479e-02+6.35214885e-03j
2.41458357e-03+1.40355672e-03j
-8.47232896e-03-9.84603509e-03j
-3.58241974e-03+3.29996437e-04j
-4.25073122e-02+2.16247510e-03j
-1.84545175e-02-1.72303202e-02j
2.15538997e-02-8.60757816e-03j
3.69440331e-02+7.97184198e-03j
1.64502927e-05+4.29584540e-02j
6.20916087e-04+5.21874626e-03j
1.62760792e-02+1.20655584e-02j
7.89058153e-04+6.31728870e-02j
-7.75738952e-02+3.74818189e-03j
-4.66894113e-02-1.09847511e-01j
9.71509317e-02-1.14943791e-01j
1.48989064e-01+5.22573629e-02j
-3.95228165e-03+1.28667629e-01j
-8.80350439e-02+5.61024904e-02j
-6.67578400e-02-3.64466592e-02j
3.49302864e-05-3.28248291e-02j
-1.49375166e-02+1.02380810e-02j
-8.65058439e-03-2.68417770e-02j
8.00351697e-03-3.84318827e-02j
3.43150034e-02+1.39078645e-02j
1.27733220e-02+3.63798209e-02j
-2.35763558e-02+4.05438530e-03j
-9.82445595e-03+5.12516261e-03j
6.36803553e-03-8.55653574e-04j
1.13064130e-03+1.86027697e-02j
1.72059413e-02-3.55583136e-04j
-2.24452649e-02-1.44192324e-02j
2.88954472e-02-1.18452327e-02j
-2.21548769e-03+2.03337661e-02j
7.48077341e-03+3.70267649e-03j
-3.32020325e-03-1.02699459e-02j
6.85832402e-03-1.01311611e-02j
1.53519213e-02+5.60644571e-03j
5.08012894e-03+6.95141616e-03j
-1.76703824e-02+3.81702592e-03j
-5.51533633e-03+1.44406988e-02j
1.25345543e-04-4.23331316e-03j
1.96207379e-02-2.09427419e-03j
7.53622359e-04+2.62181601e-03j
-6.68983321e-03+6.85000924e-03j
1.83851461e-03-1.40033524e-03j
-1.63763782e-03-3.35072628e-03j
-3.66251326e-02+3.23778557e-04j
8.90137948e-03+1.14158903e-03j
-1.78904932e-02+4.50197656e-03j
1.95077588e-02-1.57757421e-03j
3.95276556e-03+6.74226467e-03j
1.72398534e-02-8.67630934e-03j
-1.32347227e-02-3.26605708e-03j
-5.10650751e-04+3.48109489e-03j
2.14909056e-02-1.20494914e-02j
3.40388989e-03-3.03651131e-03j
1.22848507e-02-9.43449318e-03j
5.82176565e-03-1.12705944e-02j
1.59680722e-02-3.99333594e-03j
1.79575526e-02-3.02063648e-02j
-6.05343259e-03-1.87458094e-02j
-1.81941551e-02-6.05543513e-03j
-2.24852304e-02+1.27054906e-02j
-2.73986503e-02-5.34962526e-03j
-2.86664581e-02-4.86135012e-03j
-3.03852362e-02+7.22974105e-03j
-1.60473589e-02+1.84023307e-02j
-7.13383749e-03-7.55393648e-04j
-1.44120173e-02+1.93388969e-02j
-1.68800414e-02-4.60534521e-03j
1.24830443e-02+6.89027840e-03j
-4.05228060e-03-9.36718234e-04j
-1.74834597e-02+8.94263237e-03j
1.34837089e-02+9.96059685e-03j
-7.95517743e-03+3.67843787e-03j
1.21751784e-02-8.37941569e-03j
1.39285736e-02-7.39818239e-03j
1.28291402e-03-4.29507665e-03j
8.00947449e-03+3.78660357e-04j
8.18250687e-03+7.95179874e-04j
2.46383496e-02-6.98610359e-04j
2.26280526e-03-1.24588704e-02j
-1.52908163e-03+9.50895068e-03j
3.63041477e-03+9.40414704e-04j
1.14700325e-02+1.53879756e-02j
4.52350881e-03-9.31266479e-04j
1.47906793e-02+8.04523543e-03j
1.93794560e-02+1.69545199e-02j
4.40026111e-02-2.44565364e-03j
1.02343512e-02-3.89213239e-02j
-2.07320432e-02-2.01219480e-02j
-9.16021808e-03+1.03448093e-02j
1.25826446e-02-3.76443378e-02j
-6.58754042e-02-4.31092402e-02j
-6.81439051e-02+6.72013943e-02j
2.48567564e-02+1.36587312e-01j
1.37949352e-01+3.55958840e-02j
6.88318445e-02-1.03406416e-01j
-6.87058107e-02-1.10808623e-01j
-1.07291680e-01+1.73690350e-02j
-2.60419426e-02+5.52248241e-02j
1.04317813e-02+7.04359262e-03j
-2.10966279e-03+1.93445126e-02j
7.85194195e-03+1.74519507e-02j
2.77858399e-02+1.38286441e-02j
1.06844269e-02-1.68953124e-02j
-1.55249493e-02-1.49654274e-02j
4.65609527e-03-1.70984314e-03j
1.24395158e-02-1.02700872e-02j
-1.31710061e-03-7.28402778e-03j
-1.08613998e-02-1.38226304e-02j
-7.80922590e-03+2.30603614e-03j
5.21899945e-03+3.26693745e-03j
6.82475882e-03+1.36628143e-03j
5.68241070e-03-4.35932003e-03j
5.26012285e-03+2.07196961e-02j
6.97833180e-03+1.77665721e-02j
2.54091367e-03+1.05387404e-02j
-2.70315576e-03-4.34949090e-03j
6.18238551e-03-4.38564581e-03j
-1.37830402e-02-1.31225617e-02j
-8.44537075e-03-3.75970844e-03j
4.16821116e-04-5.03021455e-03j
-3.68356853e-04-2.06872797e-02j
-1.80651715e-02-5.40740199e-03j
-1.21543992e-02+3.03765594e-03j
-5.83287525e-03-6.78452981e-03j
-1.23634897e-02+1.10993113e-03j
-6.67324991e-03+5.11779032e-03j
-2.15149413e-02-2.17500421e-03j
-6.13384437e-03+2.08406978e-02j
1.05683474e-02+1.50986135e-02j
-2.81756618e-03+5.94336027e-03j
-9.43574287e-04+1.43556212e-02j
2.78609075e-02+1.34931122e-02j
2.38442028e-03+2.49671043e-04j
1.90838029e-02+3.02501954e-02j
2.14907639e-02+3.57129550e-03j
1.94580295e-02-5.51041745e-03j
1.05077324e-02+2.83607115e-02j
8.67890444e-03+9.71879446e-03j
1.68333199e-02+1.75164687e-02j
-8.78309585e-03+1.76078062e-02j
-2.83025551e-02+1.22580845e-02j
-7.38047248e-03+5.36288764e-04j
-1.80116605e-03+9.90675891e-03j
-1.46425537e-02+1.99957096e-02j
4.63382105e-03+1.91233554e-03j
-5.72672582e-03-3.56468409e-03j
9.29489144e-03-2.76296369e-04j
9.45396866e-03-1.18014003e-02j
-3.97805060e-03-5.60746318e-03j
-5.58141565e-03+1.34791455e-02j
-6.98414463e-04+1.40986161e-02j
-2.66940039e-02-4.09659528e-04j
-2.08397699e-02-1.71993525e-02j
-1.39598303e-02+1.07089065e-02j
-6.70639171e-03+2.10338558e-02j
-3.29432011e-03+1.12897684e-02j
-5.69175257e-03-1.28598146e-03j
8.22172168e-03-7.68608061e-03j
1.42963239e-02-2.57398253e-04j
-1.21214110e-03+2.05660024e-02j
-2.16530471e-02+3.65552612e-03j
-1.65547728e-02-3.11691316e-02j
3.56709883e-03-1.96180493e-02j
-2.07840883e-03-1.58695850e-02j
-8.34108449e-03-1.87822655e-03j
2.39541692e-02-2.23759405e-02j
2.95199517e-02+5.15938381e-03j
3.04485995e-02+2.22885245e-02j
1.52516111e-03+1.87434552e-02j
-8.96966252e-03-3.31410327e-03j
2.42481714e-03+2.84768774e-02j
-2.19713414e-02+4.85036882e-02j
-1.08884217e-01-1.72125778e-02j
-3.04805978e-02-1.21798662e-01j
1.20841172e-01-9.70264390e-02j
1.23994184e-01+6.29514404e-02j
-1.67037935e-02+1.32841992e-01j
-1.06001330e-01+3.46146434e-02j
-6.04808802e-02-5.03836180e-02j
1.11434992e-02-1.73942863e-02j
-6.39032112e-03+6.35124847e-03j
3.18341419e-03-8.95558897e-03j
2.76487356e-02-2.33525308e-02j
3.62040042e-02-7.97865521e-03j
-8.13372799e-03+2.83553179e-02j
7.57764247e-03+7.45145575e-03j
1.76270215e-02-5.04334648e-04j
9.35072195e-03+1.08604228e-02j
-5.91048358e-03-6.79731694e-05j
-1.87316770e-02+8.28097041e-04j
2.62810060e-03-1.01756197e-02j
-1.25165204e-02-1.49436462e-03j
3.74270009e-03-4.95004079e-03j
2.51009513e-04-1.07204212e-03j
5.23695255e-05-1.26499442e-03j
-2.05960392e-02+2.89973523e-04j
1.90063803e-03-7.17099046e-03j
-2.71407988e-03+1.18616795e-03j
5.82295091e-03+1.65902533e-02j
7.79027947e-03+2.44211626e-04j
5.09319480e-03+5.95082381e-03j
-3.25151677e-04+1.59989227e-02j
-3.32842370e-03+2.13624290e-03j
1.22000767e-02+1.28159543e-02j
2.60489291e-02+6.36338895e-03j
1.98656362e-03-1.43825541e-03j
-1.78301777e-02+1.63225945e-02j
-6.91093789e-03-5.57184449e-03j
-6.80892883e-03-2.44200331e-02j
-6.82768037e-03-8.54475799e-03j
-6.62475863e-03+6.83836584e-03j
-2.67778397e-02-4.07987470e-03j
-1.84595933e-02-4.85749721e-03j
-4.16473045e-03-1.09928204e-02j
1.28932879e-02+4.38497908e-03j
-3.08096671e-03-7.26777028e-03j
-2.22626077e-03-2.30134198e-02j
1.08716739e-04+2.09023917e-03j
2.74183674e-02-1.11646193e-02j
5.10068676e-03-3.80742553e-03j
3.42558055e-03-6.66674629e-03j
-6.06333290e-03+1.00733895e-02j
-3.96465954e-03-1.25525341e-02j
-5.59901550e-03+7.88088619e-03j
-2.08655417e-02+1.10346975e-02j
-3.58645823e-02+7.63908877e-04j
-2.55576583e-02+1.92187188e-03j
-1.21149918e-02-4.72744898e-03j
-9.98010452e-03+1.25176594e-02j
-1.77663757e-02+3.91184716e-03j
4.30745573e-03-3.73963056e-03j
-4.40594582e-04+1.04670465e-02j
2.44666611e-02+1.50455953e-03j
2.37544174e-02+2.86461314e-02j
1.91632679e-02+4.84086603e-03j
6.88604570e-03-1.80925179e-02j
1.24111362e-02-1.55323407e-02j
-1.15766328e-02-9.76276541e-03j
-1.29957781e-02-5.39495453e-03j
-1.14598333e-02-1.77396553e-03j
-6.86845546e-03-7.33660413e-03j
1.50742626e-03-2.55078123e-02j
-8.47933724e-03+1.51866822e-02j
-1.72005398e-02+2.86922378e-02j
3.17708271e-02-1.76096375e-03j
2.37032614e-02+9.45386290e-04j
1.41745914e-02+1.40411870e-02j
1.95136714e-02+1.39129593e-02j
3.83751626e-02-1.84964934e-05j
-2.00548842e-03-3.99655588e-02j
-1.79443504e-02-1.69388375e-02j
-8.16758648e-03-6.67069986e-03j
-2.26205597e-02-4.98616864e-02j
-7.07345691e-02-5.63914965e-02j
-8.93068423e-02+6.91327862e-02j
2.38762151e-02+1.35071783e-01j
1.61280071e-01+4.15826450e-03j
9.57564954e-02-1.32026785e-01j
-5.98204706e-02-9.76506273e-02j
-9.59458950e-02+2.80366375e-02j
-1.38269638e-02+4.27773628e-02j
1.85639766e-02+9.06780429e-03j
-2.84971787e-02-1.23193045e-03j
-3.33998670e-02+2.99699616e-02j
2.69619007e-02+8.40115443e-03j
3.19117480e-02-1.41281709e-02j
-1.90412982e-02-1.63197519e-02j
2.21108911e-03-1.02520591e-02j
5.30574398e-02-5.89403732e-03j
3.09223729e-02-3.02397455e-03j
-2.05785105e-02-5.39293632e-03j
-1.96275975e-02+1.53036812e-02j
7.68914119e-03+1.60976452e-02j
1.44715098e-03+3.89917496e-03j
-4.36380070e-02+6.80468189e-03j
-2.15559734e-02+2.01010825e-02j
4.33267830e-02+3.05300246e-02j
1.09369537e-02+7.95122083e-03j
7.45161487e-03-5.01978439e-03j
3.72737243e-02-6.44642553e-03j
5.32443733e-02-8.19922095e-03j
4.26950889e-03+2.61342135e-03j
-2.83766301e-02+1.37317345e-02j
7.72405529e-03-4.88523009e-03j
-4.18464191e-03-1.20228769e-02j
-7.97638288e-02-2.38674769e-03j
-7.01360468e-02+4.45252813e-04j
-8.07940139e-03-1.21103503e-02j
-1.59104431e-02-7.00067579e-03j
-2.42765780e-02+6.99819388e-03j
4.81322981e-02+5.93670952e-03j
1.01577949e-01+8.41238656e-03j
1.14855068e-02+6.20425285e-03j
-2.70316083e-02+1.96103377e-02j
3.24960482e-02+1.85662293e-03j
-1.46752445e-02+6.35754384e-03j
-1.00285821e-01+1.76533804e-02j
-9.52283023e-02+1.49922815e-02j
3.25050452e-02-2.03647203e-03j
-8.14509106e-03+1.08322948e-02j
-2.97748901e-02+1.52961402e-02j
1.24671326e-01+1.31741262e-02j
1.99227447e-01-6.55027386e-03j
-6.41429689e-03+1.00116128e-02j
-7.04478982e-02-2.02726635e-04j
9.78729893e-02-6.83927689e-05j
-1.18019706e-01-1.40138882e-03j
-6.27284884e-01-1.72811948e-02j
-3.95119997e-01-9.46647006e-03j
6.02218693e-01-2.25729165e-03j
9.69264168e-01-1.41350480e-02j
1.37286892e-01-5.49729519e-03j
-6.16828861e-01+7.17772865e-03j
-4.18714696e-01-3.71674946e-03j
4.63499816e-02-1.53069370e-02j
4.47388086e-02+5.17849659e-03j
-6.06159127e-02-1.89244410e-03j
1.04299161e-01+1.19994823e-02j
1.95588225e-01+2.04293796e-02j
2.97882043e-02-3.82385515e-03j
-5.39047109e-02-6.47556976e-03j
3.67653164e-02-2.87930303e-04j
-7.35874125e-03+1.85942333e-02j
-1.47850041e-01+3.49381759e-03j
-9.52024426e-02-9.31972932e-03j
3.22289279e-02-1.35300500e-02j
2.22914662e-02-4.12743477e-04j
-3.13012172e-02-1.29045481e-02j
6.40067290e-02-1.47641908e-02j
1.04992683e-01+9.35208505e-03j
2.88487252e-02+6.21782524e-03j
-4.64931472e-02+1.46010298e-02j
5.88021115e-03-6.58766680e-03j
8.87449181e-03+3.82604012e-02j
-9.88820630e-02+5.83550375e-02j
-1.24208866e-01-1.60923722e-02j
7.34250056e-03-1.31419153e-01j
1.32263162e-01-8.72140076e-02j
1.16256704e-01+9.39236456e-02j
1.28370203e-02+1.23335260e-01j
-5.66670929e-02+3.67434795e-02j
-2.04598465e-02-6.20336662e-02j
1.33813078e-02-3.30881205e-02j
1.95798251e-02-3.52846440e-03j
-1.40470433e-02-1.27142288e-02j
-3.28891614e-02-2.26562450e-02j
-1.50382899e-02+7.15693225e-04j
1.56809840e-02+1.70865579e-02j
1.82011319e-03-3.62175985e-03j
-8.54285494e-03+6.58351718e-03j
3.55970847e-02+9.95116746e-03j
2.69690546e-02+1.10587933e-02j
-4.99062019e-03-7.55848873e-03j
-9.04730271e-03-2.11115205e-02j
1.99922120e-02+2.63799823e-04j
1.53591282e-02-2.39113187e-02j
-1.39875870e-02+2.81083219e-03j
-3.13956955e-02-7.55968342e-05j
3.44550380e-03-6.29549351e-03j
1.97108683e-02+9.70756452e-03j
5.08940426e-03+9.43595469e-03j
-5.27626356e-03+2.07501071e-02j
1.37747124e-03-6.80796314e-03j
4.37807108e-02-1.19734076e-02j
-7.44265419e-03-8.27415643e-04j
-1.61022155e-02+2.10641572e-02j
7.79349134e-03+8.93756575e-03j
-1.51191585e-02+1.43484348e-02j
-3.60542689e-02+9.21937450e-03j
-5.47377513e-02-2.78858685e-03j
-5.76709268e-03-1.11644006e-02j
-1.36912621e-02-1.89514589e-02j
-1.44947956e-02-1.36254768e-02j
-2.92357357e-04-8.09779913e-03j
2.62548632e-02-1.08542034e-02j
1.74534471e-02-6.18370873e-03j
5.08993392e-03-1.63410778e-02j
7.95269166e-03-1.56742984e-03j
1.31071942e-02-1.31530137e-02j
1.46908722e-02+9.25390115e-05j
3.48006231e-03-1.50556128e-02j
-3.22726362e-02-1.06449823e-02j
2.09161420e-03+7.11601816e-03j
-4.80570254e-03-5.19923871e-03j
9.70295680e-04-1.91241334e-02j
-2.64100693e-03-2.09169436e-02j
1.33725795e-03-1.60936766e-03j
2.06839546e-02-1.84250408e-02j
8.35985233e-03+9.27341421e-03j
-2.84721808e-03+7.67850457e-03j
-2.81878846e-02+6.97844722e-03j
2.23369290e-02+1.59347000e-02j
1.48346610e-02+1.24494998e-02j
-4.15750619e-03+2.10511405e-03j
-3.17145315e-02+1.99983058e-02j
-8.21241170e-03+1.04681390e-02j
9.06870520e-03+9.17386826e-03j
2.15655804e-02-1.11791984e-02j
1.26736873e-02+1.47582548e-04j
9.47624107e-03-2.17361386e-02j
-5.98505835e-04-4.41794923e-03j
9.63217283e-03-1.20923649e-03j
8.73916159e-03+8.05813590e-03j
-1.03303435e-02-1.11828248e-02j
-2.06800499e-02-1.52851309e-02j
-1.18653901e-02-1.06921392e-02j
2.28361768e-03+1.22197099e-02j
-1.28569137e-02+8.71889839e-03j
-1.95600264e-02-5.68120570e-03j
-1.43952073e-02+3.19961381e-03j
2.77171206e-02+1.94621518e-02j
3.33753950e-02-2.23572514e-02j
7.51452089e-04-3.75897793e-02j
-1.56730763e-02-4.17937117e-03j
1.06129369e-02-1.87908332e-02j
1.00199996e-02-4.59499348e-02j
-5.18822278e-02-1.98164202e-02j
-8.03048424e-02+8.51000861e-02j
5.83427812e-02+1.22507638e-01j
1.40049851e-01+1.03276709e-02j
5.56766593e-02-1.45283047e-01j
-7.06563655e-02-8.17622049e-02j
-8.82917768e-02+4.09416434e-02j
-2.64691400e-02+3.77949186e-02j
1.27270416e-02-2.61715893e-03j
-2.99851685e-02+1.77358657e-02j
1.38721045e-03+2.94010663e-02j
3.82221380e-02+7.77719308e-03j
9.29827001e-03-1.67752070e-02j
-9.03156352e-03-1.67022771e-02j
-6.09707301e-03-1.21999420e-02j
1.30300660e-02+5.82925732e-03j
2.40582748e-02-1.30506291e-02j
4.35310452e-03-3.68899465e-03j
-6.03657051e-03+1.46397566e-02j
1.11526668e-02+1.41965332e-02j
-1.96222991e-03+1.52614867e-02j
-1.03824098e-02+6.43713507e-04j
-3.45359450e-03+1.29442433e-03j
8.26726227e-03+2.41204677e-03j
1.55336403e-02-2.02290439e-02j
3.97723547e-03-4.44028864e-03j
-1.19799574e-02-1.21414854e-02j
-1.25863231e-02-1.79816374e-02j
-5.88389512e-03-1.58195781e-02j
1.40965947e-02-4.50645560e-03j
9.92766703e-03-3.48444410e-03j
5.04912513e-03-1.28388258e-02j
-1.03135200e-02-1.33759558e-02j
-2.65369786e-03-2.11117148e-02j
-1.77308357e-02-9.12131200e-03j
-4.35485815e-03+3.52720178e-03j
-9.27052134e-03+2.14639116e-02j
6.41735432e-03+7.55932330e-03j
6.61640546e-03-9.76490844e-03j
6.08631211e-03+8.41923104e-03j
5.71131205e-03+8.35468558e-03j
8.18065191e-03+1.38789507e-02j
6.71373993e-03+1.23183928e-02j
6.48435609e-03+1.55397018e-02j
-4.77213446e-03+9.40668207e-03j
-1.32837701e-02+2.57432638e-03j
1.37868074e-03+9.70649258e-03j
-8.59897543e-03+2.25755793e-03j
-1.00246868e-02+1.81025737e-02j
-2.39568042e-02+8.20648311e-03j
-1.96111755e-02+5.51147221e-05j
-2.73391941e-02+6.66909623e-03j
-3.13450583e-02-3.75580835e-03j
-1.04916978e-02-8.95908978e-03j
-2.06536677e-02-1.34665376e-02j
-1.27117886e-02-1.10768399e-03j
1.58986185e-02-8.09354631e-03j
-1.78715664e-03-1.50098957e-05j
1.00546667e-02+1.26168992e-02j
-7.27429980e-03-2.95927200e-03j
-6.70627129e-04-7.31296761e-03j
-3.08200293e-03-7.48748763e-03j
4.61869049e-03-2.06030104e-02j
2.61336439e-02+1.27692404e-02j
2.75233645e-03-2.85834137e-03j
-7.83241811e-03+3.54071331e-03j
6.32406935e-03+6.91602059e-03j
3.21145865e-03+7.29907213e-03j
1.17778298e-02-3.61437731e-03j
8.98045291e-03+8.97780600e-03j
-9.03358647e-03+2.23724401e-02j
7.61051835e-03-8.90726596e-03j
1.70841385e-02-2.09373034e-02j
1.87195572e-02+6.53936506e-03j
-4.64007371e-03-7.20653260e-03j
3.09707299e-03-1.39407871e-02j
3.41719700e-02-2.40249242e-03j
1.79428355e-02+2.86087123e-02j
-2.01585768e-02+2.57541697e-02j
4.84637445e-04+9.89248936e-03j
-3.19486899e-03+1.99102118e-02j
-3.69648726e-02+3.60956994e-02j
-9.59760459e-02-1.09772953e-02j
-2.42234646e-03-1.25719406e-01j
1.29786910e-01-6.17643258e-02j
9.92789032e-02+9.25025160e-02j
-5.33820431e-02+1.22618362e-01j
-1.06124845e-01+2.30257577e-02j
-4.27961732e-02-6.09231942e-02j
3.26736424e-02-1.93090787e-02j
1.36899246e-03-1.18423844e-02j
-2.11689901e-03-3.85940740e-02j
2.31944477e-02-2.17957591e-02j
1.53939761e-02+9.96276132e-03j
-1.29069042e-02+1.76936547e-02j
-6.34160090e-03+2.25413432e-03j
-5.89199735e-04-1.44545600e-04j
9.30399721e-03+1.46331662e-02j
-1.01766911e-02+2.40516898e-03j
-1.70795994e-02+7.14598715e-04j
-6.39839921e-03-8.24916159e-03j
-1.03601021e-02-8.78714006e-03j
3.45538729e-03-3.50005085e-03j
-1.34960624e-02+6.01667330e-03j
1.93516747e-02-1.07391062e-02j
1.46417120e-02-6.34365416e-03j
1.55619991e-02+3.15466576e-04j
-6.50392900e-03+2.79431095e-02j
-1.55778846e-02+1.21111842e-02j
-1.53497648e-02+2.03848477e-02j
-1.42693637e-02-3.30807389e-03j
5.60026808e-03-9.96115672e-03j
7.72735787e-03+5.34774096e-03j
-6.80313686e-03+4.26333161e-03j
-1.52912958e-02+8.33334034e-03j
-8.82657200e-03+4.99067897e-03j
1.37162623e-03-8.29998767e-03j
-5.92700555e-03+5.39176578e-03j
-3.42179252e-03-1.03657538e-02j
3.28295680e-03-8.47841343e-03j
1.94431688e-03-9.60443896e-03j
4.85839805e-03-2.43128204e-02j
9.58097779e-03-3.45389089e-03j
8.57421209e-03-7.99353400e-03j
2.75543453e-02+7.39040934e-03j
2.14212953e-02-1.32447234e-02j
5.55276482e-03-2.61824841e-02j
2.45369484e-03-1.19019369e-02j
2.05104086e-02-1.15951040e-02j
-9.70387143e-03-1.64746795e-02j
-1.50560207e-02-6.62019083e-03j
-1.13392944e-02-1.03609543e-02j
-1.44301902e-02-1.00341206e-02j
-1.67067667e-02-2.13463462e-02j
-4.21522071e-03+1.31377804e-02j
-1.75115219e-02-3.62612998e-04j
-7.00603894e-03-8.58718804e-04j
-1.13530776e-02+2.08864849e-02j
7.02762002e-03+2.07874510e-02j
-9.33971341e-03+1.01834820e-02j
6.75269287e-03+7.03053620e-03j
-1.85391821e-02-7.11810097e-04j
-1.75272629e-02+1.39881283e-02j
-1.27691770e-02+1.24766938e-02j
-1.53347003e-02+5.79640156e-03j
-6.56249707e-03+6.17521257e-03j
1.68693484e-02-1.86833722e-02j
3.85571386e-03-2.37541896e-02j
1.12695960e-02+1.53425671e-02j
5.65188353e-03-1.25271818e-02j
1.51475306e-02-2.08141051e-02j
-2.01788452e-02+1.01949216e-02j
-2.99511861e-03-7.63641708e-03j
-2.36756526e-02+2.92302737e-02j
2.40885737e-02+2.43554430e-02j
4.60689064e-03-5.45994800e-03j
2.35072435e-02+2.18663772e-02j
2.52230304e-02+2.31391898e-02j
3.77995163e-02-1.54335739e-02j
-4.66318630e-03-3.66059847e-02j
-7.43294639e-03-1.51899239e-02j
6.76113774e-03-1.09151009e-02j
-8.59666056e-03-4.90041753e-02j
-9.21644909e-02-8.66123989e-03j
-7.19572585e-02+1.06920405e-01j
7.32948235e-02+1.24198778e-01j
1.49845772e-01-2.51476608e-02j
2.87026943e-02-1.40696797e-01j
-1.15417781e-01-7.32352104e-02j
-9.53832769e-02+5.38670726e-02j
3.51478578e-03+4.52756118e-02j
1.26697452e-02-2.27424898e-03j
-7.38701480e-03+9.13974476e-03j
9.95641587e-03+2.79808146e-02j
1.05392529e-02+2.00260859e-03j
1.64992431e-02-8.43117927e-03j
-1.72867530e-02-9.87860842e-03j
1.54875911e-02-2.91982169e-03j
1.05855594e-02+1.77959377e-02j
8.98010722e-03-7.04706044e-03j
-2.09034618e-02+4.74628796e-03j
1.02483712e-02+1.13074332e-04j
-4.46184913e-03+1.91558539e-02j
-2.96984782e-03-1.21538990e-02j
-9.29028219e-03-1.98751123e-03j
1.31280281e-02+1.09043351e-02j
-1.15872300e-02+3.17575146e-03j
6.85907434e-03-8.54644899e-03j
-1.06815687e-02-1.26649053e-03j
-1.85277876e-03-1.11095591e-02j
1.03834034e-02-8.06458600e-03j
-9.38422101e-03+2.97203039e-03j
3.30204914e-03-2.76770712e-03j
1.79211293e-03-6.45152468e-03j
1.10100283e-02-1.57475551e-02j
2.53653284e-02-9.84890200e-03j
1.74930905e-03+1.53530040e-03j
-2.55916239e-02+3.64251274e-03j
-2.07718306e-02+7.84307238e-03j
-2.80987389e-02+1.98778270e-02j
-4.16708524e-03+2.22804875e-03j
1.62406183e-03+9.26441194e-03j
-1.85015275e-02+6.42147193e-03j
-1.37594966e-02+5.19086571e-03j
-8.00778281e-03+1.59128984e-03j
6.61169852e-03+1.25323206e-02j
5.20561019e-03+1.24861294e-02j
2.93241449e-03+9.68346942e-04j
-9.61833350e-03+2.52592576e-03j
4.32071471e-04+5.75172567e-03j
2.24073786e-02+2.56060541e-02j
1.32771533e-02+6.09276356e-03j
1.00695019e-03+1.51183414e-02j
-8.34126700e-03+4.49176723e-03j
5.53832362e-03-9.42162935e-03j
-6.39646795e-03+7.31104091e-03j
-3.77675120e-02-5.84843040e-03j
-2.44173437e-02-1.43735614e-02j
-2.50709872e-02+6.09688889e-03j
2.17357216e-02-1.89140265e-02j
1.05015921e-02+9.60570671e-03j
4.39776679e-03-3.77895607e-03j
-6.02395759e-03-1.37785148e-02j
6.18170293e-03-7.88646719e-03j
8.32893119e-03-2.36848411e-02j
2.25524358e-02-1.84193721e-04j
1.29556719e-02+1.53353821e-02j
1.25362735e-02+3.57196065e-03j
1.91128528e-02+1.65521227e-02j
-1.56667700e-02-2.75949803e-03j
-2.32148803e-02-3.40657664e-03j
-8.76202683e-03+3.51533533e-03j
-1.60752127e-02+1.37241534e-02j
-4.01926607e-03+5.27957892e-03j
-1.24937028e-02-1.59790513e-02j
1.06226573e-02-1.63995957e-02j
2.44184650e-02+2.65826780e-03j
1.77720346e-02+4.87776364e-03j
-2.33854731e-03-2.44449985e-02j
2.81135643e-02-8.10989965e-03j
2.20522509e-02+2.62467617e-02j
-3.86853382e-04+2.75936573e-02j
-2.43375123e-02-7.96319525e-03j
1.09291832e-03+3.06141977e-02j
-5.98694764e-02+3.74527831e-02j
-1.02296711e-01-5.42995590e-02j
-8.46115789e-04-1.39107651e-01j
1.42463071e-01-5.58392420e-02j
1.33937542e-01+1.07286397e-01j
-2.96103517e-02+1.11724843e-01j
-1.07960320e-01+3.45900109e-03j
-1.72837834e-02-5.79681241e-02j
3.00157035e-02-2.67789684e-02j
-2.03298672e-02+8.63586069e-04j
-3.28553703e-02-8.83025792e-03j
8.89717807e-05-1.81428476e-02j
4.52129846e-02+3.16754680e-03j
1.44175733e-02+2.28389564e-02j
-1.68254256e-02+2.93250677e-03j
2.17779607e-02+6.61906927e-03j
3.53597345e-02+1.53670098e-02j
8.39344804e-04-6.40104904e-03j
-2.46895326e-02-2.79091046e-02j
2.14157334e-02-3.08559464e-03j
1.80654459e-02+6.52045606e-03j
-4.28053714e-02-5.16742577e-03j
-4.56783636e-02-1.09425084e-03j
9.18397066e-03-1.31644320e-02j
2.02243796e-02-1.66523042e-02j
-1.28675835e-02+5.32008266e-03j
2.01689230e-02-6.81087348e-03j
5.90577181e-02+9.53395317e-03j
1.92450611e-02+1.15419877e-02j
-2.05862384e-02+7.09617089e-03j
5.96719665e-03+2.12434181e-03j
1.26030408e-02-2.60633911e-03j
-4.12133101e-02-3.66625019e-03j
-7.39674224e-02-1.32920100e-03j
-3.43667160e-03+9.59776332e-03j
-3.32358533e-03+4.40176215e-03j
-3.40094703e-02-1.13575283e-02j
1.54489384e-02-1.04529839e-02j
9.42356571e-02-7.15715926e-03j
4.21942435e-03-1.34985774e-02j
-2.71226105e-02+3.75880511e-03j
1.39630836e-02-5.47465025e-04j
1.54049863e-02-3.34047886e-04j
-9.26721843e-02-1.37141308e-03j
-9.07456718e-02-6.40152139e-03j
1.75842384e-02-8.92790948e-03j
1.51972204e-02-4.29811411e-03j
-3.51900514e-02-1.06920848e-02j
8.28929649e-02-1.33281311e-02j
1.97970645e-01-8.05506179e-03j
5.90700194e-02+1.11167039e-02j
-8.20729914e-02-1.12705062e-02j
6.86352566e-02-5.43233773e-04j
-2.32151549e-02+9.03528741e-04j
-5.28881563e-01+6.05904599e-03j
-5.56407345e-01+1.14509505e-02j
3.49334061e-01+1.06658467e-02j
9.96651871e-01+9.88873836e-03j
3.94609173e-01+1.40524112e-03j
-5.18501780e-01+1.07232627e-02j
-5.38550215e-01+1.02719715e-02j
-2.73002655e-02+1.87492724e-03j
7.90974495e-02+1.11448668e-02j
-6.17022590e-02+1.66143887e-02j
7.32239066e-02-1.48313597e-03j
2.16469662e-01-2.70969358e-02j
7.96102547e-02-7.16902555e-03j
-5.23521522e-02-4.05981879e-03j
2.70354011e-02-7.30070754e-03j
2.79457622e-02-4.71034699e-03j
-1.04015946e-01-1.29387883e-02j
-1.22877751e-01+1.47103323e-03j
3.97267137e-03+1.38908121e-02j
8.94338671e-03+4.40198669e-03j
-4.26195165e-02-4.79542901e-03j
2.46340456e-02+2.58881743e-02j
1.32237053e-01+1.16101434e-02j
6.15969663e-02-1.02082193e-02j
-1.28681440e-02-2.78292392e-02j
1.47025159e-02+7.27147918e-03j
2.43599223e-02-1.55161840e-02j
-8.29317312e-02-5.89537185e-02j
-1.55545016e-01-1.22593975e-02j
-5.99473870e-02+1.18373154e-01j
8.76399321e-02+1.11095466e-01j
1.29869531e-01-1.99217395e-02j
2.81287503e-02-1.36974460e-01j
-2.96736752e-02-5.46927914e-02j
-4.42219570e-02+5.99203713e-02j
-1.61989312e-02+4.01318151e-02j
1.04395276e-03-1.32600444e-02j
-2.08824966e-02+1.45057306e-02j
-1.94495699e-02+1.78515116e-02j
-1.13998584e-02+1.24215198e-02j
5.35158827e-03-8.39392862e-03j
1.21127411e-02+5.21659375e-04j
-1.24386001e-02+7.39841111e-03j
1.71191747e-02-2.17314624e-02j
2.29596663e-02-6.66397635e-03j
-8.57772838e-03-1.01216939e-04j
-2.99797489e-02+1.52338244e-02j
1.10129832e-03+7.79545783e-03j
4.59541486e-03+2.97882698e-03j
-2.80646285e-02+1.32680290e-02j
-4.67369682e-02+1.08718523e-02j
-1.41305645e-02+9.90991209e-03j
2.97786427e-02-1.35320168e-03j
1.53384947e-02-7.76415162e-03j
3.64564971e-03-2.77019648e-03j
1.90552291e-02+1.65384058e-03j
3.29926550e-02+1.24704229e-03j
2.62813114e-02+1.12853313e-02j
-1.02117006e-02+7.35567609e-03j
-1.36524289e-04+8.98010442e-04j
5.21647895e-03-1.30632171e-02j
-1.57165781e-02-2.34566691e-03j
-2.35755339e-02-1.05519986e-02j
-4.39968354e-03+3.01377307e-03j
-6.78993629e-04+6.46801306e-03j
1.35297696e-03+1.05711368e-02j
-2.77839435e-02+2.31631481e-03j
4.55337384e-03+1.54055191e-02j
4.68201000e-02+2.01363336e-03j
8.27995831e-03+7.95223027e-03j
-9.85885221e-03+9.88586044e-03j
1.40689703e-02+1.58482245e-02j
1.87328429e-02+1.39158268e-02j
-6.02508068e-03-7.83885195e-05j
-2.46422936e-02-3.26197909e-03j
-1.32472380e-02+1.35554211e-02j
1.13566229e-04+1.06748386e-02j
3.65584612e-03+9.87426520e-03j
-1.08153119e-02+6.14631180e-03j
2.86339530e-03+2.40716517e-02j
-9.61309297e-03+4.69511040e-03j
1.28294117e-02-3.41116648e-03j
-8.50679790e-03-1.82257830e-02j
-1.06697886e-02-1.85556900e-02j
3.90299025e-03-1.61797149e-02j
1.62624354e-02-9.60768682e-03j
-4.24447640e-03-5.29505020e-03j
-1.80394027e-02-3.30349725e-03j
-3.19078882e-02-1.36261573e-02j
1.51134677e-02-1.13753652e-02j
1.06265511e-02-4.62001915e-03j
1.55501916e-02+8.41411963e-03j
1.47179554e-03+1.58101911e-02j
1.27256367e-02+1.73345616e-02j
2.63566038e-02-4.60393271e-03j
1.68641983e-02-4.72632430e-03j
4.71001892e-03-2.22021068e-03j
-2.96172378e-03+6.32675071e-03j
-3.03124834e-02+7.67148326e-03j
-5.48454942e-03-3.05796706e-03j
1.23385384e-03-1.20638302e-02j
-1.81283248e-02+3.12480732e-03j
-2.29546253e-02-5.56987306e-03j
1.54373120e-02-1.59814952e-02j
3.66643372e-02-7.44786501e-03j
1.00970412e-02+2.65747290e-02j
-1.36932208e-02+1.76020157e-02j
1.91062358e-02-8.00629572e-03j
2.26605816e-02+5.07704156e-02j
-3.53281298e-02+5.91136784e-02j
-7.85286024e-02-4.79536461e-02j
3.04398847e-02-1.29192259e-01j
1.37261694e-01-2.95697238e-02j
1.00129070e-01+1.16549229e-01j
-6.14689636e-02+1.13657967e-01j
-7.91010638e-02-1.36189399e-02j
-2.34161338e-02-4.13157875e-02j
-2.19052711e-03-9.96724682e-03j
-2.81303986e-02-6.24271240e-03j
-4.59715457e-03-2.51327395e-02j
4.55814033e-02-2.41484452e-02j
2.50788093e-02+2.40229880e-02j
3.83197391e-03+7.87545336e-03j
-8.82020027e-04-7.97234541e-03j
1.16172783e-02+4.14143675e-03j
1.53631961e-02+2.22510369e-02j
-1.00411265e-02-4.27783740e-03j
-1.77670972e-02-1.63255374e-02j
2.62720200e-03-1.88612788e-02j
4.79716311e-03+1.22712973e-02j
7.61272019e-03+5.48910772e-04j
3.73382922e-03-1.21732540e-02j
1.83090669e-02-1.15378123e-02j
1.45144237e-02-1.92368479e-02j
-2.90153156e-03+1.01349566e-02j
-8.47258663e-03+1.63738064e-02j
-2.01637721e-02+9.72312624e-03j
-1.28213426e-02-6.49950409e-03j
-4.97875082e-03+7.13380075e-03j
2.91469576e-03-4.74321561e-03j
-1.54132161e-02+1.78467200e-03j
-8.13171567e-03-4.55418505e-03j
-1.23620392e-02+1.58173408e-02j
-7.96852313e-04-5.45602201e-03j
3.44269962e-04-9.36674015e-04j
-4.66657693e-04-1.71176393e-02j
5.98117540e-03-2.82349018e-03j
3.72377312e-03-1.08418311e-02j
-4.52752380e-03-1.54943058e-02j
1.35145527e-02-8.58979992e-03j
-1.64917364e-02-3.81237078e-03j
6.82130174e-04-6.78914707e-03j
7.15308462e-03-1.30284778e-02j
-1.08767991e-02-1.51846697e-02j
1.16035479e-03+2.55648558e-03j
1.23028461e-02-1.48716926e-02j
6.21211249e-03-2.59708592e-02j
-1.32706422e-02-3.23543055e-03j
-1.68856781e-02-9.90248679e-03j
-2.58469705e-02-4.54146651e-03j
-2.16775576e-02-1.32890027e-02j
-2.52567601e-02+2.92926402e-03j
-2.31562537e-02+1.00863680e-02j
-1.38715723e-02+7.10556911e-03j
-2.08703527e-02-1.14480149e-04j
-2.87978638e-03+1.94975310e-02j
1.85468653e-03+5.87772256e-03j
1.45382589e-02+1.11514577e-02j
8.96629707e-03-2.98959606e-03j
-6.10388653e-03+1.21285040e-03j
1.63435114e-02+1.33854208e-02j
-1.10255970e-02+9.78331523e-03j
2.66802589e-03+5.22074353e-04j
1.64769872e-02-1.24375823e-02j
-2.69391023e-03-8.72770595e-04j
-4.02032648e-03+1.15752385e-03j
-2.35897057e-03-1.53043311e-02j
2.22018822e-02-5.60864357e-03j
2.13964409e-02-1.33809215e-02j
-6.01239508e-03-8.20944025e-03j
1.34265952e-02+1.41249864e-02j
1.93424147e-02+1.14431864e-03j
1.97619416e-02-7.73552806e-03j
1.67597026e-03+9.44478104e-03j
1.30809185e-02+1.83780745e-02j
3.28598194e-02+1.65182607e-02j
4.30592370e-02-8.16083539e-03j
8.70087983e-03-2.36651623e-02j
-1.75931508e-02+5.61926725e-03j
1.59252167e-02-2.08340812e-02j
-2.58963365e-02-6.70706179e-02j
-1.07531367e-01-7.98510680e-03j
-4.28466762e-02+1.10512169e-01j
1.09542990e-01+9.14465168e-02j
1.42231831e-01-7.61591064e-02j
-1.05770045e-02-1.29542145e-01j
-1.01762099e-01-4.57789210e-02j
-5.64049093e-02+5.98931174e-02j
9.45093003e-03+2.64679278e-02j
-7.40750468e-03+8.83793868e-03j
4.14095655e-04+1.32597228e-02j
1.70308015e-02+3.36410514e-02j
3.34178111e-02-1.16365407e-02j
1.33914664e-02-3.44797566e-02j
-1.22011842e-02-8.47507351e-03j
-6.76677887e-03-3.71371250e-03j
9.10377341e-03-2.87441671e-03j
-1.06697097e-02-1.28901318e-02j
4.20204570e-03+2.82619361e-03j
-1.76855668e-02+1.64891669e-02j
-3.04890502e-03+6.98824044e-03j
3.22233494e-04+9.18839271e-04j
-2.57697597e-02-2.76403480e-03j
1.59418598e-03+1.31588445e-02j
9.86577767e-03+6.75205937e-04j
1.71043638e-02-4.80016618e-03j
4.60303287e-03-1.07180008e-02j
4.79559549e-04-1.83313007e-02j
9.91274438e-05+9.69881112e-03j
5.08460955e-03-3.88347077e-04j
-8.77502688e-03+1.81422923e-02j
3.03552450e-03+1.49511857e-03j
-7.40421456e-03+1.67352960e-02j
-2.01772158e-02+7.99893829e-03j
4.18017538e-03+4.95285848e-03j
-9.68903313e-03+3.12366099e-03j
-1.57686753e-02+9.14391477e-03j
2.47558370e-03+9.54496534e-03j
-7.88117276e-03+8.33315079e-03j
1.54472953e-03+1.92761942e-02j
7.49578385e-03+9.49414921e-03j
1.46014288e-02+1.29718875e-02j
1.77061718e-02+2.63257305e-03j
1.50485744e-02+1.89348580e-02j
2.28424314e-02+1.89269120e-03j
1.92548330e-02+1.44401398e-03j
9.80694067e-03+9.71331765e-03j
1.25247002e-02+1.47788074e-02j
8.54377004e-03+1.13137053e-02j
-7.86261672e-03-2.16915334e-03j
-1.35607243e-02+7.77709896e-03j
-9.01613502e-03+2.52891706e-03j
1.04701900e-04+4.08413911e-04j
-2.22803487e-02+6.00262946e-03j
7.46861941e-03+2.94928933e-03j
-1.10976701e-02-4.88161676e-03j
-9.60020135e-03-1.75764110e-02j
1.32770545e-02+3.28959604e-04j
4.05171210e-03-4.07758487e-03j
-5.32183094e-03+9.89417080e-03j
-1.39201538e-02+6.13739887e-03j
-1.28870986e-02+1.07962399e-03j
-1.09827209e-02-1.03151496e-02j
-1.34487757e-02-1.56917473e-02j
-1.47174770e-03+2.66866352e-03j
2.84892212e-04+1.34317183e-02j
-3.69079976e-03-4.62067864e-05j
-2.06529402e-02+1.11653353e-02j
1.15882794e-02-3.03601496e-03j
1.09692888e-02+1.82779282e-02j
-1.12774458e-02+1.27450608e-02j
-3.11198410e-02+4.37449735e-03j
-4.99309370e-03-3.10917494e-04j
4.70801475e-03-3.02418339e-03j
1.05114404e-02-9.09570638e-03j
3.53901803e-04-5.75946212e-03j
3.62527536e-02-1.95471502e-02j
4.62654148e-02+2.01228447e-04j
1.89612071e-02+4.02974968e-02j
-3.88591032e-03-1.01355497e-02j
8.85366810e-03+1.34792389e-02j
8.24352630e-03+3.21994955e-02j
-8.94109057e-02+2.52596304e-02j
-8.34839501e-02-7.21254536e-02j
4.04461946e-02-1.38388351e-01j
1.35898131e-01-1.88283566e-02j
7.07030554e-02+1.33094810e-01j
-8.88922184e-02+1.08054120e-01j
-9.59026180e-02-1.82867769e-02j
-1.90548240e-02-5.38057370e-02j
8.12299043e-03-5.54945262e-03j
-5.44564456e-03+3.82302500e-03j
-7.14651881e-03-1.87860758e-02j
3.30729280e-02-5.77876700e-03j
2.22708003e-02+9.59978885e-03j
1.23877819e-02+9.16218017e-03j
-4.29503688e-04+1.20806917e-03j
2.31916264e-02+1.19398364e-02j
1.70816970e-02+2.22300315e-02j
-2.16019760e-02+5.09895762e-03j
-1.35603129e-02+5.82675329e-03j
5.47439868e-04-5.62465952e-03j
1.95580021e-02-5.38940669e-04j
1.51646483e-02+6.53677829e-03j
3.43846607e-03-2.65394247e-03j
-4.11360581e-03-2.32132568e-03j
3.44893208e-03-6.22342075e-03j
-3.52001286e-03+5.96911651e-03j
-6.07581034e-03+1.55942790e-02j
1.45715611e-03+7.49588417e-03j
-4.08894983e-03-5.06807236e-03j
-1.84684025e-02+1.82182008e-02j
-7.23802023e-03+7.19862855e-03j
4.44080590e-04-9.28704328e-03j
2.84298157e-02-1.51082577e-04j
-2.68722214e-03-9.65149123e-03j
-2.90387595e-04+1.07924399e-02j
-1.77455065e-02-3.93985868e-03j
-8.24609428e-03-4.09535763e-03j
1.33800309e-02-2.04664146e-03j
3.36783509e-03+1.67959565e-03j
-6.22420816e-03+2.76790968e-03j
-1.02054554e-02+7.21665519e-03j
-1.47140211e-02-1.14983490e-02j
7.46059216e-03-5.54317437e-03j
1.49775453e-02-1.94482026e-02j
-3.30254606e-03+3.92966593e-03j
-1.27469620e-02-2.17376780e-03j
-1.00383983e-03-1.39701505e-02j
3.86519424e-02-1.39203673e-02j
2.11672367e-02+1.74991054e-03j
4.29145892e-03-2.11435027e-02j
-1.00414881e-02-1.64054177e-02j
-5.03817549e-03+2.11376409e-02j
-2.00086494e-03-1.07273392e-02j
-1.90090077e-02+6.58096073e-03j
-2.61534297e-02+4.06216818e-03j
-3.17762837e-02-1.07232487e-03j
7.45919919e-03+7.00852765e-03j
2.07063951e-02-7.63095089e-03j
-1.01931537e-02-2.28579332e-03j
-5.20011242e-03-7.67348711e-03j
2.27968514e-02+2.18554917e-03j
2.03872262e-02+2.23538193e-02j
5.09252661e-03+2.29519981e-02j
9.12226463e-03+6.98258683e-03j
1.28360578e-02-1.18255699e-02j
1.67268200e-02-1.05477231e-02j
-2.31801812e-02+3.50408350e-03j
-1.91727424e-02+1.87544904e-03j
-1.40954122e-02-1.02871967e-02j
6.73602699e-03-1.88879423e-02j
-1.29409233e-02-3.49680409e-03j
-1.49603927e-02+1.72059495e-02j
-4.82623375e-03+1.17194815e-02j
3.01981312e-02-5.37503934e-03j
2.15633510e-02+9.37234200e-03j
3.66088483e-03+2.55762281e-02j
1.55762528e-02+8.51607857e-03j
3.84755693e-02-1.88675822e-02j
-4.90580166e-03-2.54813661e-02j
-2.56646760e-02-2.26563551e-02j
-8.49917391e-03-2.37174347e-02j
-4.20673850e-02-5.82751154e-02j
-8.29814604e-02+1.94385895e-02j
-3.47448708e-02+1.36240273e-01j
1.12213087e-01+8.36263177e-02j
1.50563004e-01-8.60330965e-02j
2.32488349e-02-1.31550415e-01j
-8.34023503e-02-1.85915891e-02j
-4.96513151e-02+4.26408946e-02j
2.78837533e-02+1.69623038e-02j
-2.06495576e-02+1.21714329e-03j
-4.55649502e-02+8.92678505e-03j
-1.45324586e-02+1.89978997e-02j
2.90963676e-02-8.18513658e-03j
5.41287937e-03-2.37880489e-02j
-3.30694773e-03-6.30942388e-03j
3.12961548e-02+4.00099663e-03j
5.15549292e-02-1.83630134e-02j
2.71831917e-02-2.68546486e-02j
-2.48790787e-02+1.60990957e-02j
-4.18903186e-03+1.93992879e-02j
1.21199901e-02+3.03313572e-02j
-3.63498093e-02-5.30957797e-04j
-5.21612622e-02+2.47999135e-03j
1.74565501e-03+6.83386757e-03j
1.48256740e-02+3.05781861e-03j
-1.00823004e-02+2.50726569e-03j
1.12323966e-02-1.04950000e-02j
6.58862723e-02+6.40309848e-03j
3.72466940e-02+1.35080908e-02j
-1.69898025e-02+2.49025521e-03j
5.35038868e-04-1.05879129e-03j
1.65380795e-02-8.10329125e-03j
-2.83933475e-02-1.29089611e-02j
-8.15900731e-02-1.10265361e-03j
-1.65430833e-02+1.13077391e-02j
4.31452510e-03-9.99043738e-03j
-1.47806992e-02+1.29007495e-02j
-1.15563954e-03+6.82077114e-03j
5.81926684e-02+3.49543961e-03j
5.45245047e-02+1.60021649e-02j
-2.47693905e-02+1.35179183e-03j
-1.09230451e-02+1.01384999e-02j
2.48439599e-02+7.68495988e-03j
-7.42818625e-02+2.34997364e-02j
-1.12242076e-01+7.43394361e-03j
-2.04282035e-03+8.14278620e-03j
3.17772566e-02+6.29566965e-03j
-3.70302328e-02+4.64135828e-03j
1.64815714e-02+1.20188174e-02j
2.01975417e-01+1.34748898e-02j
1.18677228e-01+3.89150956e-03j
-7.96193132e-02-4.54619159e-03j
2.46987404e-02-6.55461179e-03j
6.81395150e-02+1.41546634e-02j
-4.11950656e-01-1.12789425e-02j
-6.42614757e-01-1.48032804e-02j
9.49437962e-02-3.29231652e-03j
9.49320673e-01-2.13410118e-03j
6.29605206e-01+4.47381772e-04j
-3.61066231e-01+6.27337189e-03j
-6.27104671e-01+2.83614736e-02j
-1.56683404e-01-1.18665410e-03j
1.07726998e-01+4.07650079e-03j
-4.50605019e-02-3.47221136e-03j
-1.18515536e-03+1.50710115e-03j
2.10391568e-01+9.57135919e-03j
1.22184193e-01-9.16796263e-03j
-3.23262849e-02-3.94566247e-03j
3.47455812e-03+7.89463068e-03j
2.62580064e-02-5.16879749e-03j
-7.97403793e-02-2.75384515e-04j
-1.32158987e-01+6.26234306e-04j
-1.10167379e-02-1.01092797e-02j
3.32396555e-02-1.78106537e-02j
-3.09415574e-02-1.30924601e-02j
1.46350814e-02-2.04307577e-02j
1.02727789e-01-3.06509498e-02j
8.23139428e-02+2.61555955e-02j
-1.45837451e-02+2.57679032e-02j
-1.16208944e-02-7.36380588e-03j
2.34732766e-02-3.77754223e-03j
-4.60849478e-02+4.81430727e-02j
-1.64280307e-01+1.79929346e-02j
-8.53861751e-02-9.17364432e-02j
7.31000828e-02-1.21480796e-01j
1.32413305e-01+2.65394497e-03j
5.66453055e-02+1.37636762e-01j
-9.50279265e-03+8.99574199e-02j
-4.33744339e-02-2.06987479e-02j
-1.60396922e-02-5.43943266e-02j
2.11862793e-02-4.46777247e-03j
-3.72603679e-03+1.83471276e-04j
-1.27234118e-02-2.64163961e-02j
-1.82469432e-02-5.97918597e-03j
1.08909490e-02+1.83554952e-02j
1.52294370e-02+2.07393197e-02j
6.56213341e-05+7.07057877e-03j
-1.37718517e-04+7.17076536e-04j
3.77599493e-02+5.91100665e-04j
3.70473411e-02+1.27164645e-02j
-4.76132236e-03-1.96435151e-02j
-1.06244003e-02-1.69170864e-02j
6.07914819e-03-4.00302110e-03j
-3.38804242e-02-7.79734816e-03j
-2.70946697e-02+7.36607871e-03j
-2.08702103e-02-9.03801108e-03j
2.06932663e-02+2.24988091e-03j
1.04694825e-02+3.03956831e-03j
-5.40302725e-03+9.70085720e-03j
9.12653161e-03+1.03640915e-02j
2.94391803e-02-3.41103041e-03j
1.25673872e-02+5.46628981e-03j
-4.22920850e-03+1.77923130e-02j
-1.67264964e-02-1.20289267e-02j
1.20108669e-02+1.78840077e-02j
-2.51450583e-02+1.68063740e-02j
-4.78956101e-02-3.40886309e-03j
-2.54512306e-02-6.51050911e-03j
1.71074200e-02-7.30081504e-03j
-1.59605350e-02-3.11512713e-03j
-3.40609991e-03-9.49844538e-03j
1.39935731e-02-1.23119644e-02j
2.48713935e-02-4.49687204e-03j
9.79990426e-03-5.57150866e-03j
-1.05770565e-02-2.32106402e-02j
-1.01266402e-02-2.25103859e-02j
5.47581207e-03-4.14766085e-03j
-9.46854851e-04-2.01678689e-03j
-6.90592273e-03-1.83553596e-02j
-2.12465674e-02-1.04193984e-02j
9.94689253e-03+2.50723183e-03j
-1.17171921e-02+2.98459007e-03j
-1.10652678e-04-9.16935582e-04j
-3.19910235e-03-4.98485850e-03j
1.26817378e-02-8.72500789e-03j
1.27717770e-02+2.90958739e-03j
-1.89554930e-02+8.60429333e-03j
-8.06261313e-03+5.77651973e-03j
2.03646847e-03+7.50151418e-03j
9.71286781e-03+1.00586704e-02j
-5.52552025e-03-1.08991330e-02j
-2.34232161e-02+1.18977901e-03j
-3.55719932e-02+1.11976148e-02j
-4.95948675e-03-1.47674356e-02j
2.94999408e-02+6.56994898e-03j
7.78867850e-03+3.67791171e-03j
5.50273971e-03-5.92228749e-03j
5.33732156e-03-1.13455529e-02j
2.41286476e-02-8.62207427e-03j
1.38573921e-02-5.11482278e-03j
5.32057154e-03-2.68392571e-04j
-9.08950773e-03-1.11400994e-02j
-4.38626595e-02-1.89180381e-02j
-9.19316760e-03+1.69475451e-03j
-9.67104944e-03+1.15460753e-02j
-1.22227776e-02+8.77951554e-03j
-3.11492720e-02+7.91450469e-03j
-3.01706138e-03+2.28320293e-02j
3.53790514e-02+1.39257442e-02j
2.61568513e-02-1.87773481e-02j
-2.33944414e-02-2.63164001e-02j
1.02725227e-02-3.68234144e-03j
2.59152501e-02-2.29852214e-02j
-3.67424920e-02-5.02562074e-02j
-9.43191821e-02+2.99543280e-02j
-4.84402617e-03+1.32291948e-01j
1.27736597e-01+8.80150488e-02j
1.22384841e-01-8.43799960e-02j
-3.36813429e-02-1.14884841e-01j
-9.23812920e-02-6.55103395e-03j
-3.65636714e-02+3.37190840e-02j
-1.07015580e-03+3.89737310e-02j
-1.49499215e-02+3.03701340e-03j
-1.17972432e-02+4.55008338e-02j
1.68111862e-02+8.70162244e-03j
3.79234947e-02-1.32792509e-02j
1.43524373e-02-3.33616839e-02j
-1.63321023e-02-1.26911978e-04j
-3.41365236e-03+1.60454417e-05j
7.98844078e-03-1.84686505e-02j
9.02428189e-03-2.63546422e-02j
-3.36672027e-03+2.72439366e-04j
-1.61366747e-03+7.53268359e-03j
9.45262657e-03+1.32888933e-02j
-7.20293519e-03+6.03509155e-03j
1.69980454e-02+3.87417034e-03j
-5.09801589e-03+1.73300507e-02j
2.15618737e-02+4.97898622e-03j
8.82072542e-04-8.19421103e-03j
2.76442737e-03-3.56048953e-03j
-2.27339362e-02-1.25594015e-02j
-1.12287410e-02-3.48520675e-03j
-4.09166337e-03-2.55413563e-03j
1.35777704e-03+1.71606014e-03j
7.16124094e-03+7.63693664e-04j
1.04727905e-02-3.17814646e-03j
-1.49904251e-02-1.77317451e-03j
-3.44511266e-02-1.04742505e-02j
-1.72492686e-02+3.75229173e-03j
8.37690693e-03+1.66735671e-03j
4.35289237e-03-6.85411571e-03j
-2.35409017e-04-2.29981254e-03j
-5.35605736e-04+1.66074987e-02j
7.95358362e-03+1.38531223e-02j
1.70135263e-03+4.43698473e-03j
2.93057269e-03+4.05271783e-03j
1.96535861e-03-7.10787033e-03j
-5.64185012e-04+7.08001896e-03j
-6.20512810e-04-1.49930643e-03j
6.94321827e-03+6.14340740e-03j
-7.63227580e-03+3.06449496e-03j
6.67434035e-03+1.36843663e-02j
-9.18480839e-03+2.65620688e-03j
-3.91214154e-03+7.58756750e-03j
-2.87583545e-02+1.45753614e-02j
-1.87865307e-02+1.23292347e-02j
-1.46046282e-02-7.67035606e-03j
-2.31347688e-02+1.29708821e-02j
-1.53743255e-02-1.20583908e-02j
3.56491000e-03-2.51389307e-02j
1.18646233e-03-2.31927125e-02j
6.81126020e-03-6.06046245e-03j
-7.68507600e-03-1.82450064e-03j
1.03712847e-02-5.40740022e-03j
-9.60691809e-03+1.73518163e-02j
-1.54160715e-02+5.07262520e-03j
2.00384981e-02-1.18751324e-03j
-5.49192623e-03-3.15993772e-04j
-2.55651118e-03+7.19533392e-03j
-3.94956444e-03+1.33369684e-02j
-1.01119159e-02+4.61616876e-03j
9.72601868e-03+1.58325753e-02j
3.18248779e-03+1.35209100e-02j
-1.21183766e-03+2.26911270e-02j
-4.31505894e-03-1.02415794e-03j
1.86836314e-02-1.89374419e-02j
1.91698252e-02-1.20537924e-02j
9.45492250e-03+1.18378882e-02j
9.64022956e-04-9.46952817e-03j
3.53707565e-02-2.93305327e-02j
2.59783910e-02+1.05487199e-03j
6.14766793e-03+1.56119150e-02j
-1.04157663e-02+1.17918777e-02j
8.59664254e-03+2.20294864e-02j
3.97723624e-03+6.71168091e-02j
-8.48947448e-02+3.28855463e-02j
-8.60845470e-02-9.50503699e-02j
6.17877009e-02-1.14002600e-01j
1.45202401e-01+1.78043830e-02j
1.83873977e-02+1.24226919e-01j
-9.22713858e-02+7.31300022e-02j
-7.68391483e-02-2.97900615e-02j
-1.09434185e-02-3.74712879e-02j
6.38200050e-03+9.75576416e-03j
-2.06750495e-02-1.86362590e-02j
1.06581251e-02-2.40898927e-02j
2.24586863e-02-2.17798080e-02j
1.34952879e-02+3.14687027e-02j
6.12043205e-04+1.83865518e-02j
-5.96063653e-03-1.98759878e-03j
4.38216842e-03-6.72820228e-04j
-2.29532442e-02+1.80520541e-02j
-2.99886278e-02+1.25645146e-02j
-6.96958835e-03+4.49253288e-03j
1.85968652e-02-9.80626121e-03j
-6.07009441e-03+9.83808228e-03j
-7.69807903e-03-3.11232923e-03j
-7.85888561e-03-1.15879006e-02j
1.88586636e-02-1.62213520e-02j
-9.49469023e-03+5.53183649e-04j
1.07523322e-04+2.03190527e-02j
1.47761840e-03-1.77208785e-02j
-3.16781787e-03+4.77654575e-03j
-8.53118954e-03-2.35253168e-02j
-1.62414714e-02-5.65156894e-03j
-1.45015243e-03+4.32988872e-03j
-6.78912321e-03+1.03973338e-02j
-4.05397686e-03+2.91460043e-02j
-2.62173575e-02-9.48772295e-04j
-5.96088193e-03-1.46197331e-02j
-2.47943397e-03-3.51892124e-03j
-1.96002912e-02+1.30215132e-03j
1.81612294e-03-1.70679471e-03j
5.48616379e-03-1.15082698e-02j
1.45159727e-02+6.19248569e-03j
1.45434875e-02-5.48803563e-03j
1.10106424e-02-5.74612441e-04j
2.01214745e-02-1.65193302e-02j
2.66905195e-02+1.00585882e-02j
8.24672397e-03-4.20576217e-03j
-5.19310226e-03-1.23041900e-02j
1.00864520e-02-4.35444338e-03j
1.28843825e-03+4.35477445e-03j
-4.36172961e-03-2.15002533e-03j
3.87780264e-03-1.79175048e-02j
-2.05207788e-02-2.45544189e-03j
-6.88027034e-04-9.29210612e-03j
-9.81704841e-03-1.30745676e-02j
-5.59393794e-03-6.70102527e-04j
8.37754148e-04+1.29933720e-02j
9.80464575e-04-3.84267370e-03j
-9.42733553e-03+1.27569551e-02j
8.83764287e-03-1.34671101e-03j
1.03121717e-02-6.55242369e-04j
-4.85371299e-03-1.03033671e-03j
-1.31292309e-02+8.65771642e-03j
-1.46549105e-02+3.91781650e-03j
-1.46409257e-05+2.02129973e-02j
9.89779883e-03+5.25310024e-03j
-3.31998999e-03-1.20239445e-02j
5.27443694e-04-4.95361539e-03j
-1.49967908e-02-3.73054554e-03j
3.19075027e-03-1.87085600e-02j
1.08031704e-02+1.28614675e-02j
-1.34022970e-02-9.03104967e-03j
-2.60261587e-02+7.39510742e-03j
-1.46223215e-02+2.32128510e-02j
-4.68142631e-03+3.47672485e-03j
7.55239829e-03+1.32860470e-02j
7.35204879e-03+2.75539450e-04j
2.95776785e-02+1.83569876e-02j
3.99067412e-02+1.22404168e-02j
2.99193579e-02-1.17006201e-02j
6.07384522e-03-1.98811609e-02j
-6.61098419e-03+5.37648556e-03j
4.63345461e-03-3.67171506e-02j
-4.48648593e-02-5.18108100e-02j
-8.46808463e-02+4.29967688e-02j
8.60220277e-03+1.43550375e-01j
1.39687842e-01+6.35903225e-02j
9.13245137e-02-1.07864850e-01j
-6.17158200e-02-1.04643919e-01j
-1.16634629e-01-1.69133843e-02j
-3.66227578e-02+5.07300013e-02j
2.40366307e-02+1.30437786e-02j
-6.98764966e-03+1.56231683e-02j
-2.00114207e-03+2.94945765e-02j
2.46767922e-02+2.02468913e-02j
2.04094396e-02-6.01471860e-03j
-6.62628398e-03-1.96739684e-02j
-6.07078109e-03-4.30801532e-03j
7.46691905e-03-1.32186862e-02j
1.34028697e-02-3.81543478e-02j
-1.93328236e-02-1.87536753e-02j
-1.25974164e-02+2.05003678e-02j
-8.69175231e-03+3.32919990e-02j
1.11776733e-02-7.93928516e-03j
-6.02127844e-03+4.21307136e-03j
1.10013959e-02+2.85007922e-03j
1.53263377e-02+2.48792129e-02j
2.40044854e-03+1.09711598e-02j
6.08114784e-04-1.00654730e-02j
-2.26710441e-03-1.91995478e-02j
4.59383410e-03-8.18501957e-03j
7.40716328e-03-5.39461332e-03j
7.25884239e-03+3.69771169e-03j
1.84913008e-03-3.15195240e-03j
2.01125540e-02-1.11109581e-02j
1.03595701e-02-1.80033530e-02j
6.71818386e-03-1.05657077e-02j
1.42318907e-02+1.27637060e-02j
-9.04811878e-03+7.02696549e-03j
6.17255680e-03-7.54349079e-03j
-8.15895798e-04+1.61908399e-02j
-2.82731663e-03+1.00094247e-02j
-4.95376833e-03+7.44288418e-04j
-1.67348581e-02-3.37068435e-03j
-9.47366026e-03+2.05992904e-02j
-3.77501164e-04-7.49878673e-03j
2.11514974e-02+2.15641952e-02j
1.29519529e-03+1.42850847e-02j
-7.20179732e-03-1.17062488e-02j
-2.84892652e-03+1.88821165e-02j
8.35938368e-03+8.92001889e-03j
7.64663054e-03-2.64677424e-03j
1.09247308e-02-1.38511209e-03j
7.16326579e-05+6.17568282e-04j
5.71216045e-04+6.39398320e-03j
1.62343489e-03-3.84942283e-03j
-1.04331567e-03+5.33823491e-03j
-2.75744262e-02-1.24859237e-02j
-2.26092546e-02-1.45674811e-02j
-4.41805856e-03-4.82938723e-03j
-3.14903437e-04-5.73063155e-03j
7.44578735e-03-3.15909414e-03j
-8.93799234e-03+8.88736669e-03j
7.52100488e-03-1.90382610e-03j
3.42215092e-02-1.85830978e-02j
1.77819142e-02+3.66340983e-04j
1.00311236e-02-6.08514123e-03j
1.28150328e-02+5.05050067e-03j
6.64509214e-03+2.26297121e-02j
-5.34981839e-03-7.02979643e-03j
-3.35068519e-02+8.61332494e-03j
-2.51832666e-02+1.68105032e-03j
2.27261707e-03+6.47386073e-03j
5.01334358e-03+1.01111872e-02j
-1.37073687e-02-7.98097348e-03j
-7.62890318e-04-1.95358123e-02j
2.45985306e-02-1.59519005e-02j
2.49549444e-02+3.32068753e-03j
-9.17623034e-03-1.05052519e-02j
1.26370040e-02-6.64817387e-03j
3.59796863e-02+9.87218563e-03j
1.17656577e-02+2.76912489e-02j
-1.98021891e-02-8.47833234e-03j
-1.75412832e-02+1.05554533e-02j
-2.81189237e-02+6.80727144e-02j
-7.74395097e-02-3.75748151e-03j
-5.46150350e-02-1.04244447e-01j
7.17685409e-02-1.19908277e-01j
1.59751772e-01+4.69094107e-02j
4.35754976e-02+1.25300223e-01j
-8.40161469e-02+7.11420804e-02j
-7.35542351e-02-3.96292326e-02j
2.08205617e-02-3.65798249e-02j
9.29909102e-03-4.98065995e-03j
-3.64383690e-02-1.40880584e-02j
-2.20468566e-02-3.40149447e-02j
3.54551533e-02-1.24301248e-02j
1.20207864e-02+1.86902687e-02j
-2.98582439e-02+7.33663080e-03j
2.06965208e-02+2.80833623e-04j
3.22455805e-02-4.57208708e-03j
2.06177730e-02+2.90926337e-02j
-3.17453887e-02+3.42207752e-03j
-1.24461260e-02-7.23006010e-03j
1.74126807e-02-1.12890739e-02j
-1.96815554e-02-4.94274837e-03j
-3.76514419e-02+1.55947186e-02j
-1.59767407e-02-1.33203276e-03j
9.52216653e-03-2.13121108e-02j
1.15333603e-03-1.76260269e-03j
-1.39147213e-02+3.50040317e-03j
5.34736228e-02+3.56893711e-02j
4.01152665e-02+1.16956010e-02j
-1.28682207e-02+9.64684583e-03j
-1.37777883e-02+1.11597459e-03j
1.72684450e-02-1.20915821e-02j
-7.86876977e-03+7.91906528e-03j
-7.76065563e-02+7.22776426e-03j
-3.38223734e-02+4.57374476e-03j
1.96404987e-02+1.72818165e-03j
1.18574474e-03-5.40523408e-03j
-1.65669725e-02-9.29977342e-03j
5.60784484e-02-5.82825690e-03j
6.56866878e-02-1.00398898e-02j
2.36110397e-03+4.36644694e-03j
-3.18627850e-02-7.16633441e-03j
3.25132514e-02-5.94514207e-03j
-3.21418632e-02+8.98915324e-03j
-1.20935866e-01-2.32922220e-02j
-3.67046042e-02+7.84406688e-03j
2.46507672e-02-1.42961335e-02j
-2.37403401e-02-5.36785207e-03j
-3.14124286e-02-3.51862894e-03j
1.80023328e-01+1.36416515e-03j
1.57073197e-01-5.08896118e-03j
-5.46626455e-02-1.37146372e-02j
-3.61457751e-02-2.18194837e-02j
8.65604094e-02-6.70447745e-03j
-2.66270109e-01+7.48725355e-03j
-6.55351537e-01+7.22278408e-03j
-1.54831944e-01+4.59376723e-03j
8.25156205e-01+6.78057148e-03j
8.31940169e-01+1.41335897e-02j
-1.41242378e-01-4.55413660e-03j
-6.75489052e-01+2.74994737e-03j
-2.62900507e-01+2.35002565e-03j
8.83610687e-02+1.03079603e-02j
6.21524643e-03+1.21604624e-02j
-3.47452655e-02+9.26358192e-03j
1.72605300e-01-1.08242589e-02j
1.61015309e-01-7.70139063e-03j
-9.18480595e-03+1.81473256e-02j
-3.28890959e-02-1.69504030e-02j
3.86797586e-02-4.98504005e-03j
-3.81381802e-02-2.20244872e-02j
-1.42519072e-01+3.86137960e-03j
-5.64352704e-02+1.67594731e-02j
3.45607774e-02+5.63667602e-03j
-1.08022605e-02+1.95705383e-05j
-1.65549277e-02+5.13898504e-03j
1.01576948e-01+2.94918866e-02j
9.96102821e-02-5.10673722e-03j
-9.83599127e-03-2.19424633e-02j
-2.31171629e-02-1.22479850e-02j
2.63824746e-02-1.02326630e-03j
-3.32722624e-02-4.05268527e-02j
-1.45557748e-01-3.99568555e-02j
-1.18959369e-01+5.63112594e-02j
1.44468726e-02+1.30262818e-01j
1.26151639e-01+4.82254667e-02j
8.06339969e-02-1.22272223e-01j
1.75248792e-03-1.01143585e-01j
-4.82124221e-02+9.95833635e-03j
-2.17870575e-02+6.01946574e-02j
2.44887428e-03+1.01724141e-02j
-1.15042886e-02-7.35625581e-04j
-1.10632298e-02+1.67255254e-02j
-1.16478405e-02+2.56971708e-03j
1.62448252e-03+4.14855508e-03j
-4.56103682e-03-2.03214749e-02j
-3.80519471e-03-2.73869165e-02j
-6.55219948e-03-8.67285483e-03j
1.66470828e-02-2.07495513e-02j
1.52634826e-02-1.96532435e-02j
-2.40735645e-02+8.07434021e-03j
-1.25265233e-02+2.02745053e-02j
1.17521603e-02+4.29454869e-04j
5.94632223e-03+7.80891389e-03j
-2.38348529e-02-2.15137041e-03j
-1.90024293e-02+1.55570638e-02j
2.58021820e-02+1.26395478e-02j
1.27330798e-02-6.67232422e-03j
-4.65525914e-04+2.24047575e-04j
1.96612352e-03-5.81607867e-03j
2.28971193e-02-2.18133734e-03j
1.69548373e-02-8.49937213e-03j
-1.14014909e-02-1.14352025e-02j
-5.08479993e-03-9.67646863e-03j
1.26570411e-02-7.43279273e-03j
-1.67992872e-03-1.33619303e-02j
-2.77012634e-02+5.58461718e-03j
-2.94944227e-02-2.40901818e-04j
-6.58764161e-03-7.27022798e-03j
1.40635294e-03+1.06143054e-02j
-1.22494946e-02+5.69043112e-03j
-7.09202285e-03+7.82845935e-04j
1.14585021e-02-1.67183732e-03j
1.12928334e-02-3.32177803e-03j
5.56238306e-03+1.42678145e-02j
-4.05869144e-03-5.17072904e-03j
1.25448033e-02-7.71960881e-03j
1.48668990e-03+1.27158615e-02j
-1.80643135e-02+1.22795889e-02j
-1.13282956e-02+1.83494314e-02j
-2.32711766e-03+1.10951292e-02j
-1.20592028e-03+2.46404354e-02j
-5.19855161e-03-4.31463188e-03j
-1.65714549e-02-2.85414394e-03j
1.11339222e-02+2.39328809e-02j
6.80768704e-03+1.76327642e-03j
-3.11212209e-03-1.22284918e-02j
-8.98840884e-03+3.65099704e-03j
-1.30430955e-02-6.94652001e-03j
-1.22328252e-02+6.23994297e-03j
7.10240541e-05-1.57714776e-02j
-1.52852612e-02+1.13336307e-02j
-4.77507935e-02-2.69281147e-03j
-2.01179534e-02-6.69696760e-03j
1.09808958e-03-2.72424900e-03j
1.75312558e-02-1.23714137e-02j
2.48853961e-02-8.31927050e-03j
-2.66814468e-03+1.30536047e-02j
2.09143024e-02+1.37255111e-02j
2.56438355e-02-4.21404195e-03j
-5.55772098e-03-8.20228232e-03j
-7.01607590e-03+1.66942490e-02j
-9.53841400e-03+8.42305849e-03j
-1.16017762e-02-5.62528803e-03j
1.24237749e-03-6.24055377e-03j
-1.94890011e-02-1.43660163e-02j
-2.70053327e-02+3.51186746e-03j
-2.10343657e-03-1.04048146e-02j
2.98771880e-02+4.31758280e-03j
2.97121613e-02+1.74625194e-02j
-7.82321389e-04+3.26964690e-02j
-1.68522373e-02+4.74342826e-03j
2.70647322e-02+1.96822232e-02j
-1.22005751e-02+3.26556618e-02j
-7.85273601e-02+5.24134222e-03j
-5.72133237e-02-1.24219625e-01j
1.12116229e-01-1.01846505e-01j
1.27963221e-01+5.79256927e-02j
-9.08194932e-03+1.47031612e-01j
-9.67067297e-02+4.29928174e-02j
-6.15900913e-02-5.17233404e-02j
7.41268132e-03-4.42440081e-02j
-7.58153558e-03+9.66867672e-03j
-1.77091777e-02-2.74555704e-02j
3.79077355e-02-2.42612297e-02j
3.35397660e-02+8.24199316e-03j
6.09209015e-03+1.73318009e-02j
-1.24680003e-02+1.48311777e-03j
-7.17590311e-03+1.14976033e-02j
1.68151342e-02+8.52098260e-04j
4.56789540e-03+5.83653472e-03j
-1.13651356e-02+8.14043340e-03j
-1.30716955e-02-9.96576847e-03j
2.70651826e-03-1.00482131e-02j
5.93741768e-03+5.80354449e-03j
-8.46749202e-03-8.71430603e-03j
2.50352913e-02-3.14058367e-04j
1.57961943e-02-1.21331183e-02j
3.32905186e-03+3.37699933e-03j
5.96354790e-03+1.71406364e-02j
-3.68578459e-03+1.74545233e-02j
-2.29148569e-02-3.57546692e-03j
4.83162483e-03-2.15969935e-03j
-8.93362900e-03+6.33925240e-03j
1.68080415e-02+1.39392745e-02j
-1.38223471e-02+5.35521571e-03j
-1.59938965e-02-3.08928719e-03j
-2.03754958e-02+7.42108764e-03j
-1.58948499e-02+1.44876345e-02j
-1.37001268e-02-5.12880949e-03j
-5.46976204e-03-1.30737436e-02j
2.96873450e-02-1.97898684e-03j
1.20742390e-02-1.02532034e-02j
1.31334045e-02-1.37953767e-02j
8.24705067e-03-9.65956904e-03j
1.21142522e-02-5.53716057e-03j
9.46485997e-03-7.19873532e-03j
3.65850864e-03-1.25701318e-02j
7.77949200e-03-1.94168512e-04j
1.75115723e-03+8.05258454e-03j
1.90259396e-02-1.09706952e-02j
-8.28891681e-03-1.01819779e-03j
1.48785245e-02-3.70102816e-03j
-1.73486982e-03-2.10708307e-03j
-2.60050998e-02+7.70106580e-03j
-1.52253479e-02-4.10623179e-03j
-1.56791995e-02-1.09646746e-02j
-1.93917767e-02+3.95366370e-03j
-1.82289213e-02+2.98126139e-03j
-6.68832811e-03+1.58192875e-02j
9.26512430e-03+5.15472696e-03j
-4.15720194e-03+1.53314497e-02j
-1.13021506e-02+4.22532474e-03j
-4.44814216e-03-7.09770692e-04j
-3.51243214e-03-2.20445139e-03j
-1.01472078e-03+2.21287014e-02j
-1.02208932e-03+4.67235546e-03j
2.11283728e-03-1.13842471e-02j
1.26588500e-02-2.73508756e-02j
1.22308036e-02-1.89927229e-02j
-7.22081202e-03+4.64517526e-03j
7.89155556e-03-4.25945458e-03j
2.74616186e-02-7.62621087e-03j
8.77423259e-03-2.34537083e-02j
-1.39141375e-02-3.88803006e-03j
-2.20280547e-03+2.54888427e-02j
1.35112030e-02+3.31132622e-02j
1.17909867e-02-1.36038266e-02j
-5.66622898e-03+5.66017263e-03j
1.31477190e-02+1.42002914e-02j
4.81139723e-02+7.90017856e-03j
2.77476111e-03-3.04728259e-02j
-1.84571815e-02+1.02354017e-02j
-6.68520076e-04-1.19204494e-03j
-1.14346169e-02-3.49131250e-02j
-9.13570631e-02-3.26145559e-02j
-1.06867715e-01+6.24264573e-02j
4.00517417e-02+1.29286442e-01j
1.29816192e-01+2.85498570e-02j
7.77785292e-02-1.13680255e-01j
-8.42932813e-02-1.00413026e-01j
-8.93838632e-02+2.52235658e-02j
-1.52567800e-02+4.29918005e-02j
1.92404075e-02+1.32851636e-02j
-1.37136521e-02+7.25032397e-03j
-8.81001274e-03+1.49472881e-02j
2.37287785e-02+1.25642510e-02j
2.31538668e-02-1.19699523e-02j
-1.49640846e-02-7.97217017e-03j
5.98596928e-03-3.23960094e-03j
-3.80848477e-03+5.42672052e-03j
2.56366404e-03-3.61930338e-02j
-1.43948108e-02+2.18467002e-03j
-8.41231703e-03+1.13803389e-02j
-4.71271839e-03+1.60597364e-02j
-1.43725867e-02+1.01028959e-02j
4.17784054e-03+4.02900904e-03j
-1.35475481e-02-5.66214342e-03j
1.12646538e-02+1.26170796e-02j
2.06570213e-02+2.55333401e-02j
4.36589949e-03-9.31431178e-03j
9.55622518e-04-1.08536818e-03j
5.47353493e-03-1.98553158e-02j
3.87745496e-03+6.77865444e-03j
-1.18729518e-03+1.35320128e-02j
1.20275064e-02+2.18387425e-02j
-8.01631836e-03-8.16179806e-03j
-4.26950328e-03-3.28729068e-03j
-2.26439163e-02+8.90212299e-05j
-9.04951282e-03-5.77258560e-03j
-5.44240858e-03+3.75878999e-03j
7.47653454e-04+7.48144919e-03j
-4.17271570e-03-2.02524756e-03j
-4.60025068e-04+1.00662965e-02j
6.88064906e-03-1.84231445e-03j
7.54501903e-03+8.76530486e-03j
1.82453787e-02-5.88210920e-03j
1.78614529e-02+1.26859764e-02j
2.69127966e-03-1.28001210e-03j
6.35017956e-03+1.41267466e-02j
5.89631020e-03-2.64093091e-03j
-2.38784554e-03+8.37175840e-03j
6.65710789e-03+6.80470964e-03j
-3.75610384e-03+9.51904418e-03j
-9.39072771e-03+1.93274641e-02j
-8.24296491e-03+1.09656001e-02j
-5.88528410e-03-2.85847498e-03j
-5.47401792e-03+2.82205759e-03j
-1.05397903e-02+2.04860183e-02j
-7.18817340e-03-3.14279577e-03j
-1.60057558e-02-2.36641163e-03j
-8.50321681e-04-1.90779192e-02j
1.77581519e-02-3.20533728e-03j
7.09057984e-03+9.14396197e-03j
-1.53364811e-03-5.67868046e-03j
-1.33573753e-02-5.61067076e-03j
-4.16594130e-03+2.16821576e-03j
8.90669908e-04+3.28260853e-03j
6.61569665e-03-1.32934743e-02j
9.44551869e-03+5.37148840e-03j
1.32118274e-02+1.25215549e-02j
6.09202843e-03-4.35875810e-03j
6.29483955e-03+2.92461419e-03j
8.11489033e-03+2.80024809e-03j
2.89543783e-03+1.41451956e-02j
-2.37657803e-02+1.08542664e-02j
-1.04606313e-02-1.14006762e-02j
-7.11901756e-03-7.23233152e-03j
7.50281432e-03-5.84053072e-03j
9.08265859e-04-4.66616014e-03j
9.37765908e-03-1.49337838e-02j
3.73257311e-02-1.03267093e-02j
5.23354763e-02+3.29636809e-02j
-6.52635235e-03+1.42945812e-02j
-2.46866001e-02+1.04863307e-02j
1.16238651e-02+1.83335414e-02j
-4.69654443e-02+4.14377467e-02j
-8.57773120e-02-2.51732562e-02j
-3.71346736e-02-1.37414209e-01j
1.16864089e-01-1.05159053e-01j
1.38153228e-01+7.28246958e-02j
-1.82540581e-02+1.30924505e-01j
-1.21646108e-01+3.12251588e-02j
-3.33507781e-02-4.66762603e-02j
1.47925642e-02-4.46326242e-02j
1.59975403e-02-3.95351306e-03j
-1.15066850e-02+1.48130849e-03j
2.16972059e-02-3.97024749e-02j
3.20921442e-02+2.85217937e-02j
7.80289545e-03+2.93071026e-02j
4.48495426e-03+1.66391856e-02j
2.03027518e-02+3.16753843e-03j
2.06317953e-02+2.04920001e-02j
-9.57225895e-04+1.27471518e-02j
-1.65401688e-02+5.33144732e-04j
-2.09639271e-02-9.11695591e-03j
2.37696726e-03+2.29439311e-03j
-1.49076761e-02+1.87595470e-04j
-1.57999927e-02-6.80327482e-03j
3.14221935e-03+1.31455532e-02j
-5.51897807e-03-2.24246770e-03j
-5.67567368e-03+1.10926036e-02j
5.32719987e-03+1.62809475e-02j
-4.82160726e-03+1.50493766e-02j
1.01491155e-02-1.42324947e-02j
-4.43043341e-03+2.38663835e-03j
-7.59677870e-03+1.37969092e-03j
5.57954446e-03+2.38126141e-04j
1.65961646e-02+2.36671116e-02j
1.79700478e-02+1.27204022e-02j
-8.84720155e-03-2.78959600e-03j
-1.99615321e-02-2.57844723e-03j
-1.13140265e-02+7.12777911e-03j
1.70406240e-04-1.40469595e-02j
1.03051141e-02-2.95734203e-03j
-9.11061359e-03-1.63677532e-02j
-8.22261917e-03-2.79101542e-03j
8.84451251e-04+5.69220882e-03j
-9.43172349e-03+1.22300664e-02j
1.08415163e-02-1.03776376e-02j
1.43963511e-02-8.18411702e-03j
1.26179340e-03-1.28108742e-02j
-9.09391208e-03-1.60220009e-02j
6.99532019e-03-1.08710103e-02j
2.68117394e-02-9.86745458e-03j
1.74629798e-03-6.07963551e-03j
-4.19996729e-03-2.10682834e-02j
-3.81472574e-03+4.95277629e-03j
-5.73922361e-03-7.11893675e-03j
-1.58115775e-02-4.95678777e-03j
-2.38128523e-02+2.25144639e-04j
-2.23795385e-02+8.84980575e-03j
-2.57661626e-02-8.64726268e-03j
3.77145721e-03+1.49747910e-02j
-2.14336623e-03+7.86583440e-03j
7.94120720e-03+7.80906116e-03j
1.06383097e-02+2.10271109e-03j
2.53443074e-02+1.39458383e-03j
1.46927312e-02-4.48263734e-03j
1.43956763e-02+1.49482367e-02j
8.32754451e-03+8.57270190e-03j
1.71692155e-02-1.06017519e-03j
-8.91060759e-03-2.58090558e-02j
-3.58263123e-02-2.93022253e-03j
-2.12919351e-02-6.25353779e-03j
4.35815462e-03-1.49667082e-02j
1.80210657e-04-1.99651649e-02j
-2.01266537e-02-7.21109137e-03j
-2.09926934e-03+1.01935537e-02j
1.31141414e-02-4.88124284e-04j
3.32796953e-02-4.57227072e-03j
1.21590430e-02+1.74248907e-02j
7.49870583e-03+2.11298078e-02j
1.43644535e-02-1.80978639e-02j
-2.36948722e-03-3.27458746e-02j
-2.84902480e-02-6.57643823e-03j
-2.21408636e-02-5.02274606e-03j
-2.69609775e-02-3.51596537e-02j
-7.04958356e-02-1.58204795e-02j
-8.82721563e-02+6.70295426e-02j
5.22684966e-02+1.36508783e-01j
1.69328735e-01-1.62186140e-03j
1.05369986e-01-1.31304989e-01j
-5.43015150e-02-8.06744315e-02j
-8.81291263e-02+3.33598016e-02j
-2.80979396e-03+3.57266545e-02j
2.41377995e-02+2.38407079e-03j
-3.22882304e-02+5.05888011e-03j
-2.17108797e-02+3.69137304e-02j
1.29898074e-02+7.51484104e-03j
2.99231295e-02-2.65409120e-04j
-1.69327075e-02-1.71225421e-02j
-1.22226889e-03+1.10334780e-02j
4.23571882e-02-7.92612996e-05j
3.07791907e-02-1.51655176e-02j
-1.65210551e-02+1.01897743e-02j
-6.65621276e-03+6.55229295e-03j
1.20644180e-02+2.49948492e-03j
4.14653079e-03+2.22332529e-03j
-5.99449008e-02-1.36357458e-03j
-3.77289614e-02+7.98541168e-03j
1.85617815e-02+1.46680148e-02j
1.75335958e-02+9.97615010e-03j
1.23421066e-03-2.60044251e-03j
3.96234401e-02-4.07639631e-03j
4.92432848e-02-5.74030849e-03j
1.26645470e-02+3.45823342e-03j
-8.67147646e-03+4.37507487e-03j
1.50990028e-02-1.08359071e-02j
-8.72548789e-03-9.11126046e-03j
-5.52207078e-02-2.26703151e-02j
-5.78687943e-02-4.03584451e-03j
1.60264906e-02-2.54093085e-03j
-8.53101216e-03-1.07646460e-03j
-3.86564103e-02-6.12486888e-03j
4.23659643e-02-2.17343054e-03j
7.82477315e-02+7.92994222e-03j
1.38909531e-02+8.69244367e-03j
-3.11660103e-02-2.70674659e-03j
2.85022028e-02+6.30178338e-03j
-5.13951418e-03-1.50328515e-02j
-1.23702356e-01+5.08442274e-03j
-6.90532662e-02+9.58285109e-03j
3.33283865e-02-1.25531690e-03j
-1.02464132e-02+2.92100632e-03j
-2.74837561e-02+1.17455043e-02j
1.36814877e-01+2.15149785e-02j
2.05479551e-01+1.59944357e-03j
-5.08876537e-03+8.13312375e-03j
-7.75932842e-02+1.94994042e-02j
8.51903733e-02+5.05965221e-03j
-1.48071380e-01+4.71898894e-03j
-6.28694594e-01-1.77896515e-02j
-3.74630842e-01-1.90694041e-02j
6.11144034e-01+2.09225123e-03j
9.46694207e-01-1.16832846e-02j
1.14877297e-01+1.07880314e-02j
-6.23007428e-01-3.00849813e-03j
-4.25497757e-01+9.82859612e-03j
5.63868206e-02-1.28924266e-02j
3.44515795e-02-1.39009784e-02j
-5.78584603e-02+1.12494000e-02j
1.09566801e-01+6.72983708e-03j
2.21695624e-01+1.84797879e-02j
3.96985490e-02+6.37042723e-03j
-5.10540937e-02-7.46061779e-03j
3.89221859e-02+9.08745505e-03j
-1.58458082e-02+1.24742979e-02j
-1.29041634e-01-6.27434464e-03j
-7.50572413e-02-1.88475494e-02j
3.09689558e-02-5.45715321e-03j
7.13629549e-03-2.89720269e-03j
-2.21115744e-02-6.71420897e-04j
6.71995045e-02-2.04885396e-02j
1.16235262e-01-3.02816494e-02j
1.41642396e-02+2.08969111e-02j
-3.42729402e-02+2.42855661e-02j
1.66435427e-02+3.51820158e-03j
-5.44137630e-03+2.09605714e-02j
-9.60214622e-02+5.66900519e-02j
-1.36199310e-01-2.55744105e-02j
7.04621044e-03-1.23580789e-01j
1.01824982e-01-7.16523217e-02j
1.06746900e-01+9.87315323e-02j
1.69807991e-02+1.19375116e-01j
-4.06264526e-02+2.75744684e-02j
-4.78644058e-02-6.05710987e-02j
-6.13468050e-03-2.17744369e-02j
8.89234966e-03-3.93094465e-03j
-5.58047697e-03-2.45953420e-02j
-3.16967819e-02-2.39215824e-02j
3.14008183e-03+1.04765630e-02j
2.00015574e-02+6.66563876e-03j
3.07994376e-03-5.20796022e-03j
-1.47820469e-02+6.99994755e-04j
1.06845396e-02+1.98523730e-03j
2.53768507e-02+1.40669666e-02j
2.95722359e-03-6.40004449e-03j
-1.42142829e-02-1.30807392e-02j
8.08917922e-03-9.92040090e-03j
1.83208186e-02+1.30045623e-03j
-3.87133370e-02-9.66956648e-03j
-3.48473281e-02-2.28916317e-02j
-4.02697676e-03-1.63295547e-02j
1.56453602e-02-8.34506392e-04j
-2.70882793e-02+9.48302994e-03j
-3.34072461e-02-1.03511544e-02j
3.15031204e-02+7.31609095e-03j
2.26558252e-02-3.47676559e-03j
1.37320243e-02-1.44558481e-03j
-2.01843389e-03+1.23010207e-02j
8.89343278e-03+9.74679258e-03j
-1.66611784e-02+3.72082401e-03j
-3.87211344e-02+8.92471802e-03j
-4.58363227e-02+4.62696277e-03j
-5.55694518e-03+7.06568486e-03j
-1.41688297e-02-2.26290454e-03j
-2.33595312e-03-5.79690081e-03j
6.18592505e-03-8.18056171e-03j
2.94236865e-02-1.84743364e-02j
2.32101246e-02-4.85684674e-03j
-1.81305439e-03+3.18249066e-04j
-4.22706346e-03-5.13468680e-03j
2.06793190e-02-1.60351658e-02j
1.53729753e-03-5.29337446e-03j
-1.27929043e-02-7.38049671e-03j
-2.84701856e-02-4.54134912e-03j
7.37980833e-03-6.02727480e-03j
2.01540132e-03-3.59780028e-03j
-1.00989677e-02-1.61686552e-02j
-1.15580235e-02-4.84403228e-03j
-6.20104287e-03-4.77998596e-03j
1.63212803e-02+5.32472555e-04j
-1.13211697e-03+6.18107399e-03j
-5.68286994e-03+1.06286654e-02j
-8.61150402e-03+2.57587898e-03j
-1.17514016e-03+1.53662838e-02j
2.72169290e-03-8.47318705e-03j
-2.64463482e-02-9.81531448e-03j
-2.15375828e-02+1.87014028e-03j
-1.33358422e-02+1.76135051e-02j
-1.46509055e-03+7.48712273e-03j
2.01191032e-02-3.98276439e-03j
-3.20246323e-04-6.70629247e-03j
4.14876186e-03-1.64348563e-02j
1.04417805e-02-5.52959970e-03j
1.23352472e-02+2.18793520e-02j
1.06776696e-02-1.62053118e-02j
-6.12607957e-03-8.90997747e-03j
-1.75686169e-02-6.44049878e-03j
-2.65069226e-02-1.50733415e-03j
2.60772299e-03+2.37454652e-02j
-3.04875729e-03+1.47275313e-03j
-2.15529623e-02-2.17442979e-03j
-2.20443403e-02+8.37433355e-03j
2.50536365e-02+1.95240463e-02j
4.02245024e-02-3.19674951e-02j
4.99964858e-03-3.07137862e-02j
-1.75009483e-02-6.56863699e-03j
2.24314430e-02-6.73033959e-03j
1.04486869e-02-4.89560264e-02j
-7.34734163e-02-7.55793918e-03j
-6.21339481e-02+1.05550564e-01j
6.84558929e-02+1.17686604e-01j
1.41490272e-01-1.32470759e-02j
4.93426439e-02-1.22209770e-01j
-8.23393202e-02-7.65172393e-02j
-7.80441521e-02+2.83807598e-02j
-5.26231359e-03+3.86315502e-02j
-2.47707052e-02+9.06330177e-03j
-2.87265704e-02-8.18637362e-03j
1.06248490e-02+3.51168219e-02j
3.47501766e-02-8.10545346e-03j
1.09098703e-02-2.79130090e-02j
-1.47963451e-02-1.66129239e-02j
-8.81050867e-03+1.02330755e-03j
9.19333647e-03-4.76001232e-03j
1.05749965e-02-1.02506974e-03j
-3.13543667e-03+8.50982773e-03j
-1.51637849e-03+3.69433888e-03j
-3.29027855e-03+1.40613767e-02j
8.44290159e-03+5.10703253e-03j
-1.26057905e-02-1.13101979e-02j
-4.39141216e-03+1.03334106e-02j
1.87978220e-02-5.49884765e-03j
9.76013150e-03-1.39349591e-02j
1.39504450e-02-7.66822069e-03j
-3.40976474e-02-1.29939667e-02j
-1.55303778e-02-9.07057731e-03j
-1.43433360e-02+4.38065759e-03j
-4.52677639e-03-2.90499873e-03j
1.85512273e-02-3.23866214e-03j
1.59614684e-02-8.45636687e-03j
-5.03531270e-03-1.82544536e-03j
-5.40178294e-03-2.16081081e-02j
-8.51079251e-03+4.32846073e-03j
5.01449809e-03+1.28714490e-03j
-9.73108602e-03+3.96526134e-03j
9.42313052e-03+1.48070221e-02j
2.01098969e-02+1.76170652e-03j
1.64916759e-02-1.40406125e-03j
3.46442912e-02+1.70656917e-02j
8.06105866e-03-7.69465901e-03j
5.26074982e-03+7.08107299e-03j
2.29256406e-03+1.06699470e-02j
-1.07146456e-02+1.90376607e-02j
-5.49255244e-03+1.64579347e-03j
6.32585428e-03+4.88832110e-04j
-1.26192404e-03+2.11768519e-02j
6.90088259e-03-3.84992958e-03j
-8.97054556e-03+1.29946841e-02j
-2.96682568e-02+1.28208764e-02j
-1.84971348e-02+5.86266702e-03j
-1.82578307e-02-1.17973120e-02j
-6.42167338e-03+1.69483298e-03j
-2.47560102e-02-7.55163850e-03j
-9.22472727e-03-8.61558830e-03j
4.98746611e-03-2.03344674e-03j
-1.11317781e-02+3.01795656e-03j
1.82462582e-02-9.97970726e-03j
6.87199372e-04+4.91608320e-03j
-1.51670194e-02-8.34880163e-03j
4.31037221e-03-3.99283767e-03j
2.12322091e-03-1.50041381e-02j
6.86096336e-03-3.42906508e-03j
1.34401090e-02+8.93210224e-03j
-1.63409562e-02+1.56714388e-02j
-7.39791864e-04+4.23043711e-03j
5.21729098e-03+1.63011452e-03j
2.00302180e-02+1.08282743e-02j
1.26173476e-02+1.38788542e-02j
-2.15287458e-03+6.43568525e-03j
1.24818235e-03-1.14275433e-02j
2.84012902e-02-1.59784837e-02j
2.04113765e-03-5.46278305e-03j
-5.94896676e-03+5.77541305e-03j
1.91915077e-02-3.15669733e-02j
2.23872980e-02-2.37065721e-04j
1.61160257e-02+2.45693349e-02j
-2.47772275e-03+1.25720099e-02j
-9.78197560e-03-7.92822061e-03j
1.71666848e-02+4.12563159e-02j
-5.65409470e-02+4.25236229e-02j
-1.05704351e-01-4.15769140e-02j
1.63369448e-03-1.39863866e-01j
1.37782423e-01-7.02088164e-02j
1.06374357e-01+1.05194037e-01j
-2.23673470e-02+1.06520632e-01j
-9.92473097e-02+9.25527451e-03j
-1.78863413e-02-5.67654017e-02j
1.91271873e-02-1.77558622e-02j
-1.31523993e-02-1.62862441e-03j
-3.84076518e-03-2.29889867e-02j
3.59102375e-02-4.91760134e-02j
3.10757386e-02-3.25554290e-04j
3.35921964e-03+5.66838685e-03j
-1.97286990e-03+5.96203965e-03j
7.07154335e-03+1.27008464e-02j
-2.44397140e-03+1.60610014e-02j
-1.29532188e-02+1.95556695e-02j
-1.91114774e-02-5.09773263e-03j
-8.88514554e-03-6.42179773e-03j
7.60321821e-03-1.50752910e-02j
1.00254263e-02-4.47304007e-03j
7.22707709e-04-1.38223215e-02j
-4.14688692e-03-1.84347013e-02j
1.35284641e-02-6.05466363e-03j
5.39260680e-03+2.59167667e-03j
9.44907584e-03+1.34085307e-02j
-6.56304008e-04-5.14805270e-03j
-1.84435775e-02+5.23301740e-03j
6.79265902e-03-5.76602637e-03j
4.46415124e-04+7.12206914e-03j
-1.82350835e-03+2.26361144e-04j
-1.18828485e-02-1.17213494e-03j
-4.11061050e-03+2.46523099e-02j
-2.25964810e-02+1.39445671e-02j
-2.02307754e-02-5.82809386e-03j
8.58618392e-03+3.00357750e-03j
-1.20470481e-03+8.04489675e-03j
1.14539923e-02-2.10461277e-02j
-5.68953145e-03-2.67273343e-03j
2.58821348e-02-2.46677329e-02j
1.41349338e-02-1.09722207e-02j
2.02881045e-02+7.09392774e-03j
2.96283087e-02-2.61067595e-03j
1.00467798e-02-1.48612814e-02j
8.60042161e-03-1.33452504e-02j
1.08716164e-02-8.40201864e-03j
5.72593655e-03+5.81689062e-03j
1.64306082e-02-1.00028380e-02j
-6.19453010e-03-8.55670523e-03j
-8.14382164e-03-7.08557518e-03j
-1.17169823e-02+7.67612718e-03j
-1.04670181e-02+8.70483395e-03j
-2.64229553e-02-9.99069386e-03j
-6.94923529e-03-8.89106041e-03j
-7.06509918e-03+9.28501840e-03j
2.54939841e-03+1.03520386e-02j
1.92925015e-02+1.34285349e-02j
3.78312310e-03+1.27771889e-02j
-6.46480766e-03-2.87298572e-03j
-2.23740952e-03-1.80728039e-02j
-2.72930161e-02+2.11350975e-02j
-1.46273605e-02+1.04219559e-02j
-4.68518109e-03+1.17879407e-02j
7.83366855e-05-2.55283879e-02j
-9.86160236e-03-3.12368541e-02j
1.25174947e-02-1.36327555e-02j
5.31383366e-03-6.64491927e-03j
5.82824217e-03+9.14050976e-03j
-2.63161566e-03-2.83178279e-03j
-4.09083671e-03-2.38887121e-03j
-2.69002279e-02+8.08447343e-04j
-6.61968151e-03+1.44363225e-02j
1.32364289e-02+2.78220130e-03j
-7.23386371e-03-1.32626022e-02j
9.55815358e-03+1.47711123e-02j
3.55474329e-02+1.48484196e-02j
3.70154292e-02-1.23485762e-02j
-1.47097302e-04-2.87468232e-02j
-5.59564288e-03-1.82247341e-02j
1.41945025e-02-1.50762465e-04j
-1.50729381e-02-5.57668936e-02j
-9.94516003e-02-8.34164344e-03j
-5.12854621e-02+1.13937846e-01j
9.83780675e-02+1.22386259e-01j
1.31420578e-01-4.10278097e-02j
2.56352506e-02-1.40336014e-01j
-9.08405693e-02-4.83982275e-02j
-8.78390718e-02+4.90678080e-02j
1.36107262e-02+5.72910985e-02j
2.18557407e-02+1.01191855e-02j
-4.85273108e-03+1.77310442e-02j
1.63820478e-02+1.97270110e-02j
2.57369229e-02+7.70884926e-03j
-2.25349939e-03-3.66924196e-02j
1.43329644e-03-5.18731370e-03j
2.32494671e-02-4.49018197e-03j
3.41110496e-02-6.00347135e-03j
-5.72293758e-03-2.28821150e-02j
-2.65758889e-02+4.40223442e-03j
-1.19138373e-02+2.59582183e-02j
-4.79890392e-03+1.86334913e-03j
1.36159997e-02-1.06628075e-03j
-4.71136584e-03+3.80141670e-02j
4.18567981e-03+1.86842092e-02j
6.27740853e-04+1.02012304e-02j
4.33952906e-03-4.57340135e-03j
-3.23371228e-03+6.15676464e-03j
9.83592060e-03-7.04691219e-03j
-1.04955663e-03-8.12651707e-03j
1.32585224e-03+1.40916219e-02j
-1.60918240e-04+1.49333780e-03j
-3.20619585e-03-7.77396117e-03j
2.09242482e-02+4.08103658e-03j
1.99217884e-02-2.38653584e-03j
-2.55584914e-03+5.80652055e-03j
-2.09741348e-02-1.94824725e-03j
-1.27312013e-02-1.21733060e-02j
-6.97808837e-04+1.52032846e-02j
2.35432346e-03+2.72777253e-03j
-1.09946659e-02+2.19424230e-02j
-2.40212303e-02+8.06181474e-03j
-9.45479436e-03-3.23287238e-03j
-7.16145112e-03+9.52004719e-03j
1.27848039e-02-1.83072778e-03j
1.90753930e-02-7.51818086e-03j
-2.29909593e-03+1.26263144e-02j
1.86502292e-03+1.35878786e-02j
7.60417822e-03+1.03917952e-03j
1.80360117e-02+1.61279859e-02j
-1.03004729e-03+1.11136869e-02j
-1.56071930e-02+7.20492138e-03j
6.18870383e-03+3.61079988e-03j
-3.96626374e-03+9.53839328e-03j
-4.13216530e-03+1.17472754e-02j
-2.83884395e-02-5.29165036e-03j
-2.42782636e-02-1.57815641e-02j
-4.26721033e-03-1.37862301e-02j
-1.24249277e-03-4.98029051e-04j
3.15765319e-03-5.56665737e-03j
-1.29867783e-04-7.92390165e-03j
3.84286647e-03+1.88438571e-02j
1.46775630e-02-2.97431409e-03j
2.22127740e-02-1.68628029e-02j
1.55299110e-02-7.70133434e-03j
2.30875587e-03-4.44001588e-03j
7.85569533e-03+1.21463150e-02j
-2.50447482e-03+7.14992298e-04j
-2.76654802e-03+2.89425471e-03j
-4.23209305e-02+1.47920361e-02j
-1.22610591e-02+2.01537316e-03j
3.94699242e-03-1.82413637e-04j
-2.21161237e-02-6.88404355e-03j
-1.32249044e-02-1.75614717e-02j
1.59417316e-03-2.68942025e-03j
3.48270366e-02-1.08866728e-02j
1.30259139e-02-9.17734632e-03j
1.83133424e-03-4.38065012e-02j
3.05376775e-02+1.08886546e-04j
4.24479809e-02+2.67114162e-02j
-1.47137865e-02+2.58053170e-02j
-2.59833756e-02-1.38525998e-02j
-1.30026807e-03+2.64036958e-02j
-5.94818035e-02+3.32988725e-02j
-1.12292708e-01-4.54560778e-02j
-4.10710793e-03-1.47376820e-01j
1.39644377e-01-3.47465737e-02j
1.32035962e-01+1.13009906e-01j
-4.01435098e-02+1.04444549e-01j
-1.07080441e-01-6.35297072e-03j
-3.02171548e-02-4.81153699e-02j
2.59494297e-02-2.23117243e-02j
-3.06929314e-02-7.58201611e-03j
-4.07905835e-02-1.67287825e-02j
1.90003530e-02-6.85555190e-03j
3.76550545e-02+1.87940111e-02j
-1.69345342e-02+3.72651423e-02j
-2.63645625e-02-9.41144379e-03j
3.70315908e-02-3.08171088e-03j
4.10536153e-02+1.75887302e-02j
1.02940321e-02+1.68569527e-02j
-2.38790052e-02-8.88347090e-03j
2.30948166e-03-2.23706011e-02j
9.36796359e-03-1.26489690e-02j
-4.11607216e-02+2.28076122e-03j
-3.65725947e-02-1.27071355e-02j
8.66024463e-03-1.58269264e-02j
1.08987505e-02+1.31495390e-02j
2.26115306e-03+9.83817570e-04j
2.07841335e-02+7.07515130e-03j
5.66770361e-02+1.10364791e-03j
4.62959114e-03+1.39171684e-02j
-8.11890292e-03+9.41396865e-03j
1.78088470e-02+1.50917570e-04j
1.49694871e-02+1.22460641e-02j
-5.99338823e-02+7.32397560e-03j
-7.60613467e-02+5.59031666e-03j
-6.47384714e-03+8.99739395e-03j
3.10552770e-03-5.88160295e-03j
-2.91042076e-02-7.11601166e-03j
4.73627742e-02+4.61557352e-05j
1.01968961e-01-5.79054022e-03j
8.73370303e-03-1.24619554e-02j
-3.26306049e-02-3.24245513e-03j
2.07217699e-02-1.12485496e-03j
1.30216891e-02-7.13468787e-03j
-9.98584836e-02-1.84697548e-03j
-1.04633875e-01-1.51156916e-02j
1.30876273e-02-9.99264053e-03j
2.86365774e-02-5.19567206e-03j
-3.31378193e-02-2.00546762e-02j
9.46512078e-02-1.01249127e-03j
1.96187504e-01-8.74174667e-03j
2.91158322e-02-1.40587755e-02j
-8.26351239e-02-7.36370129e-03j
6.55085780e-02+5.42612543e-03j
-2.62186008e-02-1.46758963e-02j
-5.29434532e-01+6.21378069e-03j
-5.46207932e-01+3.58543480e-02j
3.66494009e-01+1.85957573e-02j
9.94782496e-01+1.18002055e-02j
3.65609788e-01+1.35368190e-02j
-5.53425740e-01-1.72266045e-02j
-5.27035636e-01+1.36430699e-03j
-2.38430940e-02+3.32457557e-03j
7.64869921e-02-3.92963510e-04j
-6.16151769e-02+2.26458386e-02j
6.92468032e-02-2.07385964e-03j
2.12503816e-01-3.21075805e-03j
8.03131485e-02-1.29420386e-02j
-4.87324938e-02-1.19980803e-02j
2.02041767e-02-1.11997553e-02j
1.08252516e-02-7.72302940e-03j
-1.25972232e-01-1.43652755e-02j
-1.25000545e-01-6.08654604e-03j
5.63606782e-03+1.57267387e-02j
1.97496341e-02+1.42146001e-02j
-3.62059317e-02-7.66109314e-03j
2.95564699e-02+2.61645431e-02j
1.14670529e-01+2.19992272e-02j
4.68046916e-02-1.28898855e-02j
-2.39105082e-02-3.08577945e-02j
-1.41581807e-03-1.49995701e-02j
2.36173098e-02-3.03499560e-02j
-8.19650970e-02-6.16856498e-02j
-1.36232253e-01+1.29308371e-03j
-4.48863345e-02+1.17712749e-01j
1.09029284e-01+1.05753164e-01j
1.34475005e-01-6.13132518e-02j
1.87830652e-02-1.43118045e-01j
-5.08640982e-02-5.49366800e-02j
-3.85928482e-02+3.70716893e-02j
-1.13448359e-02+4.34448672e-02j
6.07224294e-03+1.75218570e-02j
9.02920043e-04+1.52357932e-02j
-2.40245571e-02+1.74817806e-02j
-1.17603454e-02-3.17686960e-03j
1.64370452e-02-2.36183449e-02j
1.27185896e-02-1.00638630e-02j
-7.42346103e-03+4.46912114e-03j
1.83007741e-02-7.90295927e-03j
3.98664372e-02+8.64046719e-03j
2.23701467e-02+2.67022476e-03j
-1.96064872e-02+7.23790307e-03j
-1.38661174e-03+3.28389838e-03j
1.68529981e-02-1.14403227e-03j
-2.52061806e-02-2.23535669e-03j
-3.13190399e-02+3.60914047e-03j
2.41532123e-03+1.26404618e-02j
3.74956062e-02+2.11254078e-02j
1.38768852e-02-5.75836384e-04j
3.84319722e-03-1.38953851e-02j
1.91330997e-02-9.77293073e-03j
1.59740664e-02-1.87073870e-03j
1.06626838e-02-2.71888410e-03j
-1.11429645e-02-1.14905993e-02j
5.42378535e-03-5.71418637e-03j
1.03246222e-02-1.27011698e-02j
-2.92884184e-02-1.22666498e-02j
-2.98858372e-02+6.35933020e-03j
-2.48288652e-02-1.46841249e-03j
1.64517310e-02+1.27562969e-02j
-4.60802751e-03+1.17070249e-02j
2.55320902e-03-1.13849566e-03j
-1.49214563e-04+4.66577028e-03j
2.64320832e-02+1.17024287e-02j
4.98637515e-03-3.85429551e-04j
2.00011197e-03-5.16585446e-03j
-6.22778470e-03-2.81840797e-03j
4.24309218e-03-7.27171677e-03j
-1.62664705e-02+1.69933315e-02j
-2.86519491e-02-2.90974097e-03j
2.06127522e-03+1.11022520e-02j
-2.82165831e-03-1.77447911e-03j
-6.23368102e-03+1.75902951e-02j
-2.15219297e-02+1.38713173e-02j
4.25166362e-03+1.43617489e-02j
2.58651089e-03+9.71455974e-03j
1.17932562e-02-3.07147024e-03j
-1.63154809e-02-3.38930555e-03j
-1.95447823e-02-3.62297435e-03j
-1.61996875e-03-1.16356031e-02j
-2.38183138e-03-8.88905356e-03j
-1.07040949e-02-9.92583580e-03j
-1.45356309e-02+1.94428078e-03j
-1.98527756e-02-1.19980419e-02j
-7.63110318e-04+1.09515138e-03j
-4.38412516e-03-5.42464472e-03j
1.06541876e-02-2.05694581e-02j
4.86683754e-03+1.13069340e-02j
1.02798600e-02-5.20162009e-04j
2.24379408e-02-6.16777069e-04j
1.57685897e-02-8.70926264e-03j
6.91000713e-03+1.56330617e-02j
-2.03658281e-02+3.83275987e-03j
-1.65021108e-02-3.63907415e-03j
1.21291310e-03-1.99972985e-03j
-1.26267465e-02-3.27172534e-04j
-1.76973346e-02+1.74046748e-02j
-3.43002695e-02-2.53622486e-02j
3.92607549e-03-2.12135983e-02j
2.50630476e-02-8.60167958e-03j
7.39227595e-05+2.19320927e-02j
-1.44173439e-02+8.93523667e-03j
-3.80794482e-04+6.50509560e-03j
1.37976059e-02+3.45220390e-02j
-5.57871632e-02+5.23851152e-02j
-7.02894400e-02-6.42627570e-02j
3.14278632e-02-1.22431365e-01j
1.48288177e-01-1.78948610e-02j
8.03802424e-02+1.26777171e-01j
-6.11444726e-02+1.05115777e-01j
-9.01507636e-02-1.69904033e-02j
-3.25182586e-02-5.53685914e-02j
-1.34830694e-02-4.01989413e-03j
-2.18766052e-02+1.26152117e-02j
-9.65453988e-03-3.52544198e-02j
3.66904700e-02-1.36051001e-02j
2.09534334e-02+6.84143383e-03j
5.05751359e-03+1.90848714e-02j
-7.02817603e-03-3.98284918e-03j
4.64363451e-03-5.28059477e-03j
-2.11108476e-03+3.07231565e-02j
-7.47332638e-03+9.96393096e-03j
-1.73764808e-02-2.55807512e-02j
8.81256669e-04-1.93245870e-02j
-4.40395133e-03-1.05878016e-02j
-1.31534176e-02+7.71942719e-03j
-7.70885032e-03-1.63414766e-02j
9.69407821e-03+1.01708774e-03j
1.03440357e-02-5.11342022e-03j
1.16668586e-02+1.68917958e-02j
-1.01263302e-02+8.78211449e-03j
-2.14356000e-02-1.48044363e-03j
-7.86937354e-03+1.12600554e-02j
5.29456609e-03+3.66978002e-03j
-1.83704026e-03+6.69110498e-03j
7.21040476e-03+2.64773436e-03j
1.04054781e-02+5.83567645e-03j
-9.35851577e-03+4.17657937e-03j
-9.43285755e-03+1.74193462e-02j
-1.11031278e-02+3.13218159e-03j
-3.51050433e-03+3.70076001e-03j
-1.44137040e-02-1.44783293e-03j
-6.74495551e-04-6.92511437e-03j
4.75265929e-03+4.60672232e-03j
1.11078284e-03-2.30111972e-03j
-3.46549922e-04-6.67525217e-03j
1.48395432e-02-9.13122262e-03j
1.01110608e-02-1.31221845e-02j
4.89588479e-03-8.47105302e-03j
1.22750901e-02-1.04625308e-02j
7.90244480e-04-1.13687037e-02j
7.22457691e-03-3.82869680e-03j
-6.60014635e-03-1.00586242e-03j
-1.46826395e-03-4.56987996e-03j
-4.24439255e-03+7.04312774e-03j
-2.64354584e-02+1.04134556e-03j
-2.16850438e-02+2.49425426e-03j
-1.41608554e-02-3.99112624e-03j
-1.94120288e-02+4.30428419e-03j
-4.94087555e-03+2.23660199e-02j
2.80157388e-03+1.04264271e-02j
8.76392330e-03+5.37046603e-03j
8.15326458e-03+3.83380224e-03j
3.61152017e-03+1.94021612e-03j
-2.31649158e-03-1.74034743e-03j
-2.91683922e-03+8.80971516e-03j
4.57643233e-03-3.53179801e-03j
1.57527095e-02+2.97033417e-03j
1.15806509e-02-4.46489372e-03j
-4.68404186e-03-4.49414485e-03j
-1.19979183e-02-2.81463164e-02j
1.32431124e-02+1.19352522e-03j
5.51384690e-03-1.60260284e-03j
-2.95786969e-03-2.02127588e-02j
1.02305364e-03+1.17461381e-04j
-1.20868333e-02+6.10237306e-03j
8.69617126e-03+2.19360625e-02j
2.33271897e-02+1.94201208e-02j
7.69047437e-03+4.17994268e-03j
1.50463008e-02+1.12678478e-02j
3.98947111e-02+6.96160336e-03j
3.05266851e-02-3.46877004e-02j
-1.76865964e-02-2.77165489e-02j
-7.10649177e-03-5.30655923e-03j
6.58347511e-03-1.23599832e-02j
-1.60314320e-02-5.89503869e-02j
-8.26265339e-02+2.09991652e-02j
-3.12658140e-02+1.23954913e-01j
1.00837570e-01+9.11369726e-02j
1.18883437e-01-5.14531678e-02j
-2.32980751e-02-1.41409255e-01j
-8.37259388e-02-3.14047759e-02j
-4.96391305e-02+5.51283552e-02j
6.97748853e-03+2.87221693e-02j
-1.35166497e-02+5.59273220e-03j
-9.86738606e-03+1.58375644e-02j
1.00307961e-02+2.77014143e-02j
2.94075618e-02-5.65522863e-03j
9.71172983e-03-1.35128778e-02j
-2.22932232e-02-1.25319683e-02j
4.78341967e-04-9.88647678e-03j
2.68891461e-02-1.36810055e-02j
-1.04717874e-02-1.73219757e-02j
-1.54813613e-02+2.82357922e-03j
-1.51883634e-02+1.40200365e-02j
5.45834472e-03+3.79446489e-03j
-8.63537222e-03-3.72739586e-03j
-1.77486709e-02-2.01269439e-03j
1.44817445e-02+8.55827818e-03j
1.16116707e-02+1.75104564e-02j
7.74136562e-03+5.60765907e-03j
-9.81657617e-04-1.17504112e-02j
-5.81149464e-03-9.15505944e-03j
-2.79131449e-03-6.84210982e-03j
9.91931762e-03+6.25919754e-03j
-1.70915949e-02+2.27002400e-03j
-9.53861707e-05-9.02748397e-03j
-1.13129546e-02+7.60675011e-03j
-1.32957221e-02-1.08474801e-02j
-4.04672616e-03-1.27827167e-02j
-2.31992252e-02-1.20935952e-02j
-1.16850742e-02+7.07189033e-03j
-6.87206195e-03+1.38640894e-02j
1.05276621e-02+5.92964994e-03j
1.79471367e-02+6.09044617e-03j
2.57779998e-03+1.72454421e-02j
1.45935294e-02+2.20302787e-02j
1.39164069e-02+1.07941844e-02j
1.17581036e-02+2.46052357e-03j
1.06623040e-02+2.22111237e-02j
1.83970446e-02+1.38742685e-02j
1.53217031e-02+2.22917758e-03j
1.30427293e-02+1.52277497e-02j
2.12421450e-03+2.60240469e-02j
9.18379087e-03+1.98618142e-02j
-4.52973707e-03+1.41569724e-02j
1.67780217e-03+2.53343440e-03j
-2.38719785e-03+7.05727593e-03j
-8.74624756e-03-8.36210361e-03j
6.26853654e-05-5.52986556e-03j
-3.25211517e-03-1.16428629e-02j
-8.46443394e-03-3.91329355e-03j
-6.40941315e-03-3.90265472e-03j
-1.36404509e-03+1.23050809e-02j
3.20976332e-03-2.25026668e-03j
-1.61795116e-02+2.71526176e-03j
-3.95761740e-03-1.27988004e-02j
-3.07178174e-02+8.43268958e-03j
9.36779062e-03-9.23678005e-03j
-1.58641345e-02-9.71052698e-04j
-6.29024331e-03+2.12987554e-02j
-3.41023933e-03+1.89807795e-02j
-2.39468096e-02+5.16956148e-03j
1.38300517e-02+1.04712491e-02j
6.19843780e-03+6.09163832e-03j
-2.12965469e-02+1.25094015e-02j
-2.28532622e-02-1.07764297e-02j
-1.42822748e-02-1.17772504e-02j
1.49905509e-02-1.19824335e-02j
1.81663334e-02+4.63041420e-03j
-3.23889149e-03-1.56552831e-02j
2.07631986e-02-2.62649040e-02j
4.27814828e-02-5.41521746e-04j
2.11880989e-02+2.76547336e-02j
-3.45853955e-04+5.93500468e-03j
1.53239155e-02-1.43732312e-02j
1.15238603e-02+2.34892827e-02j
-7.03168229e-02+2.53828939e-02j
-8.08371422e-02-7.65041350e-02j
5.76218504e-02-1.22692084e-01j
1.60783237e-01+6.31060984e-03j
7.12487857e-02+1.40041969e-01j
-8.18959759e-02+9.03029528e-02j
-9.89232354e-02-2.83670626e-02j
-1.56256101e-02-4.56201162e-02j
1.58545978e-02-1.26690888e-03j
-1.25672294e-02-8.15909139e-03j
1.59451423e-02-3.37631757e-02j
3.07203080e-02-2.57043605e-02j
1.54393059e-02+1.45840458e-02j
1.13758842e-02+2.02385309e-02j
2.68546195e-03+1.46381434e-03j
1.69520068e-02+3.48318695e-03j
6.66708459e-03+1.28795499e-02j
2.85858189e-04-6.99184467e-03j
-9.36731869e-03-1.84849422e-03j
2.37653620e-02-8.78077080e-03j
6.07307622e-03-2.33933097e-03j
-1.39996442e-02-1.70644057e-03j
-1.36256576e-02+2.58505047e-03j
-4.21472139e-03-1.63933249e-02j
3.12097275e-03-1.80927719e-02j
3.04702814e-03+1.46604926e-02j
-9.21698774e-03+8.17518405e-03j
5.30365159e-03-2.23848201e-03j
-3.83764356e-03-1.35294018e-03j
-1.23949690e-02+7.37364220e-03j
3.22287046e-03+5.39058819e-04j
-1.72213638e-03+2.82170062e-02j
-2.49617997e-03+1.81027580e-02j
6.18845894e-04+4.59772165e-03j
-8.84669922e-03-2.10088494e-02j
-1.72606018e-02+1.06153094e-02j
3.19493550e-03+2.11131914e-03j
-7.01748128e-03-2.06553789e-03j
2.26143150e-03-1.85222902e-02j
-5.42008710e-03+5.46960427e-03j
-2.32409557e-02-1.93881931e-02j
-1.00973650e-04-1.37183814e-02j
2.00129659e-02-1.49199283e-02j
8.45517732e-03+1.08011843e-02j
8.97530653e-04-1.56731919e-02j
3.12844663e-03-1.98425415e-03j
1.72765905e-02-1.21856852e-02j
3.23456908e-02-1.06667801e-02j
1.17709305e-02-1.30337333e-02j
1.36128594e-02-4.33512288e-03j
-1.75757494e-02-2.22489440e-02j
-1.21090739e-02-2.11105964e-02j
-1.04653082e-02-5.28658862e-03j
-1.33463189e-02+5.17072711e-03j
-3.63398837e-02+7.32340746e-03j
-8.13510220e-03-1.03808460e-03j
-5.74122568e-03+7.41410766e-03j
3.29860824e-03+2.46757477e-03j
-9.05755255e-03+6.86528851e-03j
8.49074923e-03+1.08313768e-03j
2.12254242e-02+8.52176654e-03j
3.68200855e-02+2.18503978e-02j
1.53929896e-02+8.14036393e-03j
-1.15297659e-03+4.54319580e-03j
1.55110254e-02-6.37050505e-03j
1.71777885e-02-7.72506355e-03j
-1.66398018e-02-8.73836374e-03j
-1.74592598e-02+4.54845173e-03j
-1.66897195e-02-2.54135700e-02j
-9.39118369e-03-1.35899155e-02j
-5.33743783e-03+1.33485559e-02j
-2.50773472e-02+1.75842044e-02j
9.94341714e-03+2.00542048e-02j
3.65128045e-02+1.26757271e-03j
-1.07657253e-04+1.30017232e-02j
9.26972858e-03+1.84916828e-02j
3.12740097e-02+7.62160351e-04j
3.76354088e-02-2.24624655e-02j
-6.56198901e-03-2.42806096e-02j
-8.84922379e-03+9.01285037e-03j
-3.77034442e-03-2.00489555e-02j
-2.38447728e-02-6.39993790e-02j
-9.82702194e-02+2.00057255e-02j
-3.37751071e-02+1.21206984e-01j
1.18317553e-01+9.09569479e-02j
1.58368730e-01-8.42667886e-02j
-8.28147866e-03-1.39590064e-01j
-1.08263117e-01-3.73189803e-02j
-4.93504657e-02+5.86103261e-02j
2.74600223e-02+3.43173849e-02j
-7.99974234e-03-1.32996596e-02j
-4.28111220e-02+1.67535962e-02j
-9.39430500e-03+1.32380715e-02j
3.04944244e-02+5.90565898e-03j
1.06144773e-02-2.06936895e-02j
-3.46530975e-02-1.07136486e-02j
6.59297205e-03-6.93859978e-03j
4.29230690e-02-3.58697266e-02j
1.06314416e-02-4.92811636e-03j
-2.41475273e-02-4.39539972e-03j
2.87778247e-03+2.27942631e-03j
1.81165217e-02-1.42278651e-04j
-3.02640175e-02+6.40941047e-04j
-5.35128376e-02-1.12324288e-03j
-3.06288008e-03+1.71915258e-02j
2.85208100e-02+6.09900742e-03j
-2.02025815e-03-7.53349285e-04j
2.19408738e-02-1.94339551e-03j
6.00056818e-02-9.85077144e-03j
4.04434069e-02-9.92365743e-03j
-6.63766490e-03+2.70032121e-03j
-4.47428479e-03-1.16990663e-03j
1.73495659e-02-5.69193961e-03j
-3.09863186e-02-1.07144072e-02j
-7.71145801e-02+1.77573596e-03j
-1.35208768e-02-4.41190183e-03j
1.50154471e-02+3.39199118e-03j
-2.74830361e-02+1.09100220e-02j
2.35741128e-02-6.35293439e-03j
7.61250506e-02+9.37765686e-04j
5.44191315e-02+2.53351188e-03j
-5.55534725e-03+1.78720812e-02j
-3.38811369e-04+4.96689716e-03j
3.08897034e-02-5.25529527e-03j
-8.10137845e-02-2.86511448e-03j
-1.28478168e-01+1.00292446e-02j
-6.51581974e-03-7.31149518e-03j
3.12966370e-02+1.40726063e-02j
-5.04099643e-02+1.71251708e-02j
2.81206082e-02+1.71803810e-02j
2.01439495e-01+1.19150805e-02j
9.32156483e-02+9.31365007e-03j
-9.39700965e-02+8.72483437e-03j
6.79896125e-03-1.69621838e-02j
4.15782610e-02+6.94816800e-03j
-4.13036368e-01-4.20521718e-03j
-6.43291607e-01-4.35441565e-03j
1.18512424e-01-1.34434321e-02j
9.64163167e-01-1.18375884e-02j
5.98958615e-01-3.67361592e-03j
-3.67239522e-01-1.54809319e-02j
-6.21534193e-01+6.25556554e-05j
-1.22775107e-01-4.40930055e-03j
9.76002082e-02+2.35592306e-04j
-4.67125352e-02+2.67895355e-05j
8.23274378e-03-8.51120785e-04j
2.03725762e-01+5.68547525e-03j
1.41797707e-01+9.87979312e-03j
-3.27427118e-02-9.10846298e-03j
-1.34474463e-03-1.58870874e-04j
3.12431966e-02+5.84652594e-03j
-9.00416837e-02+1.49526445e-02j
-1.49674815e-01+4.81919231e-03j
-1.96674416e-02-1.56966820e-02j
3.06712827e-02+2.45307609e-03j
-2.60193471e-02+5.17855926e-03j
2.81049363e-02+8.01603056e-04j
9.75374573e-02-1.64622378e-02j
8.84967420e-02+3.91668085e-03j
-1.94955329e-02+1.98126359e-02j
-4.89085904e-03+1.12958950e-03j
2.92211951e-02+2.00882061e-02j
-6.17521750e-02+4.88597392e-02j
-1.45912416e-01+2.99747812e-02j
-8.73587682e-02-9.09187869e-02j
8.18634474e-02-1.24016780e-01j
1.44789808e-01+1.65873675e-02j
5.85770170e-02+1.28708645e-01j
-2.16050618e-02+8.08385990e-02j
-4.08117418e-02-2.02972928e-02j
-9.80392374e-03-2.98040899e-02j
6.92480559e-03+4.96437122e-03j
-1.24167453e-02-1.98949875e-03j
-2.88044604e-02-2.99134732e-02j
-1.46297846e-02-1.06142759e-02j
2.33550283e-02+1.44465699e-02j
3.68755505e-03+2.51919010e-02j
-1.01901421e-02+6.88396862e-03j
1.21092818e-02+3.51013578e-03j
2.77026335e-02+2.80061184e-02j
1.25225796e-02+5.13086850e-03j
-1.82775817e-02-1.09278088e-02j
4.51046651e-03+1.06190835e-03j
1.09722722e-02-3.49461114e-03j
-1.22906523e-02-8.23884611e-03j
-3.10989363e-02-1.23553884e-02j
4.69659115e-03-8.58827310e-03j
2.05328428e-02-2.56354682e-03j
1.85459733e-02-7.02786915e-03j
-2.38556205e-03+3.15888793e-03j
4.93301143e-03+1.63549361e-03j
3.18295181e-02-1.79614521e-02j
2.21818494e-02+2.45040896e-03j
-9.28096113e-03+4.75009283e-03j
4.69052312e-03+6.22103207e-03j
3.44654281e-03+1.78802378e-03j
-2.81747668e-02+1.22020267e-02j
-3.56131318e-02+1.25471485e-02j
-2.36969541e-02+1.49465433e-03j
-1.62295639e-02-5.05106962e-03j
7.06883367e-04-2.03361967e-02j
-1.49496637e-02-1.23638473e-02j
-5.37124652e-04-1.35066852e-02j
8.44522716e-03-9.12811231e-04j
8.71945140e-03-1.23599050e-02j
-7.20057345e-03+1.24830678e-04j
6.76480135e-03+2.12639129e-03j
1.18648263e-02+1.07971756e-02j
-1.82330774e-02-2.62345817e-03j
-2.49988088e-02+1.65887923e-02j
-3.38701065e-02-9.66953418e-03j
2.44247531e-03+1.79467898e-03j
4.22829402e-03-7.61590421e-03j
-1.97570717e-02-6.77025560e-03j
-1.51217482e-02-5.22975674e-03j
1.41906864e-02+2.01514800e-02j
8.10269334e-04-7.20430767e-03j
-7.38490057e-03-1.03721531e-02j
-2.35274298e-02+2.52287729e-02j
-3.82230978e-03+1.76583802e-02j
1.15424524e-02-1.57740275e-03j
-8.70600994e-03-7.70416373e-03j
-2.97396577e-02+6.76155642e-04j
-2.12017616e-02-7.14432271e-03j
1.00361669e-02+3.63929242e-03j
1.17532979e-02+7.21289554e-03j
5.81075742e-03+2.72496490e-02j
1.84473950e-02-1.54375410e-02j
1.02434347e-02-8.57939885e-03j
-1.90436538e-03+7.10300600e-04j
5.32517042e-03+5.59519403e-04j
-3.95072545e-03-1.00210448e-02j
-1.11283092e-02-2.22590462e-02j
-2.44887121e-02-2.61027290e-03j
2.58089231e-03+2.38706151e-02j
-1.97846735e-03+1.67989398e-02j
-2.42353286e-02-8.02447343e-03j
-3.14582490e-02+2.59500466e-02j
-1.94832231e-03+2.07699127e-02j
2.13785567e-02+2.90988432e-04j
1.75847096e-02-4.13748272e-02j
-1.21300892e-02-3.48066409e-02j
1.41353766e-03+4.84443037e-03j
2.62694990e-02-2.34531502e-02j
-4.28462974e-02-5.41020651e-02j
-9.84672172e-02+4.73745867e-02j
-1.30863047e-03+1.35281773e-01j
1.30899290e-01+7.79655260e-02j
1.17699814e-01-9.58395596e-02j
-3.66032754e-02-1.12691274e-01j
-8.52747021e-02-8.52324866e-03j
-3.72918300e-02+5.15007273e-02j
-5.36522956e-03+2.25920218e-02j
-1.33087944e-02+1.48300937e-02j
-2.62055784e-02+2.43561565e-02j
4.03924583e-02+2.88078820e-02j
3.34882842e-02+6.27219011e-03j
-1.52249724e-02-2.38312304e-02j
4.53880507e-03-1.33582515e-03j
2.22743525e-02-2.23472044e-02j
4.17860988e-04-2.27124722e-02j
3.47462882e-03-1.72082049e-02j
1.24050331e-02+1.29934162e-04j
-6.34483815e-03+8.65168474e-03j
-5.13456026e-03+4.80817121e-03j
1.43609670e-02-2.15731698e-02j
-3.00352823e-03-8.19520709e-04j
1.48629408e-02+2.96845472e-02j
1.58327318e-02-9.31301542e-04j
5.95185060e-03-1.92390194e-02j
-1.99311321e-03-2.48678678e-02j
-6.08999310e-04-5.19839354e-03j
-9.75631139e-03-6.25104508e-03j
-1.27078401e-03+5.97396227e-03j
5.53675025e-03+5.38360406e-03j
-1.72980622e-03+5.15918082e-03j
2.81480584e-02-1.34339443e-02j
-8.13033890e-03+2.12679817e-03j
-1.68893399e-02-6.56660884e-03j
-1.84617333e-02+1.34084822e-02j
5.84382085e-04-5.69841852e-04j
6.65636509e-03+8.30844240e-03j
-8.14838892e-04+1.24570359e-02j
1.47762666e-02+5.07962986e-03j
2.43224252e-02+1.05591583e-02j
6.43286040e-03+1.13829330e-02j
7.71360636e-03+5.40907301e-03j
1.99108440e-03+2.03512408e-02j
-1.52421915e-02-3.53601067e-03j
9.85461902e-04+9.54211930e-03j
1.00710587e-03+1.56680945e-02j
-3.93007654e-03+6.16793511e-03j
-9.02366980e-03+2.31945722e-03j
2.76344676e-03-3.40755107e-03j
-1.79008702e-02+3.06595461e-03j
-9.53284078e-03-9.68649087e-04j
-2.67896668e-02+1.67354758e-02j
-1.00321861e-02-1.71390821e-04j
-2.14965855e-02-6.48991235e-03j
-1.19520903e-02-1.11952873e-02j
-6.51655224e-03-9.86154192e-03j
-1.65348304e-03+1.50582279e-04j
7.18561449e-03-1.76384813e-02j
5.05065164e-03-5.88615642e-04j
6.22350163e-03+4.10330671e-03j
-9.94711113e-03-6.90806420e-03j
-3.90209312e-03-1.29460399e-02j
5.84268330e-03-1.48613064e-02j
1.32280082e-02+7.55319141e-04j
7.28616597e-03+2.27114609e-02j
-3.77947129e-03+1.25191439e-02j
-4.01887957e-04-1.02028221e-02j
2.99026010e-02+9.27707453e-03j
-2.34838246e-04+1.57086398e-03j
2.22072595e-03-7.47831277e-03j
4.10938470e-04-9.05896496e-03j
1.89920102e-02-1.87163600e-02j
2.87248972e-02-9.25594585e-03j
-2.13197845e-04+1.06204967e-02j
-6.79695654e-03-2.58917611e-02j
2.87595632e-02-1.57308145e-04j
4.33218445e-02+7.96544688e-03j
7.08924085e-03+2.43385122e-02j
-2.34622925e-02+1.21245035e-02j
1.92721169e-02+8.58711213e-03j
-2.22964630e-02+3.90477217e-02j
-8.81828008e-02+1.80978791e-02j
-6.92811409e-02-1.09284319e-01j
8.00352135e-02-1.18107461e-01j
1.44061449e-01+2.29051644e-02j
4.65601122e-02+1.28252035e-01j
-9.11745007e-02+6.71805822e-02j
-7.13471969e-02-2.80196573e-02j
-6.73027006e-03-5.45402656e-02j
-1.02324361e-02+1.09641380e-02j
8.72274382e-03-1.66609880e-03j
1.64967218e-02-3.00281947e-02j
2.53676272e-02+6.43014998e-04j
9.96356684e-03+1.06043348e-02j
1.04049953e-03+7.45502169e-03j
1.11560335e-02-3.46893753e-03j
1.33873737e-02+5.03013028e-03j
-2.42553670e-02+1.57531921e-02j
-2.71243287e-02-2.91030207e-03j
-1.02450480e-02-1.65194253e-02j
2.72836611e-03-1.07820520e-02j
1.00925574e-03-1.40702094e-02j
-6.09342269e-03+2.46410491e-03j
2.11775831e-03+5.30399188e-03j
1.65786241e-02-6.62264439e-03j
2.17181015e-02+1.09926684e-02j
5.15603854e-03+1.30726971e-02j
3.31640629e-03+3.14846456e-03j
-2.84695449e-03+5.99850660e-03j
-3.73644002e-03-1.01203441e-03j
-1.09575616e-02+1.14704517e-02j
2.82774784e-03-1.35931740e-03j
1.07796187e-02+2.19440088e-02j
-9.06845521e-03+1.85383255e-02j
-8.76172994e-03-4.48309143e-03j
-4.92940411e-03-6.77301678e-03j
-9.59475071e-03-1.57460131e-02j
-1.84759616e-02+2.51432660e-03j
-9.85557540e-03-4.06792816e-03j
-1.12574593e-02-4.78956767e-03j
3.06742895e-03-2.64083851e-02j
1.36936838e-02+7.91688171e-04j
1.26901924e-02-1.16359640e-02j
4.90721926e-03-1.31804347e-02j
1.39347801e-02-1.39017440e-02j
-1.82112774e-03-1.35720042e-02j
5.44657922e-03-4.09339583e-03j
1.35940312e-02-1.36153917e-02j
-2.31924062e-03+3.67473138e-03j
-1.07650200e-02+2.14660038e-03j
5.42264583e-03-1.00431806e-02j
6.86572532e-03+3.33130173e-03j
-5.51481088e-03+4.95299800e-03j
-1.33336115e-02-8.22467532e-03j
-1.87695342e-02+4.96116616e-03j
-1.00901783e-02+8.91173671e-03j
-1.10974236e-02+7.33081633e-03j
-4.93889624e-03+5.58243890e-03j
1.17353412e-02-5.61150287e-03j
-7.17180309e-03-1.01096373e-02j
-1.78133040e-02+1.41482002e-02j
-5.57827818e-03-2.08195503e-02j
-1.70115149e-02+1.28228317e-02j
8.56627589e-04+1.75122627e-02j
8.50533142e-03-1.63532901e-03j
4.42801523e-03-4.68330152e-03j
-1.55124935e-02-1.72776758e-02j
4.66108442e-03-1.82177917e-03j
-1.22044642e-03+7.18897470e-03j
8.67114476e-03-9.22080283e-03j
-8.29433824e-03-7.58235166e-03j
-2.30520000e-02-9.50627097e-03j
-2.29438161e-02+1.32043407e-02j
3.74542415e-03+3.00203004e-02j
1.45486201e-02+7.09477887e-03j
1.40101472e-02-1.01274812e-02j
4.07461888e-02+2.85164123e-02j
4.86982928e-02+7.97082683e-03j
2.59259638e-02-3.59031201e-02j
-1.24594913e-02-1.93573235e-02j
-1.99934360e-02+2.38243250e-03j
-6.07545176e-03-3.47234355e-02j
-5.69285245e-02-4.57622875e-02j
-9.88502482e-02+5.11847222e-02j
-2.70215265e-04+1.24881861e-01j
1.35502207e-01+3.60946980e-02j
8.25552635e-02-9.30914312e-02j
-6.35427932e-02-1.30552207e-01j
-9.21250867e-02+5.94791739e-03j
-3.47556620e-02+4.51624185e-02j
1.78597937e-02+1.16620283e-02j
-1.51592268e-02+1.44749236e-02j
2.46274853e-04+1.71476659e-02j
3.04684018e-02+2.39359571e-02j
2.87338230e-02-1.56077647e-02j
5.85295638e-03-1.11290761e-02j
9.63857438e-03-1.88850529e-02j
2.33098706e-02-3.86951479e-03j
1.62056146e-02-2.74471104e-02j
-1.05304788e-02-1.69658177e-02j
-8.39357783e-03+9.72817296e-03j
-1.30139297e-02+1.52157834e-02j
5.09207997e-03-1.22929202e-03j
1.20240043e-02+8.69305948e-03j
-1.20814911e-02+1.64120392e-02j
4.10959450e-04+2.70584082e-02j
1.28927236e-03+1.87699860e-02j
9.60602674e-03-1.33868475e-02j
1.66797008e-02+3.25958755e-03j
4.12663847e-03-3.29299452e-03j
9.74089949e-03+1.51861612e-02j
-2.75937184e-04-1.44296228e-02j
-1.35899530e-02-9.55306047e-03j
5.05388916e-03-8.67381262e-03j
2.91140923e-02-8.18115975e-03j
1.89302075e-02-2.05018855e-02j
6.29513439e-03+7.92900127e-03j
-2.05639578e-02-7.20601823e-03j
-1.79820267e-02+3.43294441e-03j
-6.24596377e-03+2.72568865e-03j
-2.13273545e-03+2.37308886e-02j
-3.44295844e-03+1.20519087e-02j
-2.80828311e-02+1.30952089e-02j
-1.45126460e-02+8.46462535e-03j
3.57660878e-03+6.70134242e-04j
1.16598113e-02+1.94846930e-02j
-6.30177451e-03+1.99924046e-02j
1.24765620e-02+2.95073649e-03j
7.99510197e-03+5.66140196e-03j
1.53735148e-02+5.49323768e-03j
1.77401883e-02+1.68140365e-03j
-8.63061862e-05+8.13933825e-03j
-5.60133567e-03+1.34152187e-02j
-2.05659302e-02+8.84753962e-03j
2.44107295e-03-1.02594722e-02j
-1.13081749e-02-1.07931745e-02j
-4.34731913e-02-1.07952541e-02j
-3.34274438e-02-9.62746542e-03j
7.16229674e-03-3.57391810e-03j
-1.22693065e-03-1.14260523e-03j
-3.98751778e-03+1.52793259e-03j
-1.76546494e-02-1.69061341e-03j
1.40196892e-02+5.71556362e-03j
2.73302555e-02-3.59085843e-03j
3.52439584e-02-2.39356827e-03j
-3.44861824e-03-7.78825935e-03j
1.83855009e-02+1.16312149e-02j
2.59719975e-03+1.06312041e-02j
-1.04850714e-02+8.00000477e-03j
-3.30380890e-02-5.17508183e-03j
-2.12767743e-02+7.19056868e-03j
-1.13521108e-02+3.22986803e-02j
4.22742152e-03+6.60668686e-03j
-1.13009988e-02-1.07667000e-02j
-4.18761639e-03-1.85891130e-02j
2.82633862e-02-9.22217926e-03j
2.29171353e-02-1.05225100e-02j
3.29570090e-02-1.58457766e-02j
2.26421677e-02-1.60414477e-02j
2.02356785e-02+1.10628962e-02j
-5.23931300e-03+1.70043191e-02j
-2.40896179e-02+8.71057584e-03j
-1.97348912e-02+1.77381676e-02j
-2.28040931e-02+4.07814369e-02j
-8.10743125e-02-1.71115188e-03j
-7.28581397e-02-1.12100410e-01j
7.91251382e-02-1.13246795e-01j
1.74835524e-01+6.31487052e-02j
4.80457048e-02+1.23042563e-01j
-7.99643698e-02+4.94650450e-02j
-5.97134774e-02-3.80186254e-02j
9.03811740e-03-2.69751661e-02j
1.84957093e-02-6.54411793e-03j
-3.90243173e-02-2.15992065e-02j
-1.71919572e-02-1.95759360e-02j
4.10922222e-02-1.42276306e-02j
1.49250576e-02+5.91714729e-03j
-2.18123069e-02+2.52314616e-02j
5.46440214e-03-4.61409753e-03j
4.13448231e-02+4.67516925e-03j
2.60547969e-02+2.47990321e-02j
-2.73747315e-02+1.37527239e-02j
-7.70227788e-03-2.94912769e-02j
1.78530244e-02-1.20705072e-02j
-1.23919180e-02+1.21241211e-02j
-5.07646417e-02-7.64860200e-05j
-1.44958621e-02-1.47076194e-02j
3.12032664e-02-6.34572473e-03j
6.79705641e-03-2.98523719e-03j
-1.85387707e-03+1.61450891e-02j
4.15358306e-02+1.50332563e-03j
5.50476242e-02-9.16694921e-03j
-1.12861481e-02-6.25540281e-03j
-1.31159619e-02+1.32825058e-02j
8.48065806e-03+1.02053989e-02j
-1.30814254e-02+9.60396903e-03j
-7.63289870e-02+8.05060107e-03j
-3.50423126e-02+1.60709162e-02j
1.23650136e-02+3.46781847e-03j
-3.05309921e-02-1.30732012e-02j
-1.55005662e-02-9.40467493e-03j
7.38384689e-02+3.09552067e-03j
6.88925929e-02+8.96057876e-03j
-1.18108142e-02-1.86219919e-02j
-4.28046129e-03-2.41827765e-02j
3.61400315e-02+1.74264457e-03j
-4.14815393e-02-4.02054585e-03j
-1.25222639e-01-7.66866778e-03j
-2.84590913e-02-1.49018253e-02j
4.51402064e-02-7.31987831e-03j
-1.88291540e-02-1.53029804e-02j
-1.09388669e-02+1.27459768e-03j
1.76453508e-01-1.70012088e-03j
1.51977464e-01-1.09958057e-02j
-6.29419558e-02-1.93026673e-02j
-2.06401483e-02-1.47221401e-02j
7.11984319e-02+7.39664139e-05j
-2.79181666e-01-2.83741154e-03j
-6.68146874e-01-6.82858005e-03j
-1.20814915e-01+4.24274988e-03j
8.46423106e-01+8.76367558e-03j
8.03626834e-01+1.10322140e-02j
-1.63102537e-01+4.70110817e-03j
-6.52879519e-01-6.95653523e-03j
-2.52530765e-01+2.85570357e-03j
9.31176334e-02+6.88751849e-03j
-2.78636822e-02+1.77351869e-02j
-2.60114068e-02+1.18504244e-02j
1.79167114e-01-5.47626446e-03j
1.77033142e-01-7.69367108e-03j
-1.20025728e-02+7.62297044e-03j
-1.84816822e-02+8.98789737e-03j
3.45564778e-02-9.56729388e-03j
-6.94624503e-02-1.98952327e-02j
-1.65298562e-01-2.32645570e-03j
-3.04831983e-02+6.01127030e-03j
3.13626324e-02+2.04221126e-02j
-2.54240665e-02+6.86301635e-04j
-3.02388178e-03+1.72309811e-02j
1.01048314e-01+9.41527384e-03j
1.00942476e-01-9.89024939e-03j
-2.25411501e-02-4.46870104e-02j
-1.37766018e-02-2.25924665e-02j
4.27713598e-02-1.21744252e-02j
-3.25266623e-02-3.92273068e-02j
-1.50368766e-01-2.97049086e-02j
-1.16071176e-01+6.00655939e-02j
3.79973937e-02+1.29205600e-01j
1.35200563e-01+2.96440121e-02j
7.62911661e-02-1.11721316e-01j
-1.68208081e-02-1.23640628e-01j
-4.03060051e-02+9.48459063e-03j
-2.21540080e-02+5.11872445e-02j
-6.30942114e-03+9.95849902e-03j
-1.40853422e-03+2.28332479e-02j
-2.77472234e-02+2.82407054e-02j
-1.68705244e-02+1.22035152e-02j
1.03125990e-02-1.95615766e-02j
1.20161984e-02-3.61806768e-04j
-4.88525532e-03-5.67879333e-03j
-3.88148228e-03+4.30582314e-03j
3.08090674e-02-1.90438776e-02j
2.32404635e-02-9.33314879e-03j
-1.33456156e-02+1.02075189e-02j
-1.14449851e-02+2.48098512e-02j
1.70047515e-02-6.81954514e-03j
3.28252951e-03-2.06909505e-03j
-4.11403138e-02+4.98795805e-03j
-2.90865415e-02+3.21200031e-03j
9.81478567e-04-2.08431240e-03j
3.26971109e-03-5.30063694e-03j
-6.39684033e-03+7.49261957e-03j
-6.66558842e-03-1.10452727e-02j
2.50272256e-02+1.11792469e-03j
2.21670471e-02-1.45450161e-03j
-7.81340282e-04-1.54374169e-02j
-2.17684427e-03-1.83271086e-02j
-2.58130741e-03-7.96145915e-03j
-1.00221604e-02-1.94302975e-02j
-2.91592665e-02+8.82507190e-03j
-3.50753507e-02+9.11129737e-03j
-9.46180772e-04+6.71932741e-03j
-5.59720774e-03+2.13970886e-02j
-1.32067205e-02+1.74161113e-02j
7.92523427e-03+1.37053657e-02j
2.22021248e-02+3.66514610e-03j
2.27778599e-02+7.78919364e-03j
-1.64968887e-02-1.08938393e-02j
1.29555381e-03+2.04577816e-02j
2.35526412e-02+7.96905507e-03j
-3.29539807e-03+1.22298174e-02j
-3.33133534e-02+2.48788495e-02j
-2.96666359e-02+6.74696746e-03j
-1.03289914e-02+9.31288126e-03j
9.61435391e-03+1.68333409e-02j
-3.16863801e-04+1.03038995e-02j
-7.45795910e-04-3.37460084e-03j
-3.19373506e-03+4.17417285e-03j
2.66636221e-02-6.81412346e-03j
-2.58368945e-03+7.33149975e-04j
-1.67528387e-02-1.19311394e-02j
6.57061119e-03-1.20186592e-02j
1.43708133e-02-3.01945145e-03j
-1.38237126e-03+3.31481686e-03j
-2.74952374e-02-4.30922392e-03j
-1.59992009e-02+1.51597237e-02j
3.13620336e-03-1.55350467e-02j
1.64853387e-02-1.67528739e-02j
1.26889862e-02-6.76683581e-03j
1.36500892e-02+9.80389325e-03j
-4.41018702e-03+1.85741530e-02j
1.29578582e-02-9.73734629e-03j
-3.51696906e-03-4.74324570e-03j
-4.91244633e-03+1.45867500e-02j
-1.24723762e-02+4.50813450e-03j
-4.50659645e-03+1.31594491e-02j
-1.46713526e-02+2.17588591e-03j
-7.23459275e-03-1.59226525e-02j
-2.02902322e-02-1.94611712e-03j
-3.11580784e-02+1.16983121e-02j
-2.54571182e-02-3.17257682e-02j
2.92448715e-02-1.67018412e-02j
3.01017042e-02+1.68252125e-02j
-8.77928008e-03+2.00596530e-02j
4.23384546e-04+1.57311158e-02j
2.60447534e-02+2.56849664e-02j
-1.39819258e-02+4.52738282e-02j
-8.53483056e-02-1.11638805e-02j
-5.82779385e-02-1.13823805e-01j
1.06047552e-01-8.79737550e-02j
1.21041529e-01+5.62419564e-02j
8.22210979e-03+1.53127468e-01j
-8.37389553e-02+3.74498049e-02j
-3.76893868e-02-4.05892317e-02j
-5.11162316e-03-3.84914345e-02j
-2.69568496e-02+4.54476667e-03j
-1.54776402e-02-2.60171365e-02j
1.62690782e-02-3.09999254e-02j
3.68348361e-02+7.84157459e-03j
2.04509339e-02+2.62746405e-02j
-9.93473516e-03+1.99276153e-02j
1.31786736e-02-5.82280778e-03j
2.06451033e-02+1.61762047e-02j
3.27825343e-03+2.38882898e-02j
2.50610323e-03-1.25317716e-04j
-1.21837614e-02-1.40926997e-02j
4.69878952e-03+1.03083974e-03j
-9.72874859e-03-8.04866189e-03j
-2.06480508e-03-5.16360797e-03j
1.79148933e-03-1.36839115e-03j
2.03338479e-02-1.92409997e-02j
8.75511923e-03-3.40050442e-03j
4.27673946e-03+8.25514520e-03j
-1.54366716e-02+1.13478992e-02j
-2.30058042e-02+1.29815760e-03j
-8.98319239e-03+9.35025055e-03j
5.04846467e-03-7.04183168e-03j
-1.78754224e-03+3.35008058e-03j
3.19870309e-03-3.35767906e-04j
1.69955858e-02+1.00836399e-02j
-1.03054653e-02+1.20928043e-02j
-5.65470810e-03+1.33364554e-02j
5.65098880e-04+7.15707046e-03j
1.58342794e-02+3.14502149e-03j
5.71457584e-03-1.80503407e-02j
3.20567690e-03-9.93955857e-03j
2.33087114e-02+4.30032705e-03j
5.55510938e-03-1.74570222e-02j
-7.15578332e-03-1.17679394e-02j
2.98474364e-03-9.47647789e-03j
-1.84940707e-02+1.22128263e-02j
1.75379339e-03-1.00487838e-02j
6.81847772e-03-2.25872632e-02j
-2.89561595e-04+3.90021938e-03j
2.06989185e-02-1.64185444e-02j
-1.62309135e-02-1.68081210e-03j
-6.60066219e-03+5.14494628e-03j
-2.18513905e-02+7.24488387e-04j
-3.77743098e-02+6.27646523e-03j
-2.09091070e-02-1.23137689e-04j
-1.85833576e-02+2.18691565e-03j
-1.52778212e-02+5.05929683e-03j
1.35396495e-03-9.58433392e-04j
-6.44301857e-03-2.77737367e-04j
2.83803820e-02+7.07026961e-03j
1.29073325e-02-2.51285707e-02j
-1.81740093e-02+2.85591758e-03j
7.45204431e-03-1.16645696e-03j
1.02115995e-03+6.34008935e-03j
8.05186108e-03+1.67638493e-02j
1.41197088e-02-2.51121033e-02j
3.81816557e-03-4.48512659e-03j
5.97221978e-03-1.01389429e-02j
-8.59771671e-03+9.58921412e-03j
1.28276791e-03-7.03192675e-03j
6.26479881e-03-9.08650135e-03j
1.28347804e-03-1.47953131e-02j
-5.66156089e-03+2.11535586e-02j
9.63665299e-03+2.87197154e-02j
4.67071583e-03+3.16814267e-03j
1.91754732e-02+8.91625620e-03j
-1.96218979e-03+1.34544876e-02j
5.57116442e-03+2.75719539e-02j
3.86751719e-02-2.99126566e-03j
5.57368164e-03-3.37934933e-02j
-1.01409321e-02+1.06351474e-03j
1.72607703e-02+2.63209043e-03j
1.75124962e-02-4.35339488e-02j
-7.25257143e-02-3.70313973e-02j
-7.70240990e-02+7.24881558e-02j
4.89802811e-02+1.27455111e-01j
1.55224372e-01+6.94517521e-03j
5.14245155e-02-1.36181087e-01j
-7.72262055e-02-9.50858604e-02j
-9.35904393e-02+1.75406064e-02j
-1.06948967e-02+4.92317616e-02j
1.09616176e-02+2.26082754e-02j
-1.68738143e-02+4.94265332e-03j
2.60945438e-03+4.26881053e-02j
4.95972056e-02+1.33064457e-02j
-1.53120955e-04-1.71935438e-02j
1.59218057e-03-2.01922013e-02j
-2.78398248e-02-8.86935162e-03j
1.43931518e-03-1.45967907e-02j
-1.41676258e-02-8.56413659e-03j
-2.37294711e-02-6.66067885e-04j
-1.92300124e-02+2.89730290e-02j
-4.39408228e-03+1.29981262e-02j
-8.12560457e-03-6.15180968e-03j
6.91241244e-03+1.32580249e-02j
-1.23535576e-02+3.95708936e-03j
-3.10973358e-03+2.12761104e-02j
1.14425716e-02+4.47677989e-03j
1.90658591e-02+5.39114743e-03j
3.78293383e-03-1.21203019e-02j
-1.63684084e-02-5.73436608e-04j
-2.11312779e-02-1.39773489e-02j
-1.92581467e-02-2.72126346e-04j
9.93624939e-03+4.25572912e-03j
2.16333746e-02-1.31290075e-02j
-2.27911080e-03+2.79718364e-03j
8.12440246e-03-1.13690453e-02j
1.62833477e-04-2.64106306e-03j
-1.71734466e-02+1.80455875e-02j
-1.22747017e-02+9.84634317e-03j
5.31188437e-03+5.89789052e-04j
7.88393033e-03+3.52822880e-03j
2.84233728e-02-3.24855524e-03j
1.91067307e-02+1.91940785e-02j
2.57522280e-03+8.71162592e-03j
2.29958871e-02+6.20631649e-03j
7.96833281e-03+5.91926087e-03j
8.80946746e-03+8.09189168e-03j
1.21855849e-02-6.65437188e-03j
1.01241913e-02-3.07116521e-03j
6.78059962e-03+1.71428990e-03j
6.16813322e-04+1.40683223e-02j
-3.83381089e-03-1.37592880e-03j
-1.16131245e-03+8.01244116e-03j
-2.06683334e-02+1.72602837e-02j
-8.57937037e-03+2.94649670e-04j
-4.67792488e-03-1.89515589e-02j
-1.69412985e-02+1.51860157e-04j
-2.24820841e-03-2.17908087e-02j
4.15485020e-03-4.22158294e-03j
7.67714593e-03+3.72237076e-03j
-2.80104552e-03-7.52892398e-03j
-1.51420427e-02+5.82425413e-03j
-5.77888784e-03-8.12915729e-03j
-1.77182234e-02-9.81579677e-03j
-2.76412898e-03-1.32943245e-04j
-9.35009746e-03+2.16792900e-03j
-5.58763296e-03+1.30160833e-02j
-1.33558065e-02+2.48223245e-02j
-2.16773864e-03-4.89670097e-03j
4.53985437e-03+2.31294569e-03j
1.79523523e-02+1.11092071e-02j
-4.41630700e-03+1.40798353e-02j
-1.91268491e-02+1.20708433e-02j
-3.21331638e-02-4.59570746e-03j
-3.65401511e-03-5.72436817e-03j
-3.39517468e-03-1.35763951e-02j
-1.09060436e-02+7.07677581e-03j
2.03415631e-02-2.70675169e-02j
4.98603203e-02-1.13066358e-02j
2.87198724e-02+1.12382915e-02j
2.23601305e-03+1.11301174e-02j
5.06692655e-03+1.65278475e-02j
-1.32932846e-03+1.69753641e-02j
-3.87564897e-02+5.48154056e-02j
-9.06078807e-02-3.19650110e-02j
-2.61814810e-02-1.33387020e-01j
1.19168182e-01-8.63334483e-02j
1.10654666e-01+7.97415749e-02j
-2.27771549e-02+1.30983256e-01j
-1.12125075e-01+3.27211801e-02j
-5.59446538e-02-5.19561307e-02j
1.48025882e-03-4.38864241e-02j
7.92804000e-03+9.59985675e-03j
-5.97425880e-03-1.46438653e-02j
2.79366263e-02-2.99728467e-02j
2.49041249e-02+1.38448628e-02j
-5.36551914e-03+1.59947255e-02j
1.34457083e-02-1.24974777e-02j
1.43676571e-02+5.40494057e-03j
1.70401718e-02+1.16578350e-02j
-9.41643339e-03+1.26740471e-02j
-5.40119056e-03+4.77863844e-03j
-1.02711855e-02-2.46721447e-02j
8.76793405e-03-1.32380052e-02j
-8.66051182e-03+8.27475261e-03j
3.45862150e-03-1.30970005e-02j
2.30370421e-03-1.72581772e-02j
1.05460063e-03-1.24376842e-02j
-7.35358053e-03+1.08064318e-02j
