2.72985555e-02+1.01052327e-02j
1.58181591e-01-6.76720547e-04j
7.81429572e-02-1.11154914e-02j
-1.50216274e-01-1.16605434e-03j
-2.68368593e-01+8.36244052e-04j
-1.84349641e-01+1.25245266e-02j
1.49653799e-02+1.01328925e-03j
1.57455022e-01-8.93036240e-03j
8.91343769e-02-7.76640384e-03j
-1.20927755e-01-2.05181234e-02j
-2.70173956e-01+7.63706724e-04j
-2.06858867e-01+1.55698937e-02j
-4.10639375e-03+2.26771162e-03j
1.56000185e-01+1.45448706e-02j
1.33054955e-01-8.07281955e-03j
-8.47850806e-02+1.97689298e-02j
-2.55337331e-01+1.78433805e-05j
-2.42583139e-01-3.50054609e-03j
-4.56963663e-02-2.19297108e-02j
1.42753077e-01-9.69502086e-03j
1.27856791e-01+1.19600606e-02j
-5.84044710e-02-1.96275038e-02j
-2.19239309e-01-1.51007247e-02j
-2.35802349e-01+4.26535986e-03j
-5.98541756e-02+1.83283523e-02j
1.21226511e-01-7.71079588e-03j
1.74788136e-01+2.11479723e-02j
-2.05997142e-02+4.17337470e-02j
-2.86700558e-01+1.60367344e-02j
-3.04468340e-01-1.01254475e-01j
-1.99629821e-02-8.15932756e-02j
2.31411198e-01+4.28523851e-02j
1.73218753e-01+1.19164815e-01j
-7.09335891e-02+5.41745038e-02j
-2.36463447e-01-4.32269385e-02j
-2.67956407e-01-1.22379115e-02j
-1.36817204e-01-1.28998229e-02j
6.28674650e-02-2.48472517e-02j
1.72769804e-01-1.51625882e-02j
6.73189967e-02+6.45562004e-03j
-1.57813382e-01+3.18108757e-03j
-2.86095943e-01-4.11900686e-03j
-1.69716131e-01+7.57948891e-03j
5.50013692e-02+1.24555304e-02j
1.41918232e-01+1.68861904e-02j
6.11832874e-02-2.93238285e-03j
-1.57010778e-01-7.17876245e-03j
-2.71726117e-01-6.44493464e-03j
-1.79118450e-01+6.81040911e-03j
1.31615275e-02+6.94558936e-03j
1.66572624e-01-3.94522467e-03j
9.43610659e-02-1.58033055e-02j
-1.02622253e-01+6.68388439e-03j
-2.59313605e-01+8.72424364e-04j
-2.15810577e-01+6.00914164e-03j
-8.11955148e-03-3.12647024e-03j
1.67022719e-01-7.97930947e-03j
1.20500173e-01+1.39901407e-03j
-7.62186243e-02-7.27602221e-03j
-2.56791303e-01+1.03297227e-02j
-2.40730985e-01-1.14906109e-03j
-5.67068681e-02-4.53412179e-03j
1.22088553e-01+6.27405402e-03j
1.19595941e-01-4.60743080e-03j
-6.81878157e-02-2.02246828e-02j
-2.44352910e-01-9.67764920e-03j
-2.67125637e-01-1.09309193e-02j
-8.17637139e-02-1.22438693e-02j
1.16492629e-01-1.04938227e-02j
1.54224858e-01-7.72820753e-03j
-3.23309137e-02+5.74080103e-03j
-2.18679957e-01-2.59268902e-03j
-2.59227337e-01-5.99897457e-04j
-8.66019946e-02-8.38989811e-03j
1.09934321e-01-2.23219179e-03j
1.76699731e-01-9.72211096e-03j
1.79595483e-02-1.40797964e-02j
-2.08825419e-01-8.48176877e-03j
-2.70676529e-01+1.17904603e-02j
-1.31243541e-01-3.96238823e-03j
7.26344336e-02+8.86974630e-03j
1.66814939e-01+1.03897463e-02j
4.90612773e-02+7.78516336e-04j
-1.68106533e-01+5.99055591e-03j
-2.67509881e-01+5.22398704e-03j
-1.61559517e-01-6.76607633e-03j
5.41048518e-02+8.72140136e-03j
1.59694736e-01+7.27172181e-03j
6.06387348e-02+8.77754238e-03j
-1.44666113e-01+2.00506995e-04j
-2.56447136e-01+2.81463203e-04j
-1.70764231e-01-1.69221290e-02j
2.94677890e-02-8.11539973e-03j
1.66180637e-01-1.19996902e-03j
8.71063562e-02+5.14380202e-03j
-1.15275345e-01-1.32787762e-02j
-2.81730293e-01-1.06606648e-02j
-2.34065055e-01+1.50851020e-02j
-2.80384345e-02+1.13730113e-02j
1.38022999e-01+1.81191908e-02j
1.05308720e-01-9.71612735e-03j
-1.05791540e-01+1.73762025e-02j
-2.38294639e-01+4.65760990e-03j
-2.09907018e-01-5.36681744e-03j
-3.35836545e-02-2.85925282e-02j
1.28587492e-01-5.68396972e-03j
1.45894354e-01-1.31636312e-02j
-5.92926469e-02-3.70677463e-02j
-3.14947640e-01-2.67647306e-02j
-3.05292699e-01+7.01329892e-02j
-3.41503031e-03+9.26349720e-02j
2.51129457e-01-2.30437262e-02j
1.87008739e-01-1.15914676e-01j
-8.80187877e-02-5.41836535e-02j
-2.61723750e-01+3.34306369e-02j
-2.45539515e-01+4.22712614e-02j
-1.14165779e-01-1.37051998e-03j
8.11315808e-02+1.43353402e-02j
1.78932514e-01+2.50856399e-02j
4.17832151e-02+7.07367262e-03j
-1.98351059e-01-1.30494359e-02j
-2.82898460e-01-9.09403459e-03j
-1.30139355e-01+1.04117817e-02j
6.74517592e-02+2.80112250e-04j
1.47447096e-01-2.02240371e-02j
2.58018607e-02-2.98511200e-03j
-1.80840859e-01+5.59934803e-03j
-2.65120085e-01+5.31464906e-03j
-1.61660456e-01-1.16270408e-02j
4.72560026e-02-9.72161654e-03j
1.73352971e-01+3.58416957e-03j
7.71619365e-02+4.73143355e-03j
-1.33235829e-01-4.19344827e-03j
-2.47954038e-01-4.60556675e-03j
-1.73330619e-01-5.74178427e-03j
1.66022675e-02-7.57157740e-03j
1.61912001e-01+1.02115913e-02j
1.05830821e-01-3.54325639e-03j
-1.02995418e-01-1.07091558e-02j
-2.71203512e-01-1.52990206e-02j
-2.25558931e-01+8.41766028e-03j
-2.98205547e-02+1.68420546e-02j
1.32330557e-01-6.30583370e-03j
1.01689756e-01-5.38275795e-04j
-9.15841723e-02+9.99253686e-03j
-2.50328281e-01+1.77696623e-02j
-2.24570475e-01+1.77045829e-02j
-5.04251801e-02+6.65992896e-03j
1.29966542e-01+7.50844465e-03j
1.47551858e-01-2.25853127e-03j
-2.03888058e-02+2.90951612e-03j
-2.31676654e-01-3.00062436e-03j
-2.41090764e-01+2.09956604e-02j
-7.77792196e-02+9.57566381e-03j
1.16408158e-01-1.94545324e-03j
1.52187491e-01+3.91272736e-03j
-7.92999233e-03-3.84578900e-03j
-2.36079106e-01+6.33347798e-03j
-3.00427517e-01+1.35606076e-02j
-1.22952769e-01+1.40315887e-03j
9.74040312e-02+3.21189488e-03j
1.35460105e-01-1.16822761e-02j
-8.26225678e-03-1.46586035e-02j
-1.98921114e-01-7.97602675e-03j
-2.61754001e-01-8.73866152e-03j
-1.15527576e-01-8.21436087e-03j
8.49759588e-02+4.27959051e-03j
1.60237139e-01+4.94154844e-03j
3.48593978e-02-1.52116430e-02j
-1.63469680e-01-1.10438600e-02j
-2.59677062e-01-9.83086072e-03j
-1.70400827e-01+1.05885119e-02j
3.84590285e-02+1.33017840e-02j
1.48759855e-01+6.25987950e-03j
6.27796090e-02-1.22132746e-02j
-1.48144328e-01+1.12163037e-03j
-2.92900436e-01+1.22965583e-02j
-2.07688217e-01-8.17306216e-03j
3.22380964e-02-7.82995515e-03j
1.84100128e-01-2.54741822e-03j
8.86390880e-02-6.22959102e-04j
-1.17275958e-01-1.01684814e-03j
-2.32953750e-01-1.59887299e-02j
-1.90830838e-01-1.17806964e-03j
-2.19642024e-02+2.95923568e-02j
1.14491667e-01+1.34546792e-02j
1.20416771e-01+1.75315621e-02j
-7.94290696e-02+3.08533504e-02j
-3.20925621e-01+2.85085827e-02j
-3.15905769e-01-5.67537880e-02j
2.19689396e-02-1.15270643e-01j
2.83267721e-01+7.97827485e-03j
1.85829127e-01+1.12405678e-01j
-1.21642716e-01+7.89674082e-02j
-3.06804517e-01-2.14956272e-02j
-2.37761170e-01-4.83300259e-02j
-8.43167373e-02-4.66923962e-03j
8.74266212e-02-5.04937281e-03j
1.65266975e-01-1.63530556e-02j
2.08664354e-02-5.26014630e-03j
-1.96378117e-01+1.24802668e-02j
-2.64504593e-01+1.25729036e-02j
-8.69513037e-02-2.69098620e-03j
1.23724951e-01-6.06737509e-03j
1.50331519e-01+9.09075156e-03j
7.67619052e-03+1.40827680e-03j
-1.98787167e-01-2.04538489e-02j
-2.75412576e-01-8.21759253e-03j
-1.76266364e-01-1.78378667e-02j
4.35605021e-02+7.61505458e-03j
1.67526458e-01-2.47289983e-03j
6.16556183e-02-1.38682288e-02j
-1.64967232e-01-1.40207333e-02j
-2.54120423e-01-8.47972551e-03j
-1.19145233e-01+3.07991069e-03j
5.09960812e-02+1.09484533e-03j
1.48900682e-01+2.28709778e-03j
8.84170758e-02+4.19842381e-03j
-1.54357767e-01+1.25680431e-03j
-3.05282571e-01+5.39676196e-03j
-2.30667808e-01-9.17910276e-03j
1.32532414e-02+9.95236506e-03j
1.53819948e-01+4.40522277e-03j
7.44743656e-02+1.19468524e-02j
-1.05634349e-01+3.36177331e-03j
-2.38513874e-01-5.71753192e-03j
-2.07551287e-01+2.96165813e-03j
-3.07194573e-02-1.60423654e-03j
1.65718429e-01-3.13191438e-03j
1.34330549e-01-1.67795725e-02j
-1.24393250e-01-1.14800131e-04j
-2.88623379e-01-1.21925422e-02j
-2.26536084e-01-1.49647922e-02j
-4.35602017e-02-1.53448035e-02j
1.26309201e-01-1.22782775e-02j
1.77078578e-01-1.45702465e-02j
1.51569371e-02-1.73107049e-02j
-2.39726783e-01-2.07074782e-03j
-2.75542861e-01-3.47668059e-03j
-6.43140925e-02-8.93060748e-03j
7.53363884e-02-6.55064614e-03j
1.18329215e-02+1.16920169e-02j
-7.82158893e-02+2.00594602e-02j
-1.84625292e-01+3.62004069e-03j
-2.84515004e-01+6.20670810e-04j
-1.24136236e-01+4.47823621e-03j
2.41870987e-01-2.86016471e-04j
3.00953681e-01-4.50825114e-03j
-1.14817682e-02+8.91458934e-03j
-2.02988238e-01+1.99461653e-02j
-1.62655910e-01-4.27105449e-04j
-3.41057666e-01-4.18826947e-03j
-4.88227272e-01-1.34843589e-02j
4.24617212e-02-2.08945028e-02j
7.45820563e-01-1.33318344e-02j
5.01274051e-01+8.41536710e-03j
-4.44029761e-01-1.01596285e-02j
-7.31026493e-01-9.15198267e-04j
-1.54103600e-01+7.76907397e-03j
2.58100888e-01+3.87093495e-03j
3.59748621e-02+2.04194469e-03j
-1.70812778e-01+4.11370418e-03j
-1.01295587e-01+4.56645506e-03j
-5.36601237e-02+7.00881612e-03j
-2.65853533e-03-2.19510012e-02j
1.43825001e-01-1.02106082e-02j
1.29628634e-01+2.61088383e-03j
-1.56497965e-01-4.00360823e-02j
-4.14352759e-01-3.62157630e-02j
-3.12473909e-01+5.46923528e-02j
3.73066239e-02+1.18375217e-01j
2.55988413e-01+2.28103532e-02j
2.06377476e-01-1.00271197e-01j
-6.24873840e-02-8.26456353e-02j
-2.90122175e-01+8.96850553e-03j
-2.56723032e-01+4.10588648e-02j
-3.03321319e-02+2.11062906e-03j
1.25364885e-01+1.06138537e-02j
8.81472463e-02+3.24919316e-02j
-6.61794440e-02-2.83177993e-03j
-2.12387211e-01-1.69634010e-02j
-2.44112614e-01-3.30650577e-03j
-9.29427762e-02+1.79366477e-04j
1.45881733e-01-8.23572917e-03j
1.96321222e-01-9.91652567e-03j
-7.87370983e-03+9.24137919e-03j
-2.30816046e-01+7.69211931e-03j
-2.49880414e-01+1.61740165e-02j
-1.04933266e-01+7.78090869e-03j
5.81695125e-02+1.30401923e-02j
1.29731216e-01-4.28843892e-03j
3.78326027e-02+3.40464146e-04j
-1.76080309e-01+3.34816938e-03j
-2.73658888e-01-1.25816388e-02j
-1.30458040e-01-2.56610253e-03j
1.03800685e-01+8.12240210e-03j
1.76016327e-01-5.21348177e-03j
4.80102042e-02+6.01251383e-03j
-1.66320464e-01-7.64057926e-03j
-2.65398965e-01-1.15707463e-03j
-1.92034746e-01+8.18791794e-03j
1.20504199e-02+2.10711679e-03j
1.65629753e-01-1.23543584e-02j
7.58726997e-02+3.37541135e-03j
-1.36130060e-01-7.16783237e-03j
-2.65086521e-01-8.82690754e-03j
-1.82403641e-01-3.97586833e-03j
4.26769415e-02+1.63874977e-02j
1.46415588e-01+1.13981268e-02j
1.06720595e-01-4.84888916e-04j
-9.16477418e-02+8.91219659e-03j
-2.56848738e-01-5.79375722e-03j
-2.53823007e-01+2.27727174e-03j
-1.52770525e-02-2.72517962e-03j
1.61828394e-01+6.36531106e-03j
1.27774721e-01+1.14020247e-03j
-8.34560527e-02+8.44038277e-03j
-2.49930915e-01+1.41980645e-02j
-2.21258446e-01+1.20816247e-02j
-4.05922862e-02-3.63819755e-04j
1.33613295e-01-6.19400474e-03j
1.28106254e-01-8.94013378e-03j
-4.00421153e-02-6.72366572e-03j
-2.38156289e-01-1.38273800e-02j
-2.75323738e-01-2.70821657e-03j
-9.55934861e-02-1.33626877e-02j
1.22026437e-01-1.08451926e-02j
1.55436545e-01+2.10210560e-04j
-2.66652540e-02+3.34657167e-03j
-2.05139278e-01-9.34970682e-03j
-2.26526366e-01-3.13323939e-03j
-8.94525315e-02-5.50073264e-03j
1.08283355e-01+4.27670675e-03j
1.54307307e-01+1.88615738e-02j
2.41008631e-02+1.21559458e-02j
-1.77950688e-01+1.49983181e-02j
-2.94416008e-01+2.63266007e-03j
-1.74758126e-01+1.45209152e-02j
5.08939352e-02-1.39624917e-02j
1.73844300e-01-1.18693786e-02j
5.09577157e-02-7.87793362e-03j
-1.69283338e-01-1.07076968e-02j
-2.63926758e-01-9.18669337e-03j
-1.33119543e-01+4.10316188e-06j
6.51437272e-02+2.91588087e-02j
1.61714248e-01+2.78325347e-02j
6.53463035e-02-8.31779590e-04j
-1.32591482e-01+2.28602598e-02j
-3.19003521e-01+3.57240359e-02j
-2.82847105e-01-3.93419442e-02j
6.30844699e-03-1.13329345e-01j
2.69392858e-01-4.20995507e-02j
1.72845342e-01+9.17829378e-02j
-1.54281198e-01+1.03065649e-01j
-3.39759885e-01-3.97988899e-03j
-2.34938786e-01-5.85144356e-02j
-1.08717673e-03-1.80139564e-02j
1.41803055e-01-1.09315134e-03j
1.30101785e-01-1.50350346e-02j
-3.64602285e-02-2.02634982e-02j
-2.40599180e-01+2.09292248e-02j
-2.55214971e-01+1.70199241e-02j
-5.71345901e-02-9.27147183e-03j
1.29191698e-01+6.92366197e-03j
1.55686691e-01+4.82630344e-03j
-5.74272824e-02+2.80168946e-03j
-2.65331594e-01-2.45954117e-03j
-2.62123508e-01+1.63612395e-03j
-8.31248230e-02-9.38482667e-03j
1.23851267e-01-5.31468107e-03j
1.49170980e-01-1.71553282e-02j
1.38908804e-03-9.93263338e-03j
-2.09148486e-01-5.25869468e-04j
-2.54272721e-01+4.99716101e-03j
-1.05363437e-01+4.75505955e-03j
1.08343770e-01+2.68119630e-04j
1.75937850e-01+1.55934926e-03j
3.03523516e-02+1.04051876e-02j
-1.89632995e-01-6.12202287e-03j
-2.72864468e-01+1.31321734e-02j
-1.53073203e-01+1.13640455e-02j
8.51918896e-02+7.77269660e-03j
1.59419893e-01-5.37328471e-03j
4.18769291e-02+4.36999574e-03j
-1.88346407e-01-2.00592428e-02j
-2.79129154e-01-4.35892602e-03j
-1.96155313e-01+4.54818486e-04j
5.19620598e-02+3.52996042e-03j
1.60325789e-01-3.04237687e-03j
7.00984431e-02+4.92316131e-03j
-1.28731318e-01+1.21727415e-03j
-2.80158727e-01-4.92541593e-03j
-1.97529642e-01-1.00379154e-03j
9.87339330e-03-1.60458162e-02j
1.56654806e-01-1.17042240e-02j
1.00157069e-01-8.45355423e-03j
-9.77759225e-02-1.30682219e-02j
-2.60059585e-01-5.74342459e-03j
-2.06784630e-01-8.01108060e-03j
-1.64087080e-02-8.16639733e-03j
1.30178683e-01+1.19752891e-02j
1.08563870e-01-9.69071387e-03j
-7.52384580e-02+5.94403587e-03j
-2.47116642e-01+9.30718231e-03j
-2.37341271e-01-4.23796338e-04j
-5.46419694e-02+6.59464754e-03j
1.36949499e-01+6.12321793e-03j
1.34211050e-01+5.44921882e-03j
-5.75462299e-02+1.06702163e-02j
-2.41894210e-01+1.03162996e-02j
-2.52843636e-01-1.36547166e-03j
-8.04954966e-02+1.93963925e-03j
1.26805271e-01-1.81585024e-02j
1.49352408e-01+7.74178560e-03j
-5.18835372e-03-1.45179033e-02j
-2.06184763e-01-2.52018566e-03j
-2.74277399e-01-9.04970149e-03j
-1.33228658e-01-1.09503718e-02j
7.09289296e-02+9.22727379e-03j
1.46855340e-01+3.83768143e-03j
2.58407998e-02+4.24773100e-03j
-1.98839056e-01+1.20898167e-02j
-2.50546256e-01+1.18078865e-02j
-1.23715923e-01-3.15523151e-03j
8.48597419e-02-1.30927582e-02j
1.70195008e-01-2.59269797e-02j
5.12419729e-02+7.76782271e-04j
-1.41021102e-01-2.84193828e-02j
-2.92938317e-01-5.47178513e-02j
-2.37127922e-01+2.56191935e-02j
4.75103043e-02+1.09176887e-01j
2.87337852e-01+5.23644186e-02j
1.85630497e-01-8.05341739e-02j
-1.62441761e-01-8.99062193e-02j
-3.50252656e-01-1.72620423e-02j
-2.19315556e-01+5.14369225e-02j
3.38920780e-02+1.07607817e-02j
1.66027635e-01+1.14675887e-02j
9.78654376e-02+1.80022496e-02j
-8.16982938e-02+1.68220119e-02j
-2.55181214e-01-2.77710204e-02j
-2.28989656e-01-1.29960271e-02j
-3.33787687e-02-9.84871378e-04j
1.35503799e-01+3.00763180e-03j
1.15403490e-01-3.34462998e-03j
-8.45409749e-02-3.79549459e-03j
-2.66709053e-01+3.42058474e-03j
-2.37657190e-01+1.31773704e-02j
-4.37644011e-02+5.45337304e-03j
1.33757397e-01+7.23574470e-04j
1.30362574e-01-1.68372705e-03j
-2.94864675e-02+1.69032572e-02j
-2.19704287e-01-1.25511359e-02j
-2.33597837e-01-1.85931100e-02j
-8.73972624e-02-1.42130817e-02j
1.15540426e-01+3.20910079e-03j
1.50231545e-01-5.85526145e-03j
-1.22163886e-02-2.38185754e-03j
-2.13695028e-01-1.18889639e-02j
-2.69252720e-01-1.78029378e-03j
-1.08024922e-01-1.17518292e-02j
9.89044149e-02-7.16756331e-03j
1.54582509e-01+6.17153210e-03j
1.29527460e-02-1.94946353e-03j
-1.80740815e-01+2.00818159e-03j
-2.78078207e-01+5.02804165e-03j
-1.59761016e-01+2.38258680e-03j
7.57800614e-02+2.06394314e-03j
1.73802590e-01-2.68592244e-03j
6.07744946e-02+3.29507799e-04j
-1.65919287e-01+2.17288542e-02j
-2.87621282e-01+3.38736957e-03j
-1.67513928e-01-5.73877218e-03j
4.71654822e-02-5.91977977e-03j
1.56673578e-01-1.98851872e-03j
7.74225121e-02-1.32550863e-03j
-1.28856686e-01+1.94575730e-02j
-2.56501456e-01+1.31573755e-02j
-2.04803091e-01+3.86958036e-03j
1.47188694e-02+1.95562507e-02j
1.49069428e-01-4.17104043e-03j
1.12151270e-01+8.04106597e-04j
-1.11965358e-01-1.03020449e-02j
-2.59654920e-01-1.75735449e-02j
-2.08054006e-01-1.36032072e-02j
-1.45323296e-02-4.51224719e-05j
1.54662391e-01-2.30351828e-03j
1.23903654e-01+2.46507244e-03j
-8.35281980e-02-1.42768043e-02j
-2.46422172e-01-1.91490621e-02j
-2.41325793e-01-4.87415755e-03j
-3.83311713e-02+8.00079729e-03j
1.36886390e-01+5.65970718e-03j
1.51047423e-01+7.41175221e-03j
-4.35947270e-02+2.05568396e-03j
-2.42939806e-01+8.10747107e-03j
-2.52710703e-01+5.54553626e-03j
-1.03548786e-01+1.15723859e-02j
9.07376771e-02-1.55909552e-02j
1.37063704e-01-1.21824841e-02j
-8.35468315e-03+5.64976115e-03j
-2.42557028e-01+4.10614869e-04j
-2.63967394e-01-1.07147819e-02j
-8.88892611e-02-8.23780833e-03j
1.20379811e-01+1.76884866e-02j
1.54547920e-01+2.99713244e-02j
2.81368716e-02-2.90933135e-03j
-1.79242956e-01+1.81602966e-02j
-3.02963527e-01+5.72190318e-02j
-2.52665270e-01-1.95710839e-02j
3.22957376e-02-1.00230013e-01j
2.70904084e-01-7.26048208e-02j
1.81807590e-01+5.62689598e-02j
-1.70018157e-01+1.02987874e-01j
-3.52697150e-01+2.15272220e-02j
-1.99886221e-01-4.89313436e-02j
6.21713129e-02-2.77296191e-02j
1.63329515e-01-1.18302568e-02j
6.40670995e-02-1.09763697e-02j
-1.08719842e-01-2.43462131e-02j
-2.36431025e-01+1.39147094e-02j
-1.98413916e-01+2.25410728e-02j
5.08920782e-04+7.14439921e-03j
1.58053769e-01+1.34574305e-02j
9.19906856e-02+2.26483677e-02j
-1.31723599e-01+1.92018034e-03j
-2.92421490e-01-7.74954536e-03j
-2.26713520e-01-5.62369504e-03j
-9.08023246e-03-1.25850122e-02j
1.58638463e-01-3.80474107e-03j
1.21942023e-01-1.71266224e-02j
-7.00925489e-02-1.33379727e-02j
-2.26709161e-01-1.13308145e-02j
-2.25830375e-01-1.60502414e-03j
-3.33642674e-02-1.66021152e-04j
1.32397767e-01+1.40698173e-02j
1.46800298e-01-6.29064546e-04j
-2.95290461e-02+1.62180272e-02j
-2.31628030e-01+2.76813236e-03j
-2.52240613e-01-2.52269210e-03j
-9.39966953e-02+1.71191691e-02j
9.65139799e-02+1.57301275e-03j
1.26207391e-01-5.03667980e-03j
-3.42813592e-02-3.72123119e-03j
-2.04368758e-01-1.34179135e-02j
-2.63355016e-01-1.64285223e-03j
-1.33747718e-01-2.87508924e-03j
9.11820924e-02+6.17844772e-03j
1.76904571e-01-1.09974510e-02j
4.10312614e-02-1.11368184e-03j
-1.83139097e-01-1.43341952e-02j
-2.46448002e-01-4.98025349e-03j
-1.35572955e-01-1.48261667e-02j
7.03397460e-02-8.64517603e-03j
1.63409234e-01-4.72966337e-03j
5.87443225e-02-1.30098930e-02j
-1.57953718e-01-1.69045399e-02j
-2.77481922e-01-2.75327325e-03j
-2.02477622e-01+5.90997512e-04j
3.22075828e-02-1.11852712e-02j
1.48088614e-01-3.07203541e-03j
6.81785588e-02+7.01671009e-03j
-1.35126741e-01+8.20393080e-03j
-2.81497244e-01-1.13708140e-03j
-1.99296685e-01+2.28832300e-03j
2.44223621e-02+2.75978314e-03j
1.77717702e-01+3.82269112e-03j
1.09115484e-01+8.36584192e-03j
-1.13673509e-01-3.87148485e-03j
-2.68355357e-01+6.99441371e-03j
-2.16069591e-01-1.90833219e-03j
-1.11740555e-02+1.18683272e-02j
1.44513825e-01-3.29191994e-03j
1.04650644e-01-1.16940533e-02j
-7.05979321e-02+7.41137345e-03j
-2.42258647e-01-1.34428905e-02j
-2.52403740e-01-1.67219497e-02j
-6.87693562e-02-1.51108989e-02j
1.19680489e-01+1.10736678e-02j
1.47885307e-01+1.54333937e-02j
-1.86947805e-02+1.00643051e-02j
-2.43626792e-01+9.67267341e-03j
-2.53958704e-01+1.20335003e-02j
-6.92362611e-02+9.61042289e-03j
1.22147027e-01-3.14218903e-03j
1.43881190e-01-2.00774604e-02j
-3.66136203e-02-1.56395852e-03j
-2.01538036e-01-2.47960734e-02j
-2.67136939e-01-5.13148524e-02j
-2.08263141e-01-7.04867915e-03j
3.65179902e-02+1.01834967e-01j
2.67625356e-01+8.76117930e-02j
1.80162272e-01-4.48173590e-02j
-1.78582686e-01-1.25844277e-01j
-3.54126295e-01-4.55090689e-02j
-1.86889483e-01+4.64887425e-02j
6.89536822e-02+1.88098476e-02j
1.48540098e-01-7.74296506e-03j
4.42826191e-02+2.81885772e-02j
-1.40647788e-01+1.56890182e-02j
-2.51364696e-01-1.09502283e-02j
-1.76383009e-01-2.51867017e-02j
3.09039404e-02+2.45499523e-03j
1.96413693e-01+9.85143638e-04j
9.99715915e-02-1.59034075e-02j
-1.37896134e-01-1.31222609e-02j
-2.81490417e-01-5.30388652e-04j
-1.99458826e-01-2.57605699e-03j
-1.11461776e-02-2.49607600e-03j
1.22100240e-01-1.33917490e-02j
8.58256673e-02+9.07577756e-03j
-8.54780122e-02+2.11197666e-02j
-2.53329597e-01+6.52394718e-03j
-2.23395484e-01-1.38669239e-02j
1.52286829e-02-6.59439638e-03j
1.67181056e-01+1.17329971e-02j
1.30734394e-01-5.07955066e-03j
-6.89302962e-02-8.08164511e-03j
-2.25844813e-01-6.14393141e-03j
-2.44874757e-01-6.48801702e-04j
-1.04351113e-01-1.30838791e-02j
1.14344007e-01-9.78750123e-03j
1.47389276e-01+3.64963839e-03j
-4.30560673e-02+2.54343255e-03j
-2.48253492e-01+8.76873807e-03j
-2.27346399e-01+9.02737584e-03j
-5.09216687e-02+2.09168629e-02j
1.18480046e-01+4.18030311e-03j
1.42788332e-01+2.78173152e-03j
1.25237889e-02+7.75128501e-03j
-2.22508901e-01-2.77484776e-03j
-3.23858871e-01+6.00454551e-03j
-1.36034441e-01+7.50315599e-03j
9.30825946e-02-7.58676773e-04j
1.54325240e-01-1.18728467e-02j
2.54529581e-02+1.15018754e-02j
-1.24863747e-01-5.27823603e-03j
-2.04366660e-01+3.29578997e-03j
-1.58927729e-01+2.14423832e-03j
4.72008314e-02+1.09501235e-02j
1.77176658e-01+2.23557975e-03j
-5.92544095e-03-9.10782273e-03j
-2.64680031e-01+5.24903079e-04j
-2.86811056e-01-1.79010496e-02j
-1.64030668e-01-1.57455721e-02j
1.34211604e-02-6.40925856e-03j
2.03232937e-01+3.33950799e-03j
2.52849302e-01+3.15614487e-03j
-3.57528458e-02-4.71725449e-03j
-3.24398009e-01-8.02003264e-03j
-1.84962960e-01-5.05914477e-03j
6.54661941e-02-4.53427988e-04j
-1.85827575e-01+1.57069605e-02j
-4.14973770e-01+4.05936421e-03j
6.24174560e-02-6.98130950e-03j
5.76197151e-01+2.62648670e-04j
2.00803209e-01-1.97199599e-03j
-4.24218326e-01+9.87601552e-03j
-3.59505917e-01-4.88056691e-03j
8.92457780e-02-1.87707401e-02j
1.85932119e-02-9.11317630e-03j
-3.19354532e-01-1.34020123e-03j
-2.17580138e-01-1.08658897e-02j
1.35479132e-01-2.25621522e-02j
2.36830151e-01+6.08498134e-03j
1.12120456e-01+2.08305932e-02j
-3.77421244e-02+4.25758349e-03j
-2.19171431e-01-1.05423517e-03j
-3.45310318e-01+3.78711232e-02j
-2.27576864e-01+1.39036612e-02j
8.09006482e-02-9.49215528e-02j
2.15749623e-01-1.02182399e-01j
9.83434108e-02+3.16817273e-02j
-1.37888787e-01+1.08737708e-01j
-2.82296622e-01+5.44307546e-02j
-1.57476061e-01-4.33684245e-02j
8.78463589e-02-3.27404562e-02j
1.87883717e-01-4.71792566e-04j
-1.43353369e-03-1.46305810e-02j
-2.22727050e-01-1.27648562e-02j
-2.76820689e-01-1.04336085e-03j
-1.30707766e-01+2.88222204e-02j
5.06420657e-02+1.94640421e-02j
1.57648386e-01+1.13034759e-03j
1.04337362e-01+1.18430288e-02j
-1.21590721e-01+1.62047378e-02j
-2.80069888e-01-9.83873589e-03j
-1.86973337e-01-1.59988555e-02j
5.05965680e-02-8.70019000e-03j
1.58703910e-01-5.43464789e-03j
3.81035947e-02-2.78939153e-02j
-1.38578652e-01-1.29444166e-02j
-2.34404547e-01-8.25430567e-03j
-1.91233581e-01+2.73896759e-03j
5.93319072e-04+1.55389503e-02j
1.82761732e-01+1.23223223e-02j
1.26005224e-01+3.42081265e-03j
-9.79123544e-02-6.85180205e-03j
-2.64271382e-01-1.27457547e-02j
-2.07641904e-01+1.09485424e-02j
-1.34833799e-02+3.14590272e-03j
1.12643900e-01+1.11520668e-03j
8.99157677e-02+4.00400474e-03j
-7.64344032e-02-8.30413475e-03j
-2.56770897e-01-6.92493201e-03j
-2.65392803e-01-7.91090306e-03j
-6.08066979e-02-1.12432277e-02j
1.51714116e-01-1.17602785e-03j
1.59667830e-01-1.31519668e-02j
-3.73684126e-02+8.92798724e-03j
-2.25687275e-01-5.58560661e-03j
-2.55973001e-01-4.82384311e-03j
-1.14616701e-01-5.22026763e-03j
9.66757468e-02+6.24535297e-03j
1.54554006e-01-1.88794451e-02j
9.26289032e-03-4.31661407e-04j
-2.06167794e-01-1.67003137e-02j
-2.80875593e-01+1.93698531e-03j
-1.13311184e-01-4.10550408e-03j
1.03113911e-01-1.89228728e-02j
1.62688124e-01-1.20894549e-02j
1.34933095e-02+5.13243096e-03j
-1.96915135e-01-8.65466921e-03j
-2.61053153e-01-1.75066845e-03j
-1.61650951e-01+4.50280083e-03j
4.40312276e-02+3.78877263e-03j
1.57293170e-01+6.48660159e-03j
6.63679860e-02-5.45329169e-03j
-1.55221356e-01+1.78894119e-03j
-2.72458252e-01+4.23181288e-03j
-1.71769801e-01+2.71084451e-03j
5.32710987e-02-5.65210781e-03j
1.86087162e-01-1.60889609e-02j
8.69318338e-02-1.34279054e-02j
-1.29489631e-01-1.01650374e-02j
-2.68269529e-01-3.93537016e-03j
-2.05768275e-01-1.56186194e-02j
-9.35036512e-03-7.39308229e-03j
1.20071836e-01-9.03133535e-03j
8.89803534e-02+8.65838611e-03j
-8.50799816e-02+8.07417251e-03j
-2.44390487e-01-2.63808740e-03j
-2.41166148e-01+8.54091361e-03j
-3.67387208e-02+2.03550215e-02j
1.80917599e-01+1.14670180e-02j
1.53933608e-01-3.64163080e-02j
-6.32185501e-02-1.25161886e-02j
-2.54755835e-01-4.32463514e-03j
-2.49079640e-01-3.06389559e-02j
-1.20164772e-01-2.64698803e-02j
5.51349723e-02+7.31316167e-02j
1.76455761e-01+1.05556251e-01j
6.85702914e-02+4.84448568e-03j
-2.00045413e-01-1.09454224e-01j
-3.42415871e-01-6.95968751e-02j
-1.62342465e-01+2.58899414e-02j
1.08878824e-01+3.64039682e-02j
1.55167338e-01+1.19640022e-02j
4.50491524e-03+1.56379387e-02j
-1.86351533e-01+6.34685686e-03j
-2.29322307e-01+2.64541077e-03j
-1.09380917e-01-2.61348025e-02j
7.79164749e-02-3.23958200e-03j
1.70030542e-01-2.06415638e-04j
4.65955929e-02-1.12315857e-02j
-1.84889516e-01-9.15276875e-03j
-2.85734171e-01-6.47138562e-03j
-1.85054264e-01+1.26439162e-02j
5.68698074e-02+1.31559122e-02j
1.55900914e-01+3.10179228e-03j
6.00471898e-02-1.41218257e-02j
-1.58866578e-01+3.99813990e-03j
-2.71008323e-01+3.75830049e-03j
-1.75117761e-01-4.21956548e-03j
3.14510937e-02-2.96386059e-03j
1.79313518e-01-5.75567654e-03j
1.00450042e-01-4.67970980e-03j
-1.10970372e-01+6.62798342e-03j
-2.56396489e-01+3.85665178e-03j
-2.13701047e-01-4.97488027e-03j
-5.31165413e-04+3.65196939e-03j
1.44774986e-01+1.62449242e-03j
1.01991459e-01-1.18987244e-02j
-9.18097321e-02+1.61081646e-03j
-2.73753727e-01+5.86207626e-03j
-2.46002706e-01-1.10750373e-03j
-4.84474220e-02-5.18377807e-03j
1.45091764e-01+9.27589133e-03j
1.18867559e-01+1.39797058e-02j
-4.91810493e-02-1.83050981e-03j
-2.43963725e-01+4.15348768e-03j
-2.48759335e-01+1.67240196e-02j
-7.64619909e-02+1.49335565e-04j
1.13365217e-01+9.61148840e-03j
1.47099785e-01-2.16045851e-03j
-2.51584827e-02+1.26505664e-02j
-2.10691812e-01+2.22779327e-02j
-2.47773693e-01+3.70384314e-03j
-9.33534140e-02+4.74826895e-03j
1.07754093e-01+1.48450552e-02j
1.45520428e-01+9.06164454e-04j
-8.13971162e-03-3.76850195e-03j
-2.11822287e-01-2.84727541e-03j
-2.77551234e-01-3.25387803e-03j
-1.22113178e-01-5.75461978e-03j
8.80225515e-02+5.56522182e-03j
1.56090393e-01+1.05092170e-02j
3.53248135e-02-7.04343543e-03j
-1.85572518e-01+6.12641584e-03j
-2.78250081e-01-1.01831251e-02j
-1.77255570e-01-1.44137159e-02j
6.28434715e-02-7.31245590e-03j
1.63508012e-01+3.75954532e-03j
6.36095880e-02+3.91119937e-03j
-1.54857886e-01+1.17090744e-02j
-2.74698716e-01+5.44282098e-03j
-1.82357135e-01-1.06437878e-02j
7.13862839e-03+9.25599410e-03j
1.53963669e-01+4.78222031e-03j
7.09478413e-02-1.58077665e-02j
-1.26523386e-01-1.13710934e-02j
-2.61604076e-01-9.09798441e-03j
-2.12839482e-01-1.84407773e-02j
-3.59251722e-03-8.32084773e-03j
1.85641826e-01-3.67205678e-03j
1.30202385e-01+1.59447269e-02j
-1.01099418e-01+1.86815919e-02j
-2.43270548e-01-1.07763562e-02j
-2.15290799e-01+3.87121101e-02j
-7.81998850e-02+1.68586048e-02j
8.65714865e-02-4.83020378e-02j
1.73864557e-01-1.12446016e-01j
7.07891713e-02-1.23875624e-02j
-1.88114819e-01+1.05853341e-01j
-3.11031546e-01+6.90943735e-02j
-1.27977531e-01-8.76735707e-03j
1.13210545e-01-2.96037511e-02j
1.54235130e-01+6.46117098e-03j
-3.51614904e-02-1.37905480e-03j
-2.28137707e-01-3.30105909e-02j
-2.47967017e-01-1.87283413e-03j
-8.89706184e-02+1.84438126e-02j
9.97792885e-02+2.58246240e-02j
1.63883057e-01-3.82757348e-03j
-1.07028936e-02+3.53742204e-03j
-2.10713308e-01+1.51757090e-02j
-2.88340666e-01-6.43594103e-03j
-1.41478460e-01-1.37081486e-02j
8.13596328e-02-2.06097497e-02j
1.82559164e-01-8.08266450e-03j
3.05272099e-02-6.27359013e-03j
-1.76112049e-01-1.57565667e-03j
-2.50163005e-01-1.20898364e-02j
-1.43591601e-01-2.77249830e-03j
6.82115526e-02+2.04761072e-02j
1.61407259e-01+1.17017682e-02j
6.14362052e-02+1.07217073e-02j
-1.59414055e-01-1.06320338e-02j
-2.68049891e-01-5.21702228e-04j
-1.84176834e-01-2.60089429e-03j
2.59073814e-02+4.47345970e-03j
1.66208083e-01-1.33629884e-03j
6.51162637e-02+4.29641192e-03j
-1.54429277e-01+4.41848910e-03j
-2.74627438e-01+2.52977043e-03j
-2.12513483e-01-1.52735532e-02j
2.83265082e-04-7.99575330e-03j
1.52935144e-01-9.96215962e-04j
1.05199257e-01-8.61774766e-04j
-1.09734260e-01-4.61349745e-03j
-2.61650655e-01+5.10886948e-03j
-2.30625836e-01-4.16063321e-03j
-4.71322362e-02-5.50912063e-03j
1.47084736e-01-1.36037029e-02j
1.37993665e-01+4.19980083e-03j
-5.99067240e-02+1.24996910e-03j
-2.36874227e-01-3.85614027e-03j
-2.36090693e-01-6.42370286e-03j
-7.32952118e-02-1.45038671e-03j
1.40526670e-01-2.53378936e-02j
1.60803531e-01-5.83447515e-04j
-2.09389050e-02-2.83270951e-03j
-2.37534764e-01+4.89051459e-03j
-2.61003102e-01+4.44311124e-03j
-8.34862558e-02-6.84836354e-03j
1.18963060e-01+2.07857517e-03j
1.66028098e-01+1.23939329e-03j
2.37096451e-03-7.19844529e-03j
-2.04100081e-01+1.33939424e-02j
-2.68025845e-01+1.95541846e-03j
-1.18899999e-01+1.43758624e-02j
8.79422405e-02-3.09764432e-03j
1.88640281e-01-1.18539598e-02j
3.63132688e-02-7.75116108e-03j
-1.91181491e-01-2.58095371e-02j
-2.71255129e-01+6.53093968e-03j
-1.49515679e-01-2.31195222e-03j
4.31242214e-02-3.96536904e-03j
1.43571135e-01-9.41724177e-03j
3.62936937e-02+1.25082873e-02j
-1.58787639e-01+4.35705920e-03j
-2.73789621e-01+1.49100449e-02j
-2.02759589e-01+5.24056376e-03j
2.95261164e-02+3.28208611e-02j
1.83383982e-01+3.96637775e-03j
1.09450772e-01-2.12493666e-02j
-1.45763559e-01-1.87905611e-02j
-2.56638766e-01+9.40554271e-04j
-1.94928630e-01-2.79247735e-02j
-6.51283163e-02-3.39943613e-02j
7.92354156e-02+3.32938309e-02j
1.34903548e-01+1.02866040e-01j
3.40762206e-02+4.04330058e-02j
-1.64434451e-01-1.09642802e-01j
-2.74943921e-01-8.63491059e-02j
-1.12554350e-01+6.02644368e-03j
1.21774618e-01+4.27167710e-02j
1.45779657e-01+1.23956606e-02j
-7.22546524e-02-3.71067817e-03j
-2.48768163e-01+2.52847493e-02j
-2.29671317e-01-5.59776602e-03j
-3.65184285e-02-5.07520033e-03j
1.17388344e-01-2.72054769e-02j
1.27029217e-01-6.77371729e-03j
-3.38287139e-02+8.12563109e-04j
-2.49573135e-01-1.76513688e-02j
-2.96419512e-01+1.44697141e-02j
-1.03114388e-01+2.21298104e-02j
1.14749592e-01+1.57084107e-02j
1.64105976e-01+5.82963605e-03j
9.25197259e-03+2.13485035e-04j
-2.12599723e-01+3.86691163e-03j
-2.67531395e-01+1.30475218e-02j
-1.20045446e-01-1.68023009e-03j
9.48030815e-02-1.00729532e-02j
1.63073856e-01-1.54988937e-02j
4.16016254e-02-9.14825961e-03j
-1.77276586e-01+1.31287715e-02j
-2.72134635e-01+9.89737585e-04j
-1.51278084e-01-1.28155456e-02j
5.28206687e-02+8.82263341e-03j
1.57179272e-01-1.68749540e-02j
5.79108555e-02-3.48281824e-03j
-1.68676009e-01+1.07935525e-03j
-2.94134881e-01-5.50712934e-03j
-2.03704641e-01+9.36489380e-03j
2.18098293e-02-1.04151516e-02j
1.70087444e-01+8.50911067e-03j
9.86579262e-02-1.27188128e-02j
-1.29950149e-01+2.15796815e-02j
-2.58662565e-01+1.62196463e-02j
-1.88532773e-01+1.74959114e-02j
1.08191087e-02+6.68300048e-03j
1.54753064e-01+2.46355607e-02j
1.17605956e-01+7.10604620e-03j
-8.24444063e-02+9.24493218e-03j
-2.52871763e-01-5.31497219e-03j
-2.42770526e-01+6.51260344e-03j
-5.44257978e-02+6.27404880e-03j
1.33964056e-01+7.69208865e-03j
1.10915406e-01-3.48674753e-03j
-5.68711336e-02-7.28409266e-03j
-2.41442975e-01+2.99572847e-03j
-2.60346131e-01+1.13442694e-02j
-7.26882245e-02-3.78290484e-03j
1.44542871e-01+7.04280523e-03j
1.75264606e-01+4.27415061e-03j
1.12117061e-02+1.02038546e-03j
-2.29586380e-01-5.96070290e-03j
-2.70131924e-01-1.78164351e-02j
-1.05936712e-01-8.48772892e-03j
1.16157510e-01-9.89829755e-04j
1.54302107e-01+2.11180814e-02j
1.49975134e-03+1.25898227e-02j
-2.07914470e-01+1.45153537e-02j
-2.69866594e-01+1.47170981e-03j
-1.22359512e-01+1.90274156e-02j
7.31678662e-02+3.28795479e-03j
1.38197896e-01+1.08463167e-02j
4.00778556e-02-5.77018320e-03j
-1.47016183e-01-1.92031135e-02j
-2.74035106e-01-9.54811760e-03j
-1.60087694e-01-9.00013333e-04j
6.35556099e-02-3.26227545e-03j
1.81716053e-01-5.64887081e-03j
7.81165201e-02+3.12664356e-02j
-1.83602253e-01+1.97991523e-02j
-2.73329673e-01-1.02222262e-02j
-1.80045760e-01+2.70706857e-02j
-3.34559131e-03+3.85207566e-02j
6.14789639e-02-2.34544528e-02j
1.00006985e-01-1.11360815e-01j
9.55948504e-03-4.23842825e-02j
-1.80978076e-01+7.38757408e-02j
-2.57668286e-01+8.79041545e-02j
-8.32142565e-02+1.12341421e-02j
1.38370318e-01-3.88468885e-02j
1.20579415e-01-7.38710052e-03j
-1.13954966e-01+4.02563845e-03j
-2.75392386e-01-1.68940238e-02j
-1.94358047e-01-1.70258121e-02j
-1.89425990e-02+1.86444269e-02j
1.27166008e-01+1.00593878e-02j
1.30999905e-01+2.25511265e-04j
-3.37152966e-02+1.70284873e-02j
-2.30590433e-01+3.30582531e-02j
-2.68351584e-01-2.60716579e-03j
-8.10984244e-02-9.26277859e-03j
1.26406973e-01-9.00526430e-03j
1.22314545e-01+4.58007647e-03j
-6.88401462e-02+7.04305286e-03j
-2.24873750e-01-1.37280317e-02j
-2.62852815e-01-1.03955872e-02j
-9.95652529e-02+5.56287911e-03j
1.08610818e-01-3.26761171e-03j
1.95952373e-01+3.38929687e-03j
3.28351831e-02+2.62052604e-03j
-2.04302983e-01+4.00903435e-03j
-2.78931577e-01-8.27508229e-03j
-1.09740555e-01+1.11102686e-02j
6.85899544e-02+1.68215984e-03j
1.28701313e-01+7.04519725e-03j
1.98620429e-02-5.46543575e-03j
-1.66023800e-01-6.67582573e-03j
-2.92778971e-01-2.98346864e-03j
-1.83244071e-01+3.10063517e-03j
8.51951743e-02-2.78529095e-03j
1.98915582e-01-3.32451329e-04j
5.72430134e-02-6.53951145e-03j
-1.60433797e-01-2.79260604e-02j
-2.58529081e-01+4.60861595e-03j
-2.21237730e-01+8.91673764e-03j
-2.83660772e-02-4.75189875e-03j
1.62723086e-01-1.01841906e-02j
1.19980221e-01-5.66114421e-03j
-1.22051634e-01-4.52562225e-03j
-2.56377631e-01+1.39243631e-04j
-1.51862380e-01-2.51244206e-02j
2.71137617e-02+4.90108855e-04j
1.28673807e-01-1.77684625e-02j
1.15899863e-01-7.35483687e-03j
-7.36089661e-02+6.97952524e-03j
-3.50375150e-01+1.66700998e-03j
-3.29170405e-01+6.13258423e-03j
-3.89045687e-02+1.43396327e-02j
1.50903248e-01+1.71392123e-02j
9.71663706e-02+5.27808276e-03j
2.10115981e-02-1.80572557e-03j
-6.78643050e-02-8.79777873e-03j
-2.14777918e-01+9.05916888e-03j
-1.28722077e-01+1.25150622e-02j
1.91611571e-01-6.09952592e-04j
1.07403665e-01-4.88516711e-03j
-5.04454001e-01-3.02642882e-03j
-6.11010489e-01-2.07767506e-03j
1.76071572e-01-8.78931941e-03j
7.06330399e-01-2.85044569e-03j
2.55675131e-01-1.73573122e-02j
-3.80460948e-01-3.55037889e-03j
-3.62926234e-01+8.15642707e-03j
-1.61797275e-01+1.44521294e-02j
-2.45194153e-01+3.10288473e-03j
-1.96321413e-01+1.26359289e-02j
1.77616606e-01+1.68203066e-02j
3.53865559e-01+1.75335214e-02j
7.62321682e-02-2.45598925e-02j
-2.13216135e-01-1.99974990e-02j
-2.56446184e-01+4.32878134e-03j
-1.66438592e-01-6.38190022e-03j
-8.43238057e-02-3.63983751e-02j
2.59703324e-02+1.74824142e-02j
6.12859731e-02+1.09390340e-01j
-5.60889002e-02+6.12293521e-02j
-1.85545135e-01-6.29329233e-02j
-1.40712820e-01-1.13829886e-01j
4.37039451e-03-1.58603622e-02j
1.27377953e-01+4.53916664e-02j
9.48868455e-02+2.20291376e-02j
-1.05533828e-01-8.47669416e-03j
-2.88556120e-01+1.48299323e-02j
-2.46912247e-01+1.53559834e-02j
-4.04967688e-03-1.54386283e-02j
1.78529914e-01-1.39923992e-02j
1.00114819e-01-2.57734269e-03j
-9.04329887e-02+5.45043400e-03j
-2.22151983e-01-2.60535252e-02j
-2.09393968e-01+4.94347419e-03j
-7.14068726e-02+9.50464121e-03j
1.34844311e-01+3.33887458e-03j
1.64615178e-01-5.14433823e-03j
-6.23815709e-02-7.97523345e-03j
-2.87063148e-01+2.39684818e-03j
-2.58350924e-01+1.69182603e-02j
-5.34511725e-02-4.64517383e-03j
1.21485420e-01-6.68589101e-03j
1.48131457e-01-1.66266937e-02j
1.29776552e-02-1.90940397e-03j
-2.02390762e-01+3.77753568e-03j
-2.70851695e-01-9.19425689e-03j
-1.02213864e-01-1.62468035e-04j
1.04389373e-01-1.04311889e-02j
1.40014432e-01-2.52865096e-03j
-2.77069152e-02-1.40156777e-02j
-2.29229185e-01-2.03780437e-03j
-2.68566981e-01+1.12891249e-02j
-1.46651454e-01+4.85299570e-03j
6.85521328e-02+1.87762536e-02j
1.70032060e-01+5.74402388e-03j
8.00623656e-02-2.78743230e-03j
-1.63810608e-01+5.28448348e-03j
-2.75895778e-01+1.14652454e-02j
-1.60221751e-01+1.37269321e-02j
6.03123255e-02+1.19586074e-02j
1.44395858e-01+8.24193760e-03j
3.99603919e-02+4.32738096e-03j
-1.49106617e-01+1.33252547e-02j
-2.72022781e-01+4.83518550e-03j
-1.74737316e-01+9.18033339e-03j
1.98635423e-02+5.67449894e-03j
1.79631461e-01+7.28630330e-03j
1.13438394e-01+8.87762699e-03j
-1.34825490e-01+7.00495764e-03j
-2.89626184e-01-1.00115142e-02j
-2.09769375e-01+3.40967059e-03j
-1.40408884e-02-1.53156773e-02j
1.43347308e-01-2.36464401e-03j
9.58285574e-02-5.56209603e-03j
-9.07395149e-02+6.10744035e-03j
-2.52501133e-01-5.98787516e-03j
-2.36269184e-01-5.40885956e-03j
-4.65108992e-02-4.15986799e-03j
1.61300838e-01-4.48948084e-03j
1.58163405e-01-1.02535540e-03j
-3.90548383e-02+5.45023725e-03j
-2.48091387e-01+1.29526621e-02j
-2.52169482e-01+4.28532555e-03j
-6.48566746e-02-8.21057230e-03j
1.23588308e-01+2.59016682e-02j
1.21794159e-01+1.40184128e-02j
-3.87579677e-02-3.81083957e-03j
-2.30407558e-01-1.43481376e-02j
-2.54794678e-01-1.91325472e-04j
-1.06106865e-01-2.17720184e-04j
9.67882448e-02-8.07804962e-03j
1.82250907e-01-1.67900274e-02j
4.99416202e-02+1.17095077e-02j
-1.92706979e-01+2.29370873e-02j
-2.81523206e-01+8.46698494e-03j
-1.35463861e-01+2.29089401e-02j
6.36078494e-02+4.06540226e-02j
9.06964413e-02+1.61287518e-02j
8.97245305e-03-9.87596393e-02j
-1.00173482e-01-8.98763974e-02j
-1.88162293e-01+4.50496235e-02j
-1.65729077e-01+1.21355586e-01j
-2.75539980e-02+3.16619821e-02j
1.26445206e-01-5.34643998e-02j
8.48668508e-02-1.37649374e-02j
-1.42314763e-01+8.26207439e-03j
-2.63080818e-01-1.36707051e-02j
-1.50548408e-01-3.21298323e-02j
5.50873017e-02+1.30293615e-02j
1.62886373e-01+8.52874062e-03j
9.31084748e-02+4.08443655e-03j
-1.00376464e-01+7.30473047e-03j
-2.64808163e-01+1.30616033e-02j
-2.29020027e-01+9.78045476e-03j
-4.46590900e-02-6.31945604e-03j
1.31516071e-01-2.64328234e-02j
1.01559585e-01+4.73760794e-04j
-8.46041445e-02-1.80971862e-03j
-2.46269465e-01-7.56687784e-03j
-2.20513919e-01-1.45842981e-02j
-3.25793567e-02-1.26856908e-02j
1.39346823e-01+4.14881796e-03j
1.46218416e-01+1.05879170e-02j
-4.68268210e-02+3.76413278e-03j
-2.29819069e-01-7.26257103e-03j
-2.39768531e-01-8.74117292e-03j
-6.89826829e-02+1.25109576e-02j
1.18919963e-01+7.45272631e-03j
1.44678823e-01+1.95125035e-02j
-2.44879417e-02+1.38771965e-03j
-2.27061195e-01-1.53542373e-03j
-2.71209539e-01+7.34250889e-03j
-1.19005440e-01-6.82338815e-03j
8.61183601e-02-5.84704263e-03j
1.45711708e-01-3.66820333e-04j
1.79305832e-02-1.31293248e-02j
-1.95872098e-01-1.84351781e-02j
-2.70479001e-01-1.72765923e-02j
-1.30931932e-01-4.88092509e-03j
9.63243096e-02-1.07986505e-02j
1.57626359e-01+5.85725941e-03j
5.40840706e-02-1.14843089e-03j
-1.66255607e-01-9.20776644e-03j
-2.58902458e-01-8.18506263e-03j
-1.55435199e-01-7.57910832e-03j
5.87611887e-02-2.12500547e-02j
1.78831361e-01+6.32192552e-03j
7.59895890e-02-9.96121675e-04j
-1.54288036e-01-8.80835957e-03j
-2.87188587e-01+3.20856708e-04j
-1.99518953e-01+1.29653092e-02j
1.30374943e-02-2.72024615e-03j
1.67891032e-01+2.10403108e-02j
1.08763055e-01+1.17562937e-03j
-1.06795748e-01-3.26129654e-03j
-2.68831275e-01+1.39765401e-02j
-2.27352041e-01-9.78823372e-04j
-2.72870156e-02+2.51062727e-03j
1.41645819e-01+1.25799266e-02j
1.29396147e-01+1.10701303e-02j
-7.43111630e-02-1.52516443e-02j
-2.64005711e-01-3.43366746e-04j
-2.31776435e-01+2.54194960e-03j
-3.98180961e-02-4.29118579e-03j
1.38550026e-01-1.38135731e-02j
1.34765352e-01-2.05352082e-02j
-7.09381180e-02+5.10081926e-04j
-2.54854927e-01+2.25335951e-02j
-2.41001562e-01+1.26808990e-02j
-8.04593649e-02-4.18734837e-03j
1.12033575e-01+9.19549471e-03j
1.68110308e-01+1.01842334e-02j
2.01594458e-02-5.13163198e-03j
-2.01637087e-01-2.37260638e-02j
-2.66100724e-01-1.65951153e-02j
-9.49261802e-02-8.29395060e-03j
9.35915549e-02-3.86458490e-02j
9.77428927e-02-2.10838609e-02j
-2.77782105e-02+8.89018203e-02j
-1.15594786e-01+9.09215113e-02j
-1.40008358e-01-3.42885846e-02j
-1.13560256e-01-1.26822525e-01j
-3.53628173e-03-3.96448625e-02j
1.21531090e-01+4.20071287e-02j
5.44869963e-02+3.59552342e-02j
-1.76502958e-01-5.83876779e-03j
-2.83124780e-01+1.87510555e-02j
-1.65853613e-01+1.71205493e-02j
7.07028419e-02-2.37340865e-03j
1.62789963e-01-1.22298083e-02j
7.27485710e-02-2.73910300e-03j
-1.34322354e-01+1.08011122e-04j
-2.56284553e-01-1.69455739e-02j
-2.09301444e-01-3.46312068e-03j
-9.07056412e-03+8.28959253e-03j
1.67968628e-01+2.34401815e-03j
9.43948699e-02-4.43464681e-03j
-9.67548305e-02+4.93821413e-04j
-2.71670621e-01+9.12592362e-03j
-2.23168666e-01-3.83991854e-04j
-4.24704431e-03+1.09291352e-02j
1.55171570e-01+2.48531731e-03j
1.28143430e-01-9.45022117e-03j
-8.42617715e-02-1.56519602e-02j
-2.46134594e-01-1.00551766e-02j
-2.26019123e-01-1.06095848e-02j
-3.67174855e-02-9.03167074e-03j
1.48511773e-01+2.35670792e-03j
1.45813903e-01+6.63590621e-03j
-5.60028298e-02-2.83788292e-03j
-2.43228543e-01-1.70600906e-03j
-2.70203627e-01-3.59212421e-03j
-9.37511759e-02+1.11635656e-02j
1.00964396e-01+1.16289149e-02j
1.29832690e-01+7.76687519e-03j
-3.52310818e-03+1.53705897e-03j
-2.17237286e-01+5.86157930e-03j
-2.58140005e-01+8.33168434e-03j
-1.17821716e-01+9.13741877e-04j
9.56110297e-02-3.32062179e-03j
1.53868189e-01+1.32915802e-03j
1.31877745e-02+3.58081220e-03j
-1.87454396e-01+1.00436330e-02j
-2.73961286e-01+1.20113471e-03j
-1.26117144e-01+1.24093747e-02j
6.95699497e-02+5.07094085e-03j
1.77959107e-01+1.70369542e-02j
5.49350243e-02-6.80797381e-03j
-1.59719533e-01+8.94554646e-03j
-2.76246933e-01-1.12246579e-02j
-1.66796753e-01+5.92541038e-04j
5.05629385e-02+6.07087105e-03j
1.71443453e-01-7.16346693e-03j
8.77577234e-02+6.15072226e-03j
-1.38520163e-01+4.92478762e-03j
-2.70934931e-01-1.34531220e-02j
-1.91330960e-01+3.67744144e-03j
1.02380270e-02-1.58839153e-02j
1.70206698e-01-1.84568403e-02j
1.07267635e-01+6.26192668e-03j
-1.05447619e-01+1.09138388e-02j
-2.64609872e-01+3.86292239e-03j
-2.23633459e-01+7.30487151e-04j
-1.28705180e-02-5.39080142e-03j
1.44818637e-01-5.73305846e-03j
1.10590866e-01+6.10893481e-03j
-9.44709801e-02+2.69053710e-03j
-2.64829579e-01-1.67126534e-02j
-2.43718166e-01-1.65350108e-02j
-6.08548317e-02+1.99618310e-02j
1.35166079e-01-2.20273162e-02j
1.42711707e-01-1.76526811e-02j
-1.46515352e-02+5.05660588e-03j
-2.16210919e-01+3.23831319e-02j
-2.56348667e-01+3.62079905e-04j
-6.79537945e-02-1.47224465e-02j
1.05841383e-01+3.03104209e-02j
6.92001548e-02+1.18887832e-02j
-7.73346131e-02-7.29370337e-02j
-1.56888712e-01-1.15854638e-01j
-1.32861212e-01+1.01527739e-02j
-5.95490701e-02+1.04199917e-01j
3.40192002e-02+6.72711175e-02j
1.02867131e-01-3.74761371e-02j
2.36195406e-02-3.51489488e-02j
-1.74998111e-01-2.76890825e-04j
-2.83725141e-01-1.14542499e-02j
-1.39423405e-01-3.00673454e-02j
9.70727672e-02-1.02834122e-02j
1.81995834e-01+9.31919302e-03j
4.22769543e-02+5.85174148e-04j
-1.68734878e-01+3.80582305e-03j
-2.82342467e-01+2.11799975e-02j
-1.92759387e-01+2.74145814e-02j
1.90367167e-02+4.40099765e-03j
1.56152378e-01-1.18307842e-02j
7.40786001e-02+4.62766510e-03j
-1.38417617e-01+6.11295269e-03j
-2.79305680e-01-1.10451705e-02j
-1.97790391e-01-1.10450792e-02j
3.28316828e-02-9.64863449e-03j
1.82224227e-01-3.16976561e-03j
1.14966507e-01+1.05727453e-02j
-9.83128125e-02+3.38850691e-03j
-2.63482476e-01+5.94700093e-03j
-2.09327266e-01-4.68293298e-03j
-1.55877521e-02-7.47846916e-03j
1.64391552e-01+1.84535057e-02j
1.13012605e-01+5.98929250e-03j
-7.44082313e-02+2.24102912e-02j
-2.69525856e-01+5.09104105e-03j
-2.65685527e-01+9.37431038e-03j
-6.41346465e-02-3.98558550e-03j
1.23792616e-01-7.28782117e-03j
1.37563359e-01+4.51715623e-03j
-3.57140735e-02-1.55397093e-02j
-2.37284302e-01-1.30683874e-02j
-2.48365351e-01-5.17460163e-03j
-8.03539352e-02-4.23869752e-03j
1.13866128e-01+1.16126252e-02j
1.56529803e-01-4.79164242e-03j
-3.20692127e-03-2.79288056e-02j
-2.18913728e-01-3.08544296e-03j
-2.67007197e-01-8.68607807e-03j
-1.03898286e-01+9.90341134e-04j
9.81545190e-02-1.32001786e-02j
1.48262775e-01+4.40369192e-03j
9.90857390e-03-6.48567592e-03j
-2.12837636e-01-6.83579200e-03j
-2.81921691e-01+4.53450250e-03j
-1.53970395e-01-3.09729086e-03j
5.58738874e-02-1.82314195e-03j
1.50718728e-01+6.60670839e-03j
7.00682471e-02+5.35009280e-03j
-1.31902265e-01+5.94721130e-03j
-2.72781010e-01+3.14480074e-04j
-1.87236473e-01-1.09593953e-03j
3.82476827e-02-5.90714702e-03j
1.85451514e-01+8.92691435e-03j
8.88468997e-02+6.35208448e-03j
-1.45111470e-01-2.44382393e-03j
-2.99161558e-01-1.08137319e-02j
-2.09489014e-01+4.20702745e-03j
1.71117461e-02-5.32519756e-03j
1.68003843e-01-2.56585961e-03j
9.63016331e-02-2.07136535e-02j
-1.17623352e-01-3.41029719e-03j
-2.57626757e-01+1.07047614e-02j
-2.05740606e-01+2.09861052e-02j
-1.49300393e-02+4.22629045e-03j
1.38551048e-01+1.77445451e-02j
1.43273391e-01+2.13550018e-02j
-4.76578178e-02+2.40990914e-03j
-2.72697902e-01-4.01851985e-03j
-2.64071285e-01-1.38174231e-02j
-4.26990867e-02-4.85915414e-03j
1.42803230e-01-3.07220190e-02j
6.92139396e-02-2.50490370e-02j
-1.26278418e-01+7.40160452e-02j
-1.82797943e-01+1.12598706e-01j
-9.67021558e-02+1.73362763e-02j
-2.62360140e-02-1.14785326e-01j
3.17961424e-02-6.75242413e-02j
8.61033235e-02+2.44468301e-02j
-1.31223750e-02+4.55879998e-02j
-2.26456283e-01+8.02175649e-03j
-2.95541283e-01-2.70814254e-03j
-1.28863133e-01+2.42812165e-02j
1.43539241e-01+1.31798142e-02j
1.76176132e-01-1.19932825e-02j
7.51449851e-03-1.47958326e-02j
-1.52694606e-01+4.13934938e-03j
-2.42069382e-01-5.25880733e-03j
-1.43433717e-01-1.68843591e-02j
4.44382765e-02-1.24039478e-02j
1.65019491e-01+7.64060214e-03j
5.35268822e-02+1.37565921e-03j
-1.88976450e-01+9.70626650e-03j
-2.86793376e-01+4.03513565e-03j
-1.74925417e-01+1.32375911e-03j
5.70470254e-02+4.80033166e-03j
1.64158408e-01-1.07799780e-02j
8.79389895e-02+8.39823266e-04j
-7.96567519e-02-1.14620438e-03j
-2.55742837e-01+6.12503743e-03j
-2.06518541e-01-8.97966388e-03j
2.30052399e-02+2.73067678e-03j
1.70021435e-01-2.79654151e-03j
8.06929122e-02-7.74914066e-04j
-1.49888941e-01-8.82248841e-03j
-2.67618539e-01+2.45692850e-03j
-2.22405102e-01-1.06963255e-02j
-3.44200996e-02-2.77523110e-03j
1.51676952e-01+6.66484667e-03j
1.69257587e-01+3.30013216e-03j
-7.80375621e-02+1.60090926e-02j
-2.69851545e-01-6.48284257e-03j
-2.29774368e-01+2.35423159e-03j
-4.49223013e-02+1.01121382e-02j
9.77801464e-02+8.18508367e-03j
8.36076976e-02+1.16452176e-02j
-4.19191317e-02+2.71197738e-03j
-2.28632652e-01-8.86045715e-04j
-2.80347812e-01+1.02870691e-02j
-5.48385030e-02+9.28792465e-03j
1.92726172e-01+7.42930246e-03j
1.69832860e-01+1.48487188e-02j
-3.65426502e-02+1.79952551e-02j
-2.01792984e-01+5.15825878e-03j
-2.90771557e-01+1.91723705e-03j
-2.16929412e-01+6.78942815e-03j
1.17747390e-02-2.58888903e-03j
1.95959962e-01-8.44926028e-03j
2.76663533e-02-3.10629330e-03j
-2.23821003e-01+1.32532471e-03j
-1.50685991e-01-5.40864824e-03j
1.63449723e-02-7.46934886e-03j
4.74179777e-02-6.41891308e-03j
1.41851851e-01-2.01033833e-02j
1.35955199e-01-1.74080436e-02j
-3.43277244e-01+1.02087185e-02j
-8.40166091e-01+2.99310942e-03j
-3.52193290e-01+8.50717963e-03j
7.08398159e-01-3.88099281e-03j
8.65114171e-01+9.59030326e-03j
-5.73284181e-02+2.08825551e-02j
-7.14719913e-01-2.16187081e-03j
-4.86203454e-01-1.44961176e-02j
-1.11309638e-01+7.97512807e-03j
-2.22505644e-02-4.41443136e-03j
1.27565772e-01-4.14862679e-03j
2.72951665e-01-2.06067381e-02j
5.12896446e-02-1.57412427e-02j
-2.75869486e-01+1.22899457e-02j
-2.36225109e-01+8.34480437e-03j
1.39953156e-02+3.37319073e-03j
9.13569485e-02+3.09790220e-02j
-2.70925708e-02+5.63179537e-02j
-1.57876527e-01-4.08935741e-02j
-2.13808475e-01-1.15340114e-01j
-1.45409907e-01-3.28949073e-02j
2.38171939e-02+9.72541165e-02j
1.40759700e-01+8.42610196e-02j
1.07367101e-01-2.81157998e-02j
-6.22352038e-02-3.92510109e-02j
-2.17999577e-01-5.98899331e-04j
-2.50437563e-01-3.93533128e-03j
-1.26888130e-01-2.66301782e-02j
9.21793071e-02-1.17298893e-02j
1.63501287e-01+1.49095657e-02j
6.82908115e-03+2.07962183e-02j
-2.22759181e-01-1.75846487e-02j
-2.60325104e-01+1.17853240e-02j
-7.18213539e-02+1.80083949e-02j
9.52208544e-02-1.19409153e-02j
1.38154217e-01-5.57965964e-03j
4.18601156e-02-1.71742484e-03j
-1.70571270e-01+1.13788182e-03j
-3.08027946e-01+2.89787162e-03j
-1.58234644e-01-1.08144381e-02j
8.27680830e-02-1.34419588e-02j
1.75852846e-01+8.07261600e-03j
5.16477671e-02-5.97730527e-03j
-1.46653128e-01+9.73484457e-03j
-2.36246207e-01+3.89761574e-03j
-1.66128218e-01-2.77466863e-03j
3.02897229e-02+2.12097084e-02j
1.75367494e-01-9.80013844e-04j
8.82347222e-02+5.97938864e-04j
-1.61049982e-01+2.29225758e-02j
-3.06867278e-01-1.57509851e-03j
-2.05308876e-01-5.86566897e-04j
9.44798401e-03-2.90104995e-03j
1.58518118e-01-8.75593537e-03j
1.02899123e-01-3.33508135e-03j
-7.02776410e-02-5.80258259e-03j
-2.36901198e-01+9.85559636e-03j
-2.16753331e-01-1.11855772e-03j
-1.62637620e-02+7.83117674e-04j
1.63156256e-01-2.87809617e-03j
1.22152600e-01-9.25966280e-04j
-9.81137003e-02-9.58407423e-03j
-2.66024148e-01+2.74099520e-03j
-2.20009411e-01+4.74023395e-03j
-3.99737709e-02-5.25791248e-03j
1.21832351e-01+3.10171187e-04j
1.42893202e-01-5.91426133e-03j
-1.22666198e-02-2.43511154e-03j
-2.27032513e-01-2.54939466e-04j
-2.67649143e-01+1.38770234e-02j
-1.08017886e-01+8.56290542e-03j
1.22008489e-01+3.01808194e-03j
1.38688865e-01+1.10410480e-02j
-3.36956094e-02-3.99763467e-03j
-2.28430179e-01-6.05183414e-03j
-2.62155323e-01+8.76127680e-03j
-1.16646705e-01-8.05614269e-03j
8.27134130e-02+9.60022754e-03j
1.66540331e-01+3.64045085e-03j
5.01962943e-02+5.65688956e-03j
-1.77220466e-01+4.80298815e-03j
-2.63659560e-01-1.40006280e-02j
-1.81436321e-01-1.16027246e-02j
7.43444129e-02+6.81848824e-03j
1.78695344e-01-3.36677483e-03j
4.00631007e-02-1.81057905e-04j
-1.94174157e-01+5.89414173e-03j
-3.03540096e-01+2.04880459e-02j
-1.69434094e-01+1.01316190e-02j
3.71056236e-02-2.52276636e-03j
1.55028128e-01-3.22152771e-03j
8.60794887e-02+1.53278821e-02j
-1.07837339e-01+1.18035329e-02j
-2.43373046e-01-2.52508578e-02j
-2.01226197e-01-1.50196281e-03j
1.30730255e-02-1.41003312e-03j
1.73644167e-01-2.18769530e-02j
5.51828010e-02-4.88885305e-02j
-1.83681503e-01+2.51641983e-02j
-2.67922066e-01+1.32698683e-01j
-1.32806566e-01+7.14165327e-02j
4.70478442e-02-8.34107634e-02j
1.10502648e-01-1.04998020e-01j
4.35766749e-02+2.23918802e-03j
-8.20353338e-02+5.66130221e-02j
-2.34367663e-01+4.66312809e-03j
-2.37918077e-01+2.25649370e-03j
-3.27047593e-02+3.46030521e-02j
1.70999136e-01+1.84217151e-02j
1.66328234e-01-1.25020081e-02j
-5.58161043e-02-8.03865001e-03j
-2.24852556e-01-6.85862786e-04j
-2.45075006e-01+8.09668312e-04j
-9.31152414e-02-1.74831553e-02j
9.60505920e-02-1.67417783e-02j
1.30145638e-01+1.22492309e-02j
-1.50002449e-02-1.30817000e-03j
-2.23555454e-01+3.58488514e-03j
-2.58509596e-01+6.22892138e-03j
-1.22379420e-01+7.81986317e-03j
7.73966491e-02+7.31392008e-03j
1.69392156e-01-6.76831291e-03j
2.69030607e-02+1.10922367e-02j
-1.76498831e-01-7.61344490e-03j
-2.72120134e-01-7.75011758e-03j
-1.41366989e-01+8.71899343e-03j
6.95332887e-02-4.71643934e-03j
1.73245314e-01+7.07299049e-03j
4.41683736e-02+9.77143935e-05j
-1.51614362e-01-1.39669381e-02j
-2.81301815e-01-1.97442799e-03j
-1.91161879e-01-9.88007364e-03j
3.19002063e-02+9.37269234e-03j
1.52281086e-01-9.50018814e-03j
6.21336373e-02+6.18546802e-03j
-1.42611897e-01+7.36039360e-03j
-2.64761214e-01+6.01750978e-03j
-2.04792547e-01+1.06747144e-02j
1.77198732e-03-3.64640921e-03j
1.59072389e-01+9.85052678e-03j
1.07224503e-01+1.39999191e-02j
-1.05555783e-01-1.85502177e-03j
-2.66287611e-01+1.32394830e-02j
-2.22000461e-01+1.74339164e-02j
-2.27670062e-02-1.10947357e-03j
1.62283837e-01+1.27800919e-02j
1.35041510e-01-8.90629497e-03j
-6.53470974e-02+1.02933429e-02j
-2.53446965e-01+1.41518188e-02j
-2.50066733e-01+7.42222382e-04j
-6.47778816e-02-9.31769701e-03j
1.33665771e-01-9.88583853e-03j
1.35322844e-01+2.57662496e-03j
-4.66532928e-02-1.60048026e-02j
-2.27462255e-01+2.63324858e-04j
-2.71809243e-01+9.95550707e-03j
-9.47879716e-02-8.05550560e-03j
9.66090867e-02-7.02305223e-03j
1.41127499e-01-3.87129735e-03j
-5.48485579e-03-1.25849492e-02j
-2.08156420e-01-6.06821027e-03j
-2.77568628e-01+2.51603943e-03j
-1.16223647e-01+1.34322171e-02j
1.00046534e-01-9.68032785e-03j
1.71131678e-01+3.04989878e-03j
3.96845630e-02+1.37777057e-02j
-1.97851269e-01+3.87805370e-03j
-2.82130021e-01-1.64916343e-02j
-1.53596133e-01-3.62302975e-03j
8.41312702e-02+6.21568893e-04j
1.59495299e-01+5.01980825e-04j
5.11740608e-02-2.53070369e-02j
-1.29744020e-01-1.27365490e-02j
-2.47147335e-01+1.80865472e-02j
-1.76995596e-01+2.52243185e-02j
4.48575502e-02-3.18202150e-03j
1.88785021e-01+2.12069119e-02j
6.18015762e-02+4.95105819e-02j
-2.09683733e-01-1.57839433e-02j
-2.87859133e-01-1.12913047e-01j
-8.51053330e-02-5.87736459e-02j
1.13885987e-01+6.92825208e-02j
1.41516851e-01+1.06303184e-01j
2.57159533e-02+2.56980679e-02j
-1.17898759e-01-4.06619426e-02j
-2.40668492e-01-9.57728378e-03j
-2.39198670e-01-1.19917219e-02j
-3.15655779e-02-1.36381610e-02j
1.72614779e-01-1.01172205e-02j
1.56592543e-01+2.00546277e-02j
-7.97002956e-02+2.37660475e-02j
-2.69135165e-01-1.41905085e-03j
-2.42700576e-01+4.07348277e-03j
-6.52457266e-02+1.59204537e-02j
1.08400321e-01-3.18866372e-03j
1.31329780e-01-1.66222834e-02j
-4.00528094e-02+3.31798926e-03j
-2.23378284e-01-1.18119988e-02j
-2.67440591e-01+6.51534916e-03j
-9.60295469e-02+4.40034755e-03j
1.02410606e-01-1.31317643e-02j
1.55688560e-01+7.94321269e-05j
1.07086286e-02+6.02944371e-03j
-2.20687796e-01+6.91728006e-03j
-2.79809746e-01-8.18333234e-03j
-1.22788245e-01-6.07943599e-03j
8.39359109e-02+1.42005941e-03j
1.75220645e-01+8.29141407e-04j
2.62154277e-02+1.22824721e-02j
-2.01388233e-01+9.11572503e-03j
-2.76516805e-01-1.89436331e-03j
-1.63535713e-01+6.73183979e-03j
5.18905227e-02-1.71392173e-02j
1.72402503e-01+2.53269669e-04j
4.64937343e-02-1.21891940e-02j
-1.75310246e-01-1.04850039e-02j
-2.70602333e-01-1.17313484e-02j
-1.93328027e-01-2.27699855e-03j
2.98505943e-02-7.84304709e-03j
1.54977120e-01-3.35447704e-03j
9.37865214e-02-8.70211586e-03j
-1.26606659e-01-5.35770857e-03j
-2.66139381e-01-1.60438013e-02j
-1.93290091e-01-1.92426690e-02j
4.62114863e-03-6.68489246e-03j
1.47413003e-01-6.04320686e-03j
1.08346865e-01-6.82297150e-03j
-9.63787744e-02-1.97959661e-02j
-2.66077903e-01-7.35049692e-03j
-2.25546651e-01-1.54938330e-03j
-3.18662177e-02+9.28497536e-03j
1.53905140e-01+1.10878053e-03j
1.35552486e-01+1.16829143e-02j
-5.10202715e-02+3.22623873e-03j
-2.39972084e-01-4.75641801e-03j
-2.38561988e-01-1.46019996e-02j
-6.06302529e-02+6.77427995e-03j
1.23316600e-01+3.65771407e-03j
1.40596934e-01+9.22859585e-03j
-3.43986458e-02+2.84022688e-03j
-2.18317979e-01-8.80053898e-03j
-2.61097808e-01-1.75995827e-02j
-9.38664334e-02-1.71821670e-02j
1.04260262e-01-7.23459713e-03j
1.59351696e-01+4.18247223e-03j
1.42697748e-02-1.68473173e-02j
-2.21657987e-01-1.23573625e-02j
-2.97058341e-01+8.05187250e-03j
-1.30281595e-01+9.32671874e-03j
8.89485044e-02+8.68409485e-03j
1.41662515e-01-4.75323906e-03j
1.95275518e-02+9.07034808e-03j
-1.72634286e-01+1.18565206e-02j
-2.49214235e-01-1.75035034e-02j
-1.68360096e-01-2.78331588e-02j
6.50768589e-02+1.35979209e-02j
1.79653924e-01-1.40847497e-02j
3.32026640e-02-3.85087931e-02j
-2.47258663e-01+9.51221510e-04j
-3.05536923e-01+1.02738400e-01j
-7.82516056e-02+8.41077032e-02j
1.60751890e-01-4.88006097e-02j
1.52947033e-01-1.22629890e-01j
1.03407843e-02-2.49984764e-02j
-1.55885680e-01+3.37467907e-02j
-2.68288812e-01+2.61319310e-02j
-2.05836424e-01-1.42037205e-02j
-7.42985538e-03+1.44158820e-02j
1.65397399e-01+2.27552795e-02j
1.40373991e-01-9.57409148e-03j
-7.85950601e-02-2.11733771e-02j
-2.59429510e-01-3.73715502e-03j
-2.29722027e-01-8.61155797e-03j
-2.73585634e-02-8.25310811e-03j
1.07550966e-01-1.16263302e-02j
1.11784390e-01-3.06094661e-03j
-7.13449569e-02+9.70970300e-03j
-2.38355689e-01-2.33993080e-03j
-2.42531174e-01-4.15564070e-03j
-4.94386460e-02+9.57643758e-03j
1.26141208e-01+1.32181108e-03j
1.61521079e-01+5.19881982e-03j
-1.03850980e-02-6.81725341e-03j
-2.10813375e-01-1.35663834e-02j
-2.44442190e-01-4.23586887e-04j
-9.20605537e-02+1.00366372e-03j
1.10162375e-01+7.71305508e-04j
1.71497204e-01+1.15190513e-02j
1.64802374e-03-8.43822292e-03j
-2.10792895e-01-9.93758698e-03j
-2.87245164e-01-8.90358718e-03j
-1.47967065e-01-1.22760161e-02j
6.48940406e-02+1.79402694e-02j
1.42778845e-01+1.02398940e-02j
1.04504236e-02+7.30161450e-03j
-1.91314043e-01+7.66029669e-03j
-2.72362632e-01+4.74266659e-03j
-1.58777418e-01-2.32333753e-03j
6.45424305e-02+1.14855998e-02j
1.82282344e-01+1.11333131e-02j
8.00753204e-02+7.07136215e-03j
-1.39815430e-01-1.35895807e-03j
-2.57246088e-01+1.17949197e-02j
-1.91739008e-01+2.06354032e-02j
3.90087478e-02+1.15521367e-02j
1.69275213e-01+4.74524049e-03j
8.70094823e-02-1.48230115e-03j
-1.44636800e-01+1.30475104e-02j
-2.89966027e-01+4.71258457e-03j
-2.12378106e-01+5.09284500e-03j
-1.44739646e-02-2.40651970e-04j
1.43480736e-01-5.91944898e-03j
1.07514055e-01-4.89179174e-03j
-9.36330733e-02+4.42070413e-03j
-2.43047587e-01+2.57634578e-03j
-2.21779295e-01+1.12942374e-04j
-2.66876662e-02+5.64979779e-03j
1.24826278e-01-3.55358452e-03j
1.23074651e-01-7.52458027e-03j
-4.64617157e-02+4.14532064e-03j
-2.28252254e-01+6.30656635e-03j
-2.43341506e-01-2.13092767e-03j
-7.68250430e-02+1.58173373e-02j
1.21042239e-01+8.89042273e-03j
1.57593490e-01-2.13974871e-03j
-1.93186628e-02+1.53002346e-02j
-2.42152764e-01+1.29900385e-02j
-2.55603882e-01-7.28219702e-03j
-7.54676950e-02-1.84796774e-02j
1.30298231e-01-7.46300373e-04j
1.56156658e-01+1.04296760e-02j
-1.19183521e-02-7.88682481e-03j
-1.95421797e-01-1.36934309e-02j
-2.41820272e-01+1.08183077e-02j
-1.31058665e-01+1.99238824e-02j
6.28117700e-02+2.99850570e-03j
1.81178870e-01+7.12991926e-03j
1.97845942e-02+4.76999124e-02j
-2.74365456e-01+3.69780613e-03j
-3.12792437e-01-8.29647711e-02j
-5.83663384e-02-9.80142467e-02j
1.95439983e-01+3.51915990e-02j
1.86872232e-01+1.15124354e-01j
-2.37955913e-02+3.94851492e-02j
-1.87860846e-01-3.82779892e-02j
-2.86778387e-01-4.07832752e-02j
-1.98440471e-01-6.61874247e-03j
-3.73581784e-03-1.62712494e-02j
1.84118072e-01-3.99195533e-02j
1.21581056e-01-9.12198989e-03j
-1.30521851e-01+9.97909020e-03j
-2.64788193e-01-3.49901242e-03j
-1.75718202e-01-5.71866999e-03j
1.69978238e-02+7.14955191e-03j
1.29772781e-01+4.01664400e-03j
9.54898033e-02-1.36082432e-02j
-9.75402902e-02-1.56039651e-02j
-2.61260471e-01-6.80572292e-04j
-2.61724566e-01+8.23828594e-04j
-5.46419165e-02+2.10925638e-02j
1.53331318e-01-1.07344704e-02j
1.42592026e-01-2.08186686e-02j
-5.79909876e-02+2.57861536e-03j
-2.10708435e-01+1.36055573e-02j
-2.11318407e-01+3.71785727e-03j
-6.04926050e-02+1.98732330e-03j
1.33508567e-01-4.64452692e-03j
1.62852218e-01+8.83523888e-03j
-3.05919780e-02+1.12776944e-02j
-2.57327469e-01+9.43825128e-03j
-2.95982223e-01+4.07789685e-03j
-9.64743462e-02-5.91849230e-03j
9.68023807e-02+6.93500013e-03j
1.28864426e-01-5.70674482e-03j
1.54323065e-02-7.50634780e-03j
-1.55244183e-01-6.32929261e-03j
-2.63985677e-01+1.18350307e-02j
-1.39634165e-01-2.50947437e-03j
9.17289298e-02-7.60743470e-03j
1.62842374e-01-1.46598941e-02j
-2.12220388e-02-1.15630939e-02j
-2.05869564e-01-4.93690256e-03j
-2.60036568e-01-8.54486025e-03j
-1.67501394e-01-4.99533953e-03j
4.44796225e-02-8.99610734e-03j
2.25863736e-01+1.14011070e-03j
1.29638835e-01-1.47423098e-02j
-1.74541726e-01-4.22159036e-03j
-2.84883456e-01-7.86677238e-03j
-1.65332215e-01-3.94609573e-03j
-1.98581159e-02+6.58159046e-03j
4.55860742e-02-1.39984546e-03j
5.05064591e-02-5.64156558e-03j
-8.82182075e-02+4.43322143e-03j
-2.92615067e-01+1.12276887e-02j
-2.10016257e-01+4.41991464e-03j
1.75317202e-01+4.24398016e-03j
2.56489677e-01+1.39652018e-02j
4.32853193e-02+1.35289064e-02j
-5.94237465e-02+9.64923806e-03j
-1.98043629e-01+1.42637728e-02j
-5.45944583e-01-1.53023432e-02j
-5.66760645e-01-8.35947087e-03j
2.46119546e-01-1.03409167e-02j
9.37032918e-01+4.94137421e-03j
4.26494464e-01-1.36980721e-02j
-5.94255523e-01-1.36386964e-02j
-7.64563094e-01-1.05529401e-03j
-1.41829323e-01+1.02484820e-02j
2.16185781e-01+9.54524509e-03j
8.43541492e-02+6.08879716e-03j
-9.84036450e-03+4.19058505e-03j
-4.05973756e-02+1.37904863e-02j
-1.60732200e-01-1.06598420e-02j
-1.27759685e-01-3.09332072e-02j
1.16920064e-01-5.81212026e-03j
1.79712630e-01-5.38019205e-03j
-8.61599337e-02-3.30617716e-02j
-3.53950149e-01-2.30636775e-04j
-3.25262139e-01+9.07964463e-02j
-5.50659913e-02+1.08486422e-01j
1.82009420e-01-1.87104356e-02j
2.30461343e-01-1.16027588e-01j
2.15853991e-02-5.41575821e-02j
-2.14811244e-01+3.15256632e-02j
-2.97778818e-01+2.86870925e-02j
-1.35985443e-01+3.47840982e-03j
4.99020775e-02+2.47759190e-02j
9.90808598e-02+2.25921154e-02j
5.60002394e-02-3.06980969e-03j
-1.28124091e-01-1.44170216e-02j
-2.73967393e-01-1.44398516e-03j
-1.99937458e-01-4.89905175e-03j
7.35596597e-02-1.07318689e-02j
2.03471291e-01-8.12791285e-03j
7.37009788e-02+1.43175857e-02j
-1.39369809e-01+2.31622398e-02j
-2.48635579e-01-4.49279398e-03j
-2.03668457e-01+2.89426097e-03j
-4.39261301e-02+4.97414930e-03j
1.34723748e-01+5.69071552e-03j
1.17670628e-01-5.81693862e-03j
-9.10847162e-02-5.05661670e-03j
-2.62001385e-01-3.75020776e-03j
-2.02478099e-01+2.65202428e-03j
-7.43732266e-04-6.23168157e-03j
1.37621626e-01-5.96423492e-03j
1.19170858e-01-5.84204567e-04j
-4.81124475e-02-2.26958150e-02j
-2.49476915e-01-3.51892294e-03j
-2.68056469e-01-5.60616562e-03j
-1.02983733e-01+4.37361991e-03j
1.15751720e-01+1.51755805e-03j
1.52930350e-01+6.87905447e-03j
-4.56962367e-02+1.04731985e-02j
-2.26677532e-01+1.14182089e-02j
-2.33061515e-01+1.39986411e-02j
-8.03841814e-02+6.22591392e-03j
1.04212091e-01-4.42439357e-03j
1.76098922e-01+1.54470287e-02j
5.58563261e-03+4.39862560e-03j
-2.18481469e-01+8.90120881e-03j
-2.99467191e-01+6.98882771e-03j
-1.50892955e-01+1.49710537e-02j
8.08208290e-02+1.08469073e-02j
1.73581279e-01+7.33506663e-03j
2.48146418e-02+1.50247821e-02j
-1.66121838e-01+5.32995240e-03j
-2.55774468e-01+3.27487954e-03j
-1.59951488e-01+9.56636544e-03j
4.73766872e-02+1.28564541e-03j
1.73294928e-01-1.14569088e-02j
5.40469045e-02-5.15432469e-03j
-1.41204785e-01-1.21267508e-02j
-2.93114341e-01+2.68311082e-03j
-1.87958895e-01+5.41013471e-03j
3.71801942e-02+4.38159473e-03j
1.86381834e-01+8.75855163e-03j
8.44906582e-02-1.00936098e-02j
-1.03038529e-01-1.25281955e-02j
-2.30458321e-01-7.93397512e-03j
-1.89353869e-01+1.71789188e-03j
-9.81558806e-03+2.09404743e-03j
1.58466773e-01+5.10911676e-03j
1.30516722e-01+2.27195446e-03j
-8.80549326e-02-8.28781244e-03j
-2.78817155e-01+1.20810732e-02j
-2.66976327e-01+6.03300132e-03j
-4.83509180e-02+1.18825711e-03j
1.38302174e-01-1.23556254e-02j
1.42677247e-01+1.10286536e-02j
-7.20926082e-02-9.64191835e-03j
-2.33390457e-01-2.25389756e-02j
-2.09564967e-01-1.55962031e-03j
-3.67148196e-02+1.70026219e-02j
1.20718596e-01+8.05996689e-03j
1.60480328e-01-4.39571859e-03j
-1.81167337e-02+3.30526174e-02j
-2.86160295e-01+2.33674428e-02j
-3.53797159e-01-7.65782855e-02j
-5.61342530e-02-1.15648604e-01j
2.00283775e-01-1.10085960e-02j
1.92111920e-01+9.88096353e-02j
-4.91609324e-02+6.58404621e-02j
-2.65121245e-01-2.16722820e-02j
-2.79979356e-01-2.34125175e-02j
-1.14592699e-01+1.04052144e-02j
7.97250485e-02-1.01284360e-02j
1.86481290e-01-1.87428877e-02j
6.77460150e-02-1.11705450e-04j
-1.69194945e-01+2.17703420e-02j
-2.74850667e-01-8.46772378e-04j
-1.65207816e-01+2.38561944e-03j
6.21750674e-02+1.55197788e-02j
1.64171528e-01+8.17218034e-03j
4.09725297e-02+1.01652004e-04j
-1.81961411e-01-8.09109504e-03j
-2.69012852e-01-2.14877601e-02j
-1.83480568e-01-3.63140729e-05j
1.40586217e-02-3.84435524e-03j
1.75878570e-01-1.17085613e-02j
1.04599940e-01+7.97223545e-04j
-1.05459043e-01-1.14884936e-02j
-2.67933452e-01+5.66122003e-03j
-2.13433086e-01+4.84828373e-03j
6.60944044e-04+8.07902469e-03j
1.60049863e-01-7.37806430e-03j
1.21792677e-01+4.85405395e-03j
-9.73525027e-02+8.29382926e-03j
-2.50051150e-01+2.40650267e-03j
-2.40889984e-01+1.34640018e-03j
-3.99297448e-02+7.35662122e-04j
1.41406906e-01-2.21312806e-04j
1.18775100e-01+3.16491931e-03j
-6.63814792e-02-3.58946617e-03j
-2.63195925e-01-2.09442499e-02j
-2.64707429e-01-5.66807486e-03j
-6.31579882e-02-7.37848700e-03j
1.34450553e-01-3.97754249e-03j
1.48415024e-01+4.74482959e-03j
-2.18386495e-02-5.97840463e-03j
-2.27301271e-01-5.16355148e-03j
-2.67254551e-01-1.40483832e-02j
-1.01096244e-01-7.72352409e-03j
1.21863236e-01+1.01195557e-02j
1.62123148e-01-2.43699179e-03j
1.23479594e-02+1.42486526e-05j
-2.00137472e-01+4.54715266e-04j
-2.81332436e-01-1.00694053e-03j
-1.42744395e-01-5.34787638e-03j
6.78226255e-02+2.09654563e-03j
1.48741780e-01-4.93926369e-03j
4.16586930e-02-7.84123803e-03j
-1.78391899e-01+2.32004974e-02j
-2.56873650e-01+5.56090538e-03j
-1.62863964e-01+3.95261766e-03j
4.86920645e-02-1.80442707e-03j
1.52328336e-01+1.43597773e-02j
5.69701803e-02+2.77389704e-03j
-1.58382092e-01+3.99554856e-03j
-2.55546837e-01-1.70329839e-03j
-1.77706437e-01-2.02885519e-02j
3.86086406e-03-1.22742348e-02j
1.55815156e-01-2.02345814e-03j
9.31341568e-02+3.11372752e-03j
-1.25793289e-01+1.23331335e-03j
-2.62918839e-01-9.45957162e-03j
-2.32174115e-01+2.97010659e-04j
-1.90662832e-02-2.24172084e-03j
1.57794140e-01+7.03890873e-03j
1.21831830e-01+1.24288912e-02j
-8.10405888e-02-2.05091453e-03j
-2.49804666e-01+8.38759020e-03j
-2.02912718e-01+1.55168706e-02j
-2.18550751e-02-1.98984973e-02j
1.37636409e-01-1.84995651e-02j
1.36780857e-01+3.02347079e-04j
-2.47645158e-02-4.61419808e-02j
-2.76092053e-01-3.06549126e-02j
-3.17481081e-01+4.83437553e-02j
-4.09598483e-02+1.15999237e-01j
2.66673704e-01+2.39294639e-02j
2.22150499e-01-9.98004046e-02j
-7.62536722e-02-7.75083340e-02j
-2.85704580e-01+7.94277438e-03j
-2.75437604e-01+4.01757994e-02j
-9.27158121e-02+1.20101781e-02j
1.04610377e-01+1.00242823e-02j
1.69914664e-01+2.54184080e-02j
3.88934712e-02+4.74010183e-03j
-1.79933845e-01-2.34102717e-02j
-2.78010553e-01-1.44734178e-02j
-1.41740462e-01+6.67365365e-03j
8.53848502e-02-1.13294482e-02j
1.49515841e-01-2.14296397e-02j
1.77243298e-02+2.14720382e-03j
-1.69971989e-01+1.33833312e-02j
-2.56114904e-01+1.30492447e-02j
-1.54628847e-01+6.66875226e-03j
4.95058571e-02+9.95849402e-03j
1.73525048e-01+1.13845222e-02j
7.96691909e-02+7.46770107e-04j
-1.40658076e-01-4.41211885e-03j
-2.64095865e-01-1.44349195e-02j
-1.90544962e-01-8.70925392e-03j
2.32425957e-02-3.69042119e-04j
1.60524525e-01+3.64989592e-03j
1.02659510e-01-7.14596033e-03j
-1.14499805e-01-9.48552446e-03j
-2.71666053e-01-3.64486065e-03j
-2.16667254e-01-1.11394109e-02j
-2.92736221e-02+8.07524696e-03j
1.44156356e-01-1.22382104e-02j
9.64480974e-02+3.53901842e-03j
-9.69517729e-02-2.51652238e-03j
-2.69478525e-01+1.16329866e-02j
-2.28554901e-01-6.67383538e-03j
-3.74526308e-02-1.54763123e-03j
1.40513123e-01-6.11220123e-03j
1.20266142e-01+7.60125376e-03j
-5.62086177e-02+7.78870191e-03j
-2.65631812e-01+6.27623146e-03j
-2.47942243e-01+2.71387779e-03j
-7.54791973e-02+1.92406584e-03j
1.24576008e-01+1.39171666e-02j
1.48086864e-01+4.39079532e-05j
-3.04602117e-02-1.62093716e-03j
-2.09432121e-01-8.03471741e-03j
-2.50974682e-01+1.13907951e-02j
-9.74887333e-02-9.89693609e-03j
9.75667464e-02+5.59842637e-03j
1.78696761e-01+1.38746920e-02j
2.36038855e-02-7.56440042e-03j
-1.95687908e-01-4.42045631e-03j
-2.59158821e-01-1.68629625e-02j
-1.33784926e-01-1.53080248e-03j
8.51150132e-02+1.00766180e-02j
1.53403276e-01-2.46320606e-03j
3.58128768e-02-8.48716945e-03j
-1.61948475e-01+4.91566316e-04j
-2.66189796e-01-1.03277358e-02j
-1.59660516e-01+8.40724493e-03j
4.83621288e-02+2.22953697e-02j
1.67872457e-01+6.46783817e-03j
7.84615853e-02+4.72623207e-03j
-1.45604616e-01-1.56534462e-03j
-2.78252382e-01+8.97252506e-03j
-2.06273243e-01+2.65901422e-02j
6.15861014e-04-1.67013776e-02j
1.57505251e-01-8.65210296e-03j
7.76041845e-02-1.22243337e-03j
-1.32429194e-01-1.01358914e-02j
-2.72281357e-01-1.73292337e-02j
-1.84119683e-01-6.43201179e-03j
1.78140332e-02+1.27102998e-02j
1.49950802e-01+2.52225582e-02j
1.33088460e-01+5.33734176e-03j
-8.06563346e-02+2.13982421e-02j
-3.04039580e-01+4.28650058e-02j
-3.19921152e-01-3.41859680e-02j
-3.31389254e-02-1.12209260e-01j
2.65887688e-01-2.35329002e-02j
2.31229805e-01+9.80388370e-02j
-9.25465580e-02+1.01751011e-01j
-3.09289870e-01-4.79094570e-03j
-2.37646939e-01-4.33021539e-02j
-6.72901980e-02-2.08849883e-02j
1.21340590e-01+6.37907064e-03j
1.34438959e-01-2.64257823e-02j
1.22133139e-02-1.01888499e-02j
-1.94440818e-01+4.73111743e-03j
-2.63719065e-01+2.40506902e-02j
-1.05018031e-01-7.25266441e-03j
1.05336736e-01+4.95923994e-03j
1.49473088e-01+2.02938165e-02j
-1.79885806e-02+1.06497989e-02j
-2.19384063e-01-1.98839222e-02j
-2.76531154e-01-1.19943232e-02j
-1.24946779e-01-1.07285551e-02j
6.20811978e-02-4.30979952e-03j
1.69618009e-01-1.76756388e-02j
3.58746535e-02-2.86481416e-02j
-1.56184191e-01-4.42033412e-03j
-2.67125480e-01+5.58026123e-03j
-1.52452491e-01+1.09718371e-02j
6.04112710e-02-5.15933231e-03j
1.66393472e-01+2.65449977e-03j
6.58291729e-02+3.94464001e-03j
-1.25316887e-01+1.43901293e-02j
-2.72876670e-01+2.71202956e-03j
-1.76565939e-01+1.24801607e-02j
2.67254777e-02-3.09541605e-03j
1.44612044e-01-4.02096124e-03j
5.88381245e-02+2.15919817e-03j
-1.24805499e-01-8.04792353e-03j
-2.73486812e-01-1.48909661e-02j
-2.19191271e-01-1.42230331e-02j
-5.80583283e-03-9.33686244e-03j
1.61538807e-01-3.60624041e-03j
1.11416800e-01-8.46718612e-03j
-8.03631859e-02-5.91591131e-03j
-2.36516754e-01-8.56427245e-03j
-2.34360225e-01-6.55635816e-03j
-3.14118120e-02-6.92929480e-03j
1.38320090e-01+2.78360692e-03j
1.37714421e-01-7.75458053e-03j
-5.01514764e-02-1.01754504e-02j
-2.43708062e-01-1.40472684e-02j
-2.82675845e-01-4.16084668e-03j
-9.27064045e-02-1.18650347e-02j
1.08565001e-01-8.55429930e-04j
1.51558714e-01-4.34681251e-03j
-2.53542850e-02+1.24115823e-02j
-2.16319415e-01+3.29745842e-03j
-2.51798397e-01-1.58912915e-03j
-9.57590613e-02-8.00051004e-03j
1.14819883e-01+6.45732883e-03j
1.52507353e-01-8.07642716e-03j
6.90776706e-03+5.06009818e-03j
-1.92872161e-01+1.01371073e-02j
-2.59011823e-01+8.66764233e-03j
-1.33015607e-01-2.08173811e-02j
6.62161760e-02-1.49018939e-02j
1.47838935e-01-6.25627833e-03j
4.50231330e-02-3.37971264e-03j
-1.80853991e-01-6.10085349e-03j
-2.73416703e-01-2.46743600e-03j
-1.73984666e-01-1.21561090e-02j
3.63407981e-02+1.22197085e-02j
1.78815418e-01+1.48287990e-02j
8.91911517e-02+7.81904511e-03j
-1.50585842e-01+7.42137205e-03j
-2.60318919e-01+2.18951033e-02j
-1.73889183e-01+1.60956141e-02j
1.89999433e-02-2.24422110e-02j
1.40183246e-01-2.74319647e-02j
7.06741800e-02+2.97580233e-03j
-1.04867077e-01-1.01965982e-02j
-3.00854657e-01-3.87642301e-02j
-3.14710299e-01+1.01908394e-02j
-3.23128285e-02+1.05083784e-01j
2.74648997e-01+6.10554118e-02j
2.26675900e-01-7.75957361e-02j
-1.15131792e-01-1.05057417e-01j
-3.31426065e-01-1.50342337e-02j
-2.64581125e-01+4.20794535e-02j
-3.49921147e-02+2.22142968e-02j
1.22418676e-01+3.52782480e-03j
1.12809049e-01+2.89402222e-02j
-1.63827700e-02+1.61056010e-02j
-2.06148406e-01-8.01440503e-03j
-2.65825764e-01-1.22367254e-02j
-7.94902228e-02-1.82305594e-02j
1.60687635e-01+1.74976181e-03j
1.63325050e-01-1.67103624e-02j
-4.18153003e-02+5.85496828e-03j
-2.31915457e-01+1.40039169e-02j
-2.63333412e-01+2.07851620e-02j
-1.28046840e-01-6.06272664e-04j
7.13450219e-02-7.45664842e-04j
1.40691828e-01+1.12340607e-02j
3.18612249e-02+2.96828152e-03j
-1.87578881e-01-8.43102100e-03j
-2.52869427e-01-6.09689664e-03j
-1.06797660e-01-1.59678337e-02j
9.05641099e-02+5.43001875e-03j
1.51864405e-01-1.98304511e-03j
4.08227454e-02+3.48809808e-03j
-1.44186607e-01-1.34964532e-02j
-2.85486409e-01-7.95456304e-03j
-2.09010737e-01-1.65465760e-02j
2.97307092e-02-4.60761287e-03j
1.63657061e-01-6.95964682e-03j
4.82329996e-02-4.38499986e-03j
-1.55988729e-01+1.36514156e-02j
-2.29768745e-01-1.65964881e-03j
-1.54348081e-01+2.38948549e-02j
1.07673611e-02+1.43748451e-03j
1.70573593e-01+2.65045994e-03j
1.10179735e-01-7.12143480e-03j
-1.37839400e-01+3.83956914e-03j
-3.14240766e-01+1.15834100e-03j
-2.19069819e-01+5.43501210e-03j
5.90368937e-03+6.00940473e-03j
1.35447670e-01+1.30665329e-02j
1.20363214e-01+1.70412007e-02j
-1.27651633e-02+3.65388264e-03j
-2.04675799e-01+1.61408430e-02j
-2.60736485e-01-1.90964573e-03j
-4.44891573e-02+6.51404364e-03j
1.52675500e-01+7.00196823e-03j
6.22125542e-02-9.18633869e-03j
-1.30920658e-01-9.81983143e-03j
-2.39203737e-01-3.88256800e-03j
-2.41084601e-01-8.07411969e-03j
-1.04263117e-01-6.75553355e-03j
1.83471631e-01+7.64330167e-03j
3.27406941e-01-1.83040025e-02j
2.70861372e-02-1.27184928e-03j
-2.84251973e-01-1.04092097e-02j
-1.97009701e-01-5.27695136e-03j
-1.34138679e-01+4.52357435e-03j
-3.59521316e-01-5.02015127e-03j
-2.66585085e-01-7.74029822e-03j
3.99099869e-01-2.11505628e-03j
6.46339591e-01+3.47339509e-03j
-6.84424733e-02+1.49495467e-02j
-6.44290766e-01+1.02546257e-02j
-3.24863114e-01+5.61227104e-03j
1.88675124e-01-6.00034779e-03j
8.37964741e-02-8.01782559e-03j
-2.40837611e-01+5.25850670e-03j
-1.98155714e-01-1.53321762e-02j
3.37178670e-02-9.95734787e-03j
1.10763978e-01+1.60152567e-02j
1.24408429e-01+3.04021128e-02j
9.67861511e-02-9.60295221e-03j
-1.40019196e-01+1.12946917e-02j
-3.95078086e-01+4.24241554e-02j
-3.37429387e-01-1.14334606e-02j
1.88518714e-02-1.19291250e-01j
2.40102243e-01-7.05340884e-02j
1.80985901e-01+6.47998845e-02j
-6.02633069e-02+9.36253784e-02j
-2.92104732e-01+2.34116651e-02j
-2.59913774e-01-4.26316572e-02j
-3.54324721e-03-1.97605386e-02j
1.60349740e-01+1.20186004e-02j
9.04194907e-02-1.46607857e-02j
-1.25571759e-01-1.34488316e-02j
-2.27599643e-01+1.38889593e-02j
-2.21492045e-01+1.09283065e-02j
-6.97040262e-02+3.49982686e-03j
1.38561862e-01+2.78851544e-03j
1.78896168e-01+1.31997536e-02j
-2.32192005e-02-4.81676355e-04j
-2.68741263e-01+4.98134826e-03j
-2.69415166e-01-7.53946206e-03j
-6.98974138e-02-1.09724664e-02j
1.09810231e-01+1.07124406e-03j
1.05681366e-01-5.30404756e-03j
-2.67317153e-02+2.54266292e-04j
-2.03816653e-01-3.84110631e-03j
-2.72290287e-01-3.76365572e-03j
-9.24533853e-02+5.18822385e-03j
1.26580149e-01-3.68349653e-03j
1.80061771e-01+1.17585940e-03j
1.86324874e-02+7.99716725e-03j
-1.96951713e-01-1.31140490e-03j
-2.51805970e-01+1.15395944e-03j
-1.59113172e-01+1.27237974e-02j
4.75363002e-02-6.82791985e-03j
1.39684484e-01+1.39165230e-02j
3.47847300e-02-1.01657431e-03j
-1.71152038e-01-1.43075735e-03j
-2.72163121e-01-1.88113186e-02j
-1.55181097e-01+2.59471948e-03j
7.12406181e-02-8.78315931e-03j
1.70547533e-01-1.07638492e-02j
8.15651430e-02-2.87491074e-03j
-1.23302637e-01-2.03273932e-02j
-2.54395552e-01-1.29906120e-02j
-2.14596523e-01+3.61996499e-03j
-1.21284652e-02+8.88003881e-03j
1.55668731e-01-1.34345501e-02j
1.13300598e-01-1.00024660e-02j
-1.09549189e-01-9.61102151e-03j
-2.61439893e-01-1.63151707e-02j
-2.09058221e-01-9.58632626e-03j
-3.96252592e-04+2.34561913e-03j
1.46178253e-01+3.07742964e-03j
1.09237555e-01+6.43105134e-03j
-7.77587097e-02+7.61872659e-04j
-2.51553652e-01+7.18501777e-03j
-2.41968592e-01+5.87899799e-03j
-6.87122645e-02+8.97076841e-03j
1.19408478e-01-1.41189545e-02j
1.43269615e-01-7.05083874e-03j
-5.18547853e-02+5.72856360e-03j
-2.40867699e-01+2.90530705e-04j
-2.50428101e-01+1.30259099e-02j
-6.75395806e-02-6.71540868e-03j
1.29352542e-01-2.00870345e-02j
1.49150464e-01+1.58389454e-03j
-1.58909120e-02+6.06620307e-03j
-2.17453196e-01+8.38249401e-03j
-2.58675756e-01-8.81577767e-03j
-1.27127265e-01-9.18809345e-03j
5.32992018e-02+1.14405647e-02j
1.51509895e-01+2.61118161e-02j
2.29977959e-02+1.61240687e-03j
-2.00882424e-01-1.46124275e-02j
-2.76623421e-01+8.03439330e-03j
-1.21722246e-01+6.49155646e-03j
1.06784311e-01-1.31023219e-02j
1.78888520e-01-1.87725013e-02j
3.77561067e-02-8.89824938e-03j
-1.60129359e-01-1.12364218e-02j
-2.93361275e-01-4.58076632e-02j
-2.39915531e-01-1.25616662e-02j
2.22947316e-03+8.05235702e-02j
2.24951208e-01+9.07176572e-02j
1.77312883e-01-3.61335239e-02j
-1.44317254e-01-1.21001908e-01j
-3.48540721e-01-4.15968650e-02j
-2.42054029e-01+3.00818893e-02j
3.91045900e-02+2.55803665e-02j
1.48347075e-01+2.69947949e-03j
1.07646890e-01+1.12997696e-02j
-8.04207807e-02+1.25823302e-02j
-2.30156783e-01-2.99338061e-03j
-2.03668165e-01-2.16640440e-02j
-2.53120482e-02-4.53614605e-03j
1.52425446e-01-2.22762284e-03j
1.36067567e-01-1.22128882e-02j
-9.24406774e-02-2.62932995e-03j
-2.70526258e-01+9.95820905e-04j
-2.62255013e-01+1.35643505e-02j
-4.98905509e-02+8.12006330e-03j
1.36876310e-01+2.10896608e-03j
1.35286499e-01+3.30480288e-03j
-3.07511984e-02+2.74852869e-03j
-2.29461072e-01-4.22104613e-04j
-2.57884492e-01-1.76611657e-02j
-7.17612599e-02-1.31854248e-02j
1.29209940e-01-1.59337377e-02j
1.72000435e-01-6.20412360e-04j
-4.18473736e-03+6.61675045e-03j
-2.00976519e-01+2.03667350e-04j
-2.70065806e-01-4.65952039e-03j
-1.20703535e-01-6.26593592e-03j
8.79807375e-02-5.71846122e-03j
1.47820686e-01-2.49908691e-02j
8.95564557e-03+1.00061879e-02j
-2.12125484e-01-6.71934639e-03j
-2.86280897e-01-5.70121515e-03j
-1.56820832e-01+1.19274027e-02j
5.99416239e-02+3.06236298e-03j
1.60814345e-01+1.30048210e-02j
4.81102048e-02-5.77255439e-03j
-1.65815493e-01+8.21525233e-03j
-2.75345964e-01+5.75377700e-03j
-1.61849710e-01+1.56110678e-02j
5.26607443e-02-1.57708176e-03j
1.68871033e-01+4.35932725e-03j
9.29063861e-02+5.38031236e-03j
-1.26125038e-01-3.77101539e-03j
-2.49362395e-01+7.79685644e-03j
-1.94397454e-01+5.78950000e-03j
1.14855099e-02+4.45521681e-03j
1.44442597e-01+5.41968761e-03j
1.04163583e-01+2.47798196e-03j
-1.09900763e-01-6.50211507e-03j
-2.72321753e-01-2.58559856e-03j
-2.27969770e-01-1.42466197e-03j
-3.18184103e-02-6.36678212e-03j
1.40642717e-01-6.35400512e-03j
1.24012435e-01-9.03365571e-03j
-8.66056598e-02-4.20876623e-04j
-2.68232183e-01-1.73021761e-02j
-2.22613394e-01-5.52490623e-03j
-4.56129577e-02+5.27723049e-03j
1.35384732e-01+7.07757263e-03j
1.37670668e-01+4.70976548e-03j
-3.92343590e-02-1.01486575e-02j
-2.24441424e-01-1.32691547e-02j
-2.49709600e-01+1.03873030e-02j
-8.60894517e-02-4.38812865e-03j
8.98560742e-02-2.33027571e-03j
1.44615049e-01-2.04487549e-02j
-1.13360899e-02-3.74281230e-03j
-2.24908930e-01-5.07536536e-03j
-2.78187712e-01-1.43507718e-02j
-9.35695578e-02-9.23278973e-03j
1.15124120e-01+1.01297345e-02j
1.60366855e-01+6.62153611e-03j
2.48668112e-02+1.14211135e-02j
-1.76052255e-01+4.40565590e-03j
-2.58696148e-01+4.00906322e-02j
-2.26003911e-01+1.39097420e-02j
1.22998142e-02-8.33517955e-02j
2.39305305e-01-9.90892220e-02j
1.91706045e-01+9.84301290e-03j
-1.27114811e-01+1.00667858e-01j
-3.49200975e-01+4.71944928e-02j
-2.15173434e-01-4.01955224e-02j
5.10657095e-02-3.58726997e-02j
1.84363228e-01-2.07442185e-04j
6.05575818e-02-7.74001114e-03j
-1.27716694e-01-2.51171095e-02j
-2.40396959e-01+2.73518845e-04j
-1.97044626e-01+2.21114667e-02j
-1.07675795e-03+3.34299685e-03j
1.66880796e-01-3.83837612e-03j
9.49648545e-02+5.81803044e-03j
-1.11946891e-01+1.25972532e-02j
-2.84735615e-01+7.65642411e-03j
-2.29355996e-01-1.11580322e-02j
-2.07083863e-02-1.24324885e-02j
1.61296942e-01+7.33547573e-03j
1.16867389e-01-1.82659462e-03j
-6.90982343e-02+2.47109114e-03j
-2.52014579e-01-1.37238342e-02j
-2.27760528e-01+3.52928059e-03j
-4.75670485e-02+7.90768786e-03j
1.26320858e-01+1.22274527e-02j
1.44794633e-01+1.40437794e-02j
-4.31481782e-02-1.82287522e-02j
-2.26633393e-01-7.25148452e-03j
-2.60623129e-01+1.22240803e-03j
-7.86818916e-02+1.14725097e-02j
1.02222279e-01+1.34749637e-02j
1.24077433e-01+1.21413574e-03j
-1.54885944e-02-6.92722474e-03j
-2.21138257e-01-1.14237002e-02j
-2.75566848e-01+5.49172378e-03j
-1.28218478e-01-7.70371416e-03j
9.49720350e-02-1.60840764e-02j
1.56511543e-01-4.26010102e-03j
1.75337862e-02-1.27517493e-03j
-2.03052432e-01-1.30607007e-02j
-2.84983950e-01-2.22480928e-03j
-1.47599322e-01-1.50563848e-02j
6.69454072e-02+3.67601794e-03j
1.65532678e-01-4.85132078e-03j
6.43805685e-02+6.77446615e-03j
-1.60459947e-01-5.49762843e-03j
-2.65585977e-01+1.09939224e-03j
-1.53783793e-01-6.05170582e-03j
4.04467700e-02-9.48276724e-03j
1.61868845e-01-3.54395779e-03j
8.04645575e-02+4.07760011e-03j
-1.39224043e-01-2.53919922e-03j
-2.69788547e-01+1.03362898e-02j
-1.94748055e-01+9.75234626e-03j
2.15008315e-02+1.46477470e-02j
1.73935606e-01+1.63294523e-02j
1.10336698e-01-1.72106073e-03j
-1.17725970e-01+5.77356487e-04j
-2.67828129e-01+5.22518042e-03j
-2.23560449e-01+4.82787553e-03j
-8.13726587e-03+1.21591832e-02j
1.53434108e-01-4.12064057e-03j
1.05982593e-01+1.39340983e-04j
-8.27780081e-02-4.09000571e-03j
-2.46773949e-01+5.16898193e-03j
-2.43575366e-01-1.76445742e-02j
-5.82822092e-02-1.50223538e-02j
1.13819410e-01-1.00905239e-02j
1.17124446e-01+1.10387117e-02j
-5.47689735e-02+1.05076692e-02j
-2.36497594e-01+5.26921148e-03j
-2.75705280e-01+1.72068944e-02j
-6.60440901e-02+1.93801908e-02j
1.41107299e-01-1.12988847e-02j
1.66377455e-01-3.45496132e-02j
-2.63903251e-02-5.93609435e-03j
-2.09416619e-01-1.32382450e-02j
-2.65421347e-01-3.41287400e-02j
-1.98151405e-01-2.44534676e-02j
1.13491807e-02+6.88551172e-02j
2.01407038e-01+9.76846939e-02j
1.64470722e-01-7.25025463e-03j
-1.51776591e-01-9.83846538e-02j
-3.19469201e-01-8.06287673e-02j
-2.10224051e-01+2.82955312e-02j
8.87839961e-02+3.04006389e-02j
1.77313888e-01+3.90097898e-03j
4.84672874e-02+3.53863506e-03j
-1.50494066e-01+2.79718666e-02j
-2.57014693e-01+4.05066064e-03j
-1.50264163e-01-1.73696286e-02j
3.21388622e-02-1.25205854e-02j
1.64082694e-01-8.12608580e-03j
6.29001831e-02-1.60906374e-02j
-1.54878444e-01-7.73826964e-03j
-3.09465987e-01-2.53320309e-03j
-2.09838463e-01+1.72801449e-02j
1.04217750e-02-2.75586882e-03j
1.53980878e-01+1.05091725e-02j
1.00577478e-01+3.19847308e-03j
-1.06312784e-01+7.31006607e-03j
-2.50604022e-01+2.38263234e-03j
-2.17286657e-01-2.83355217e-03j
-3.48260927e-03-6.83594826e-03j
1.56661195e-01-1.52399508e-02j
1.18986362e-01-6.98576607e-03j
-5.27805169e-02-4.15180312e-03j
-2.56913020e-01-1.31494827e-03j
-2.41568470e-01+7.45069682e-03j
-4.27966252e-02-1.81783462e-02j
1.33172335e-01-1.23897098e-02j
1.25665852e-01-2.41063794e-03j
-6.96582166e-02+3.13247368e-03j
-2.54607885e-01+1.31190206e-02j
-2.60447056e-01+1.19509223e-02j
-9.87996472e-02+5.44641931e-03j
1.14767736e-01+1.06034736e-03j
1.47161426e-01-5.55331717e-05j
-1.22255851e-02-4.60916888e-03j
-2.05282312e-01+8.56018984e-03j
-2.38733699e-01+2.46172257e-03j
-1.01099246e-01+4.76774458e-03j
8.86756941e-02+7.78658377e-03j
1.59339234e-01+6.32336595e-03j
2.70237543e-02+6.85371955e-03j
-1.81965103e-01+5.25652571e-03j
-2.79683333e-01+1.62439697e-02j
-1.47092403e-01-3.82457865e-03j
4.38862897e-02-9.26011709e-04j
1.49772331e-01-1.16580415e-03j
4.01794098e-02-1.21009497e-03j
-1.61739967e-01-3.67403757e-04j
-2.77714861e-01-9.13682200e-04j
-1.89198036e-01-1.61872899e-02j
4.72981614e-02-1.31490925e-02j
1.76770129e-01-8.52215514e-03j
7.97694515e-02-2.53664991e-03j
-1.37858091e-01+3.21543931e-03j
-2.75121575e-01+2.59727610e-04j
-1.85873742e-01-7.69342810e-03j
1.85924294e-02+3.54898393e-03j
1.56260949e-01-4.17100172e-04j
9.94893558e-02-2.99284749e-03j
-1.11602528e-01-7.91520958e-03j
-2.53633072e-01+4.11833737e-03j
-2.10291098e-01-4.68004980e-03j
-2.74676968e-02+1.24926574e-02j
1.40171349e-01+1.82065009e-03j
1.28608233e-01-7.77576477e-03j
-4.87461114e-02-2.14843841e-02j
-2.30076020e-01-1.91838730e-03j
-2.35533077e-01-2.91671015e-03j
-5.13829426e-02-2.57670125e-02j
1.49475624e-01+1.46819033e-02j
1.38452040e-01+2.54132418e-02j
-7.22795447e-02+1.36288502e-02j
-2.24496762e-01-1.28556410e-03j
-2.50081979e-01+1.73287279e-02j
-1.55776527e-01+3.01218935e-02j
2.77785370e-02-4.56522581e-02j
1.99794603e-01-1.08724009e-01j
1.48601965e-01-3.50304912e-02j
-1.30152502e-01+9.70464630e-02j
-3.36883055e-01+7.88408491e-02j
-1.92950625e-01-1.94878282e-02j
9.67085767e-02-4.47663511e-02j
1.54924340e-01-8.69044913e-03j
-6.53796624e-05+2.34784322e-03j
-1.92244782e-01-2.19531535e-02j
-2.37917174e-01+1.37500981e-03j
-1.39104429e-01+1.73169778e-02j
5.41156787e-02+3.64266964e-03j
1.88921114e-01-2.03749328e-03j
9.48433229e-02+1.07924608e-02j
-1.64691615e-01+1.11340339e-02j
-3.03650589e-01-2.70264527e-03j
-1.91181143e-01+1.05152063e-03j
3.99303083e-02-4.62624401e-04j
1.44485745e-01-4.80982954e-03j
5.08815180e-02-1.17630616e-02j
-1.16262621e-01-6.19832322e-03j
-2.60149208e-01+2.64323598e-03j
-2.05012534e-01-5.08611597e-03j
1.08562466e-02-3.02227966e-03j
1.90677070e-01+1.95239718e-02j
1.09799612e-01-5.64918519e-03j
-1.03418339e-01+1.04635519e-02j
-2.56551450e-01+6.22371591e-03j
-2.21603631e-01+9.19520903e-03j
-5.66157380e-02+5.04688891e-03j
1.08987271e-01-3.27594519e-03j
1.08925623e-01+1.19931586e-02j
-8.45976820e-02+3.59648701e-03j
-2.62591243e-01+3.36840221e-03j
-2.29475581e-01-9.85298823e-03j
-1.62149508e-02-9.41820653e-03j
1.58437544e-01-2.76587212e-03j
1.20139676e-01+8.89703985e-03j
-3.24332155e-02-3.36469427e-03j
-2.30410573e-01-1.06954249e-02j
-2.97246854e-01-5.87343711e-03j
-1.43740388e-01-3.72205093e-03j
1.19804829e-01-2.71323375e-03j
1.66949785e-01-1.48687018e-02j
-2.36338562e-02+3.23520889e-03j
-1.88675117e-01-1.74019113e-02j
-2.04831961e-01-9.81646968e-04j
-1.10097361e-01-4.60539160e-03j
5.94082387e-02-3.74068376e-04j
1.72420818e-01+3.46378223e-03j
2.69076359e-02+4.78482386e-03j
-3.03573772e-01+4.52474492e-03j
-3.55168474e-01+1.07856453e-02j
-1.14073467e-01+1.02538927e-02j
6.00447411e-02+1.43685978e-02j
1.42316972e-01-9.74161613e-03j
1.69421162e-01-7.60676268e-03j
3.72508025e-03+3.29292221e-03j
-2.91574465e-01+3.67386905e-03j
-2.05081928e-01+1.64878243e-02j
1.30698978e-01-4.73952402e-03j
3.05306297e-02+1.67978446e-02j
-4.67954747e-01-4.54448103e-03j
-3.45021587e-01-1.24450168e-02j
3.43537686e-01-9.07878921e-03j
5.35475837e-01-1.53775946e-03j
-6.96504051e-02-9.47079668e-03j
-4.17561904e-01+1.11880601e-03j
-1.34987428e-01+8.42186046e-03j
-1.22855507e-02+3.30166814e-03j
-2.64986053e-01+5.83127206e-03j
-2.58141466e-01-9.93675950e-04j
1.29951695e-01+2.57661296e-02j
3.08372083e-01-5.09786863e-04j
1.30430511e-01-1.86340771e-02j
-1.01459278e-01-1.84533597e-02j
-2.14366049e-01-3.66690019e-03j
-2.84802071e-01-2.98208478e-02j
-2.00086427e-01-4.85271610e-02j
2.48462310e-02+4.97967626e-02j
1.75092335e-01+1.23369486e-01j
6.90533488e-02+5.45012777e-02j
-1.39166280e-01-8.92694753e-02j
-2.32815123e-01-9.69593771e-02j
-1.20997054e-01+1.20278495e-02j
8.71178252e-02+3.27327337e-02j
1.61609600e-01+2.35799629e-02j
2.52420643e-03+1.01962411e-02j
-2.52050430e-01+2.18112790e-02j
-2.85404464e-01+2.48527060e-02j
-8.78130799e-02-1.42525867e-02j
9.51663688e-02-6.03184698e-03j
1.29911989e-01+9.63911027e-03j
5.26702471e-02-4.74935709e-03j
-1.42425346e-01-2.45324740e-02j
-2.59505522e-01+1.22235042e-03j
-1.70178360e-01+2.10859034e-02j
6.47411121e-02+9.53397150e-03j
1.77710727e-01+1.64540704e-02j
1.14052305e-02+3.73809116e-03j
-1.94744769e-01-6.15996722e-03j
-2.63942897e-01+1.24373280e-02j
-1.56367254e-01+1.03588489e-02j
2.94285921e-02-2.46163459e-03j
1.62608654e-01-1.60812126e-02j
1.14848311e-01-7.97794099e-03j
-1.10410263e-01+1.49329874e-03j
-2.65823566e-01+6.94317461e-05j
-2.04345723e-01+4.40546941e-03j
1.83827620e-02-1.09309460e-02j
1.34214021e-01+7.29036503e-03j
7.16535229e-02-7.49843932e-03j
-1.20062255e-01+3.31594886e-03j
-2.52034065e-01+1.97300593e-02j
-2.37679319e-01+1.11227706e-02j
-2.00487206e-02+1.19751476e-02j
1.54770503e-01+1.91505280e-02j
1.51448615e-01+8.12334974e-03j
-7.09829406e-02-4.87730845e-03j
-2.45508474e-01+4.22929961e-03j
-2.44560845e-01+1.13386786e-02j
-6.28743262e-02+1.29032086e-02j
1.04331809e-01-8.48094416e-04j
1.20956718e-01+4.98397548e-03j
-2.77007651e-02+5.33435036e-03j
-2.26000490e-01-3.40246175e-03j
-2.64717465e-01+2.05844019e-02j
-9.50961804e-02+2.16338787e-02j
1.36999160e-01+5.29198980e-03j
1.65755757e-01+1.12758962e-03j
-3.27225909e-02+9.32647527e-03j
-2.21620751e-01+4.17597570e-03j
-2.67448597e-01-1.48349722e-02j
-1.23292973e-01-1.32402155e-02j
7.20830241e-02-1.21160779e-02j
1.50620984e-01-1.10132749e-02j
3.24618385e-02+4.71667143e-03j
-1.78543604e-01-8.41799192e-04j
-2.74819984e-01+1.62265437e-03j
-1.54438627e-01-3.92726243e-04j
9.21417479e-02-1.20072087e-02j
1.91331380e-01+2.90990556e-03j
7.51360280e-02+5.74339630e-03j
-1.58653076e-01-2.45239853e-03j
-2.72421483e-01+5.50618417e-03j
-1.69663362e-01+3.74826689e-03j
1.92641687e-02+1.24501313e-02j
1.29501321e-01+5.14234789e-03j
6.26884860e-02-5.07811090e-03j
-1.41257751e-01-1.11961770e-03j
-2.61888998e-01+2.96782032e-04j
-2.17449996e-01+2.76032870e-03j
-2.83823143e-03-2.33948968e-02j
1.93994723e-01-1.40260979e-02j
1.45045532e-01+2.18528874e-02j
-8.49871731e-02+2.21462585e-02j
-2.70353509e-01+9.83171879e-04j
-2.14033619e-01+2.29216216e-02j
-5.82111535e-02+4.90211355e-02j
5.93510530e-02-4.16771298e-02j
1.18189525e-01-1.13825105e-01j
3.34235215e-02-4.75471448e-02j
-1.63106695e-01+7.70196506e-02j
-2.78528804e-01+1.05993217e-01j
-1.33888507e-01+1.14370760e-02j
1.15923108e-01-3.93604192e-02j
1.60801028e-01-1.23302362e-02j
-4.21816829e-02-2.61348917e-03j
-2.16274377e-01-1.25242430e-02j
-2.37159546e-01-5.46875525e-03j
-6.54598011e-02+5.29721554e-03j
9.93770748e-02+1.37778420e-02j
1.50942878e-01+4.45352374e-03j
5.33862416e-03-2.06194347e-03j
-2.15229517e-01+1.29668447e-02j
-2.95474327e-01+4.49563759e-03j
-1.40746010e-01-1.70472461e-02j
6.78735693e-02-1.19844512e-04j
1.55851066e-01+4.76956055e-03j
3.35359118e-02+6.00939100e-03j
-1.72216156e-01+6.56497568e-04j
-2.69508340e-01-8.77305446e-03j
-1.44300033e-01-1.04209190e-02j
6.03589669e-02+1.30826450e-03j
1.76216814e-01+2.65822671e-02j
6.18600503e-02+2.34475185e-03j
-1.45594789e-01-7.18904477e-03j
-2.65829303e-01-1.95565985e-03j
-1.69689591e-01+9.13158952e-03j
3.27757452e-02+1.04198846e-02j
1.50860100e-01+1.01944965e-02j
7.90125163e-02+8.68708598e-03j
-1.29595918e-01+4.52251660e-03j
-2.83369670e-01-1.12043067e-02j
-2.10749342e-01+6.52587740e-03j
-2.14106756e-02-7.43792145e-03j
1.43860224e-01-1.55658421e-03j
9.30491911e-02+9.80804765e-05j
-9.00484520e-02-9.25483248e-03j
-2.43323235e-01+6.28636021e-03j
-2.21388193e-01-7.40238869e-03j
-2.49689209e-02-7.85513225e-03j
1.36569932e-01-4.97762599e-03j
1.25012611e-01-3.70509052e-03j
-6.34927224e-02+3.08948496e-03j
-2.37359681e-01-1.14905890e-02j
-2.45969282e-01-9.05563641e-03j
-5.76081302e-02-1.02354689e-03j
1.23987037e-01-1.13094086e-02j
1.42916251e-01-8.86569239e-03j
-3.69718266e-02+8.21025549e-03j
-2.39050940e-01+5.34878472e-03j
-2.66592394e-01+2.95994827e-03j
-1.07575234e-01+8.32189888e-03j
1.17999123e-01+8.80390633e-03j
1.65173514e-01-6.72930896e-03j
3.94221767e-04-8.64239988e-03j
-2.00685597e-01+5.19492194e-04j
-2.87416058e-01+4.15871202e-03j
-1.37864513e-01+1.33578740e-02j
8.25531784e-02+3.10076229e-03j
1.67136552e-01-1.06002771e-02j
2.51685829e-02-3.22402870e-04j
-1.93902764e-01-8.07538765e-03j
-2.67061854e-01-1.37831251e-02j
-1.43305242e-01+1.05408150e-02j
6.83305895e-02-1.31351298e-02j
1.51395219e-01-1.58592592e-02j
4.76426635e-02+1.69591218e-02j
-1.40054688e-01+1.73019921e-02j
-2.67051493e-01+5.12643550e-03j
-1.90910636e-01+4.11923052e-03j
2.12274804e-02+3.14217396e-02j
1.76261289e-01+8.64047262e-03j
1.02236463e-01-1.69699254e-02j
-1.21514038e-01-1.61249311e-02j
-2.60831470e-01+6.77598420e-03j
-1.93577173e-01-1.97503024e-02j
-1.40480481e-02-4.63721986e-02j
7.79938495e-02+7.07410866e-03j
9.50338300e-02+1.12862003e-01j
7.16346309e-03+8.96977670e-02j
-1.32422039e-01-6.18417826e-02j
-2.45301349e-01-9.96465742e-02j
-1.03856541e-01-1.84619922e-02j
1.14561680e-01+4.28262330e-02j
1.33489086e-01+2.52054195e-02j
-5.51753114e-02-1.73675820e-03j
-2.58231792e-01+1.80965841e-02j
-2.30367102e-01+1.18780984e-02j
-4.43863396e-02-1.31589787e-02j
1.38960552e-01-1.21677681e-02j
1.32391786e-01-5.73977254e-03j
-2.58585136e-02-5.87874106e-03j
-2.33911644e-01-1.53563357e-02j
-2.92817162e-01-7.68535522e-03j
-1.24458530e-01+2.02767947e-02j
1.13211252e-01-3.10520314e-03j
1.65805023e-01+1.00087036e-02j
9.84245834e-03+1.47020497e-02j
-2.11522870e-01+4.16075495e-03j
-2.45848884e-01+6.34295244e-03j
-1.14859253e-01+5.50079325e-03j
9.37753696e-02+5.80701808e-03j
1.57518033e-01-5.89577417e-03j
4.12960767e-02+2.77314415e-03j
-1.67166272e-01+6.38307056e-04j
-2.61314834e-01-9.01183413e-03j
-1.57841660e-01-6.73375438e-03j
5.78692722e-02+7.96563704e-04j
1.70002144e-01-6.85532823e-03j
4.87426802e-02-1.41826873e-02j
-1.65676058e-01-1.01975276e-02j
-2.85052054e-01+1.89786886e-03j
-1.82258647e-01+1.68227818e-02j
3.18697426e-02+9.38299266e-04j
1.60734658e-01-3.37079750e-03j
7.31144817e-02+1.17646341e-02j
-1.31403764e-01+1.50259014e-02j
-2.75157508e-01+3.36565154e-03j
-2.17836264e-01+5.26297249e-03j
-2.26396864e-03+7.58387909e-03j
1.58655553e-01+1.89110351e-03j
1.15198229e-01+1.15121284e-02j
-8.29417190e-02+1.81922221e-02j
-2.57592062e-01+3.72205124e-03j
-2.37537503e-01+1.04534196e-03j
-1.42044741e-02-3.75309353e-03j
1.47224170e-01+6.88530168e-03j
1.40363304e-01-1.82769959e-03j
-4.69790933e-02+1.45048530e-02j
-2.41096960e-01-6.54102305e-03j
-2.41665897e-01-8.57433755e-03j
-5.94117468e-02-4.85433165e-03j
1.37364455e-01+4.74669089e-03j
1.52600457e-01-1.01690724e-02j
-4.16679776e-02+1.00307130e-03j
-2.15729246e-01+7.79957384e-03j
-2.68635396e-01-1.85146131e-02j
-1.06638929e-01-1.23884870e-02j
1.07695374e-01+2.93254609e-03j
1.71740940e-01-2.38694331e-03j
1.74702041e-02+1.56037124e-02j
-2.08640895e-01+8.50308110e-03j
-2.56012626e-01+7.57186393e-03j
-1.19397902e-01+1.39659117e-02j
8.70852331e-02+1.15178827e-02j
1.50847072e-01-6.71520703e-03j
6.72984978e-03-8.04435984e-03j
-1.89175265e-01-9.20952079e-03j
-2.78512185e-01-5.50840794e-03j
-1.69364625e-01-3.77983193e-03j
5.04620991e-02-1.55143456e-02j
1.66797404e-01-1.39304727e-02j
8.54599752e-02+2.13910778e-02j
-1.54224089e-01+2.03078848e-02j
-2.69019238e-01-3.41982411e-04j
-1.83852099e-01+8.71083141e-03j
1.82276658e-02+4.98959839e-02j
7.18883468e-02-7.32163932e-03j
3.91495225e-02-9.53328781e-02j
-3.73746045e-02-9.58361326e-02j
-1.45897819e-01+4.29997526e-02j
-2.06267788e-01+1.22776237e-01j
-7.29592919e-02+4.41275947e-02j
1.32319783e-01-5.11688161e-02j
1.34318187e-01-2.65029194e-02j
-8.57917473e-02-4.93902557e-03j
-2.80427672e-01+8.27437095e-04j
-2.06784912e-01-1.57612444e-02j
-1.63558946e-02-3.96899804e-03j
1.49215910e-01+1.26569612e-02j
1.29610179e-01-7.92202826e-03j
-5.46193676e-02-1.53595960e-03j
-2.51964415e-01+1.05443907e-02j
-2.69289185e-01+4.19820367e-03j
-8.64987535e-02-6.82144847e-03j
1.31834525e-01-1.14093735e-02j
1.55092056e-01+5.41079244e-03j
-2.40689251e-02+1.21627295e-02j
-2.34372004e-01-7.89443455e-03j
-2.53311558e-01-9.54722869e-03j
-8.44244711e-02+7.45472841e-03j
1.21532078e-01+1.77693233e-02j
1.81288666e-01+6.47222595e-03j
2.40787678e-02-4.90496261e-03j
-1.95327635e-01-6.42847958e-04j
-2.63756146e-01-5.24384389e-04j
-1.30026481e-01+1.02465391e-02j
7.87981373e-02+1.06461333e-02j
1.60990574e-01+1.10925011e-02j
2.06611933e-02+8.10064442e-03j
-1.86945022e-01-5.70207668e-03j
-2.82530233e-01-6.33386923e-03j
-1.70050297e-01-7.00768075e-03j
5.62972298e-02-1.45532305e-03j
1.55284432e-01+2.49673417e-04j
6.41009422e-02-6.95017539e-03j
-1.59585580e-01-8.19622864e-03j
-2.63217608e-01-3.27355337e-03j
-1.77325940e-01-1.54738917e-02j
4.84129645e-02+6.23255757e-04j
1.74808591e-01+2.42633919e-03j
9.10938757e-02-1.28802027e-02j
-1.21797924e-01-8.71492525e-03j
-2.57696110e-01+4.02085760e-03j
-1.95170853e-01-4.54195842e-03j
4.81877963e-03-1.80336791e-02j
1.31603162e-01-7.06488023e-03j
8.87598416e-02-5.23773348e-03j
-1.04638075e-01-1.08347930e-03j
-2.71438632e-01-1.73583746e-02j
-2.41984686e-01-4.30027728e-03j
-5.08652374e-02+7.29003787e-03j
1.44081666e-01+1.49186260e-02j
1.46680347e-01-4.47701338e-03j
-2.47192469e-02-9.65559989e-03j
-2.32740208e-01-6.92641377e-03j
-2.53114555e-01+2.30757917e-04j
-6.98483264e-02+1.54659966e-02j
1.34743930e-01+1.02659228e-02j
1.68222177e-01+2.65218447e-03j
-2.99355727e-02-1.38168443e-02j
-2.39641877e-01-1.28968537e-02j
-2.57237546e-01-2.38402439e-03j
-9.47072484e-02-8.21681123e-03j
1.06744923e-01-9.31480468e-03j
1.38139041e-01-2.45802575e-02j
2.87751777e-03+2.96783605e-04j
-1.80716187e-01+1.64082326e-02j
-2.60181005e-01+1.02330816e-02j
-1.31177964e-01+3.76958539e-03j
7.48030964e-02+1.96222952e-02j
1.77602979e-01+8.52852936e-03j
5.57778320e-02-5.42462286e-03j
-1.92613813e-01-2.26593265e-02j
-2.98753310e-01+2.13603016e-03j
-1.50703984e-01-1.12594990e-02j
5.14780295e-02-4.93339083e-02j
8.19896445e-02+6.61103746e-04j
1.22319695e-02+9.50730299e-02j
-6.48336658e-02+1.05209472e-01j
-1.24668609e-01-1.84625779e-02j
-1.61806399e-01-1.17455599e-01j
-5.55276975e-02-5.75344486e-02j
1.27326099e-01+3.38952739e-02j
9.31899950e-02+2.07768022e-02j
-1.19752778e-01+3.95143997e-03j
-2.93613983e-01+1.22016099e-02j
-1.92875341e-01+2.09561658e-02j
3.06658741e-02-1.07997426e-02j
1.36890261e-01-7.14020567e-03j
1.16896503e-01-1.42259017e-02j
-5.77276871e-02-1.80404431e-03j
-2.35405500e-01-1.88063882e-02j
-2.57286848e-01-4.81609706e-03j
-6.44970690e-02-3.46074239e-03j
1.32853141e-01+1.45543351e-02j
1.39422694e-01+2.63971080e-03j
-8.67729981e-02-7.00461630e-03j
-2.56965042e-01+3.21172528e-03j
-2.40274989e-01+2.32483754e-02j
-6.32773727e-02+2.48678682e-02j
1.25538125e-01-3.69868864e-03j
1.71505611e-01-2.87061531e-03j
4.85987645e-03-4.96094667e-03j
-2.26259381e-01-6.86677642e-03j
-2.70449498e-01+1.26646492e-02j
-9.26346487e-02-1.30814422e-02j
1.10313292e-01-1.23157140e-02j
1.12750612e-01-7.60438886e-03j
-1.87374293e-02-1.21916514e-02j
-2.17123887e-01+1.50340638e-02j
-2.75145330e-01-5.29744894e-03j
-1.52892018e-01+9.01490951e-03j
1.06136163e-01+3.32211506e-03j
2.09720337e-01+9.18569326e-03j
4.41799539e-02+7.11518346e-05j
-1.92883620e-01+5.07672111e-04j
-2.59452896e-01+5.43705213e-03j
-1.57872860e-01+2.23354872e-03j
7.11860698e-03-9.90921166e-03j
1.22270854e-01-3.80587565e-03j
7.94869951e-02+8.93807771e-03j
-1.52033846e-01+4.09902608e-04j
-2.89348324e-01+1.68855757e-02j
-1.31380042e-01+3.02067667e-03j
8.81207866e-02-8.05077182e-06j
1.54479886e-01+5.30501279e-03j
7.91056789e-02+6.59898767e-03j
-9.58511008e-02+5.03208881e-03j
-3.00590726e-01-1.42767245e-02j
-3.24451630e-01-3.86410797e-03j
-5.70458937e-02-1.20234599e-03j
1.78958419e-01+6.15249866e-03j
9.88424426e-02+4.25772790e-03j
-8.18765608e-02-7.14798593e-03j
-1.00223014e-01+6.54275289e-04j
-1.15245742e-01-3.69376436e-03j
-8.16976626e-02-3.94103788e-03j
1.51323808e-01-2.67773923e-03j
2.24587635e-01+3.33829947e-03j
-3.48656465e-01+1.27656391e-03j
-7.88558550e-01+6.33025060e-03j
-2.07824751e-01+8.11851891e-03j
7.34010168e-01+9.97310992e-03j
6.57833090e-01+1.12630656e-02j
-1.82148747e-01+8.23980236e-03j
-5.57875958e-01+7.11411291e-03j
-3.38628721e-01-1.14490033e-02j
-1.78213497e-01+4.55439894e-03j
-1.51516956e-01+4.43955721e-03j
1.15477655e-01-1.13253333e-02j
3.43180578e-01-2.10377277e-02j
1.21316444e-01+1.22258464e-02j
-2.24530948e-01+1.20779542e-02j
-2.70798558e-01+1.34635706e-02j
-1.05711687e-01+1.03662591e-02j
-8.88025475e-04+4.11756379e-02j
2.04176662e-02+3.40093091e-02j
-2.30939415e-02-6.92609140e-02j
-9.36792847e-02-9.76483660e-02j
-1.64437358e-01+2.68018649e-04j
-9.27963520e-02+1.02919393e-01j
5.61729086e-02+6.06308038e-02j
1.35362722e-01-3.08412413e-02j
5.41593530e-02-3.98835392e-02j
-1.22453313e-01+4.23094768e-04j
-2.95414930e-01-9.32602300e-03j
-2.33974345e-01-9.19161332e-03j
1.80537644e-03-2.27602743e-03j
1.78495433e-01+1.51267228e-03j
9.79509173e-02+1.08240365e-02j
-1.46166651e-01-7.67705185e-03j
-2.25587141e-01+3.21479076e-03j
-1.92145179e-01+7.03470993e-03j
-2.28278939e-02-2.47598446e-03j
1.29900423e-01-1.40463334e-02j
1.25062132e-01+1.38793403e-03j
-6.73422546e-02+8.33137156e-03j
-2.86356373e-01-7.17240334e-03j
-2.58297532e-01-1.47945049e-02j
-2.33634678e-02+2.57787567e-03j
1.45943471e-01-2.73849631e-03j
1.18434333e-01+4.22003068e-03j
-3.16998655e-02+2.01399402e-02j
-2.15076725e-01+1.48839977e-02j
-2.35884166e-01-1.53166092e-03j
-8.18007625e-02-6.52200083e-04j
1.34018942e-01-1.71572814e-03j
1.57840957e-01+1.03960302e-02j
-4.82414773e-02+1.56026287e-02j
-2.45065053e-01+6.27581721e-04j
-2.65394798e-01+1.07356126e-02j
-1.09640774e-01-1.15652819e-02j
8.28535570e-02-3.63558256e-03j
1.50445232e-01-1.34944490e-02j
2.77681649e-02-2.05435443e-02j
-1.77236364e-01-2.14573612e-03j
-2.81607628e-01-1.26402678e-02j
-1.50282600e-01-4.36831101e-03j
8.57271846e-02-4.84418883e-03j
1.57516047e-01-6.66746390e-03j
1.62232946e-02-1.34344674e-02j
-1.89269943e-01+2.28651026e-03j
-2.63505655e-01-3.59951234e-03j
-1.64210092e-01-2.45605742e-03j
3.30137913e-02-2.03800861e-02j
1.64283559e-01-2.51144233e-02j
9.11359370e-02+3.00832794e-03j
-1.42239259e-01-2.92104716e-03j
-2.91457989e-01+1.81311848e-02j
-1.96881692e-01-5.75812974e-03j
1.22827080e-02+1.14635628e-02j
1.50524698e-01+1.79829435e-02j
7.05842159e-02+1.04442065e-02j
-1.12955969e-01+5.63490288e-03j
-2.57646635e-01+7.64091515e-03j
-2.20726739e-01+6.66926753e-03j
-8.53735922e-03+8.39842795e-05j
1.63157299e-01+1.09671082e-02j
1.47780865e-01+1.27251371e-02j
-5.93157449e-02-1.68498012e-02j
-2.44605911e-01-8.36046216e-03j
-2.48624169e-01-4.30471313e-03j
-3.17919328e-02+1.16410694e-02j
1.37592718e-01+2.72800930e-03j
1.27031831e-01-5.40434651e-03j
-9.34807351e-02-8.44976200e-03j
-2.57014414e-01+2.17724110e-02j
-2.33838724e-01+3.09051822e-03j
-6.48318372e-02+7.82374072e-03j
1.17482603e-01+1.95528760e-02j
1.68062513e-01+1.52828977e-02j
2.60994967e-02+1.16394299e-02j
-1.81091069e-01-1.27639420e-02j
-2.60340923e-01-3.85394531e-03j
-1.08853532e-01-1.88897670e-03j
9.97107634e-02-4.60828675e-02j
9.82667566e-02-3.86135275e-02j
-5.77959532e-02+6.07208896e-02j
-1.73108321e-01+1.16031117e-01j
-1.65859712e-01+2.02738897e-02j
-9.66334887e-02-1.14804785e-01j
2.02652288e-02-7.87884462e-02j
9.81899721e-02+1.26302949e-02j
4.23991670e-02+4.77010470e-02j
-1.68798029e-01+8.55793129e-03j
-2.79537058e-01+1.28208214e-02j
-1.47227690e-01+2.62846561e-02j
1.00825004e-01+5.65856915e-03j
1.68966828e-01-3.18520047e-02j
7.66338508e-02-2.27736134e-03j
-1.61148910e-01-1.47376222e-02j
-2.71932562e-01-1.92330095e-02j
-1.95657281e-01-1.58672729e-02j
-7.16575957e-04-9.14837084e-03j
1.22219581e-01+1.25315310e-02j
8.92522546e-02+1.26478197e-02j
-1.05756412e-01-4.62053229e-03j
-2.83109048e-01-2.45010097e-03j
-2.04782730e-01+5.32730256e-03j
-6.34636847e-03-1.48457129e-03j
1.56639972e-01+4.59407035e-04j
1.15540527e-01-4.57958448e-03j
-8.97511341e-02-2.78007157e-03j
-2.52255810e-01+7.66300596e-04j
-2.30079862e-01+4.24342154e-03j
-3.59673663e-02+1.63916070e-02j
1.45729930e-01-3.13750643e-04j
1.39464802e-01-6.47711625e-03j
-5.46526304e-02-7.32349309e-03j
-2.45192910e-01-3.05566730e-03j
-2.57896534e-01-7.86400247e-03j
-8.10129869e-02-5.05880952e-03j
9.99994898e-02+1.02294868e-02j
1.28745904e-01+6.16827059e-03j
-3.66123686e-02+4.08947829e-03j
-2.29322758e-01+1.46406919e-02j
-2.59545372e-01+1.55589662e-02j
-9.99257084e-02+1.74607749e-02j
1.04907820e-01+1.06307003e-02j
1.67541870e-01+1.59198999e-02j
2.50756605e-02+7.91768024e-03j
-2.06034576e-01+5.31306715e-03j
-2.76296401e-01+1.30333728e-03j
-1.27088776e-01+3.29922645e-03j
7.64766348e-02-2.46241458e-03j
1.80875524e-01+9.42072380e-03j
4.41297488e-02-9.90414163e-03j
-1.71863933e-01+4.23449793e-03j
-2.87511793e-01+1.92119858e-02j
-1.86624276e-01+8.38009461e-03j
4.85693251e-02-2.80485519e-03j
1.65840106e-01-9.32841926e-03j
7.37903100e-02-1.81991541e-03j
-1.36471741e-01+8.63309420e-03j
-2.70668334e-01-1.17145388e-02j
-2.08394688e-01-7.65531717e-04j
1.84148861e-02-6.29933365e-03j
1.50258733e-01-9.92486982e-03j
9.01984467e-02-2.46146839e-03j
-1.06938580e-01+1.26363234e-02j
-2.60564563e-01-4.25290703e-03j
-2.16475938e-01+9.77454594e-03j
6.93667322e-04+7.10753206e-03j
1.53591427e-01+2.01413776e-03j
1.23847996e-01+1.06673853e-02j
-8.93375295e-02+2.29612452e-03j
-2.63667080e-01-9.12817470e-03j
-2.34309375e-01-1.84461039e-02j
-4.46677588e-02+1.50679016e-03j
1.35864357e-01-1.10348660e-03j
1.33334660e-01-2.24589800e-02j
-1.83992626e-02-3.16754289e-03j
-2.09484848e-01+2.65730282e-02j
-2.37513101e-01+2.25269556e-03j
-5.67244472e-02+1.60713112e-02j
1.50902083e-01+2.98714642e-02j
1.30087812e-01+3.56424193e-02j
-7.04403278e-02-3.55442359e-02j
-1.95794358e-01-1.11954891e-01j
-1.50459770e-01-3.57220539e-02j
-3.21099078e-02+9.21111690e-02j
5.46310486e-02+6.89114841e-02j
9.44202326e-02+4.05759389e-03j
9.03157739e-03-3.33743710e-02j
-1.67581591e-01-1.20885305e-02j
-2.73341358e-01+9.01935510e-03j
-1.42932323e-01-2.24184863e-02j
1.00365533e-01-1.67175429e-02j
1.73523013e-01+1.54626570e-02j
3.33773519e-02+1.73239063e-02j
-1.57414832e-01-2.22430593e-03j
-2.76355133e-01+1.26599133e-02j
-1.68415458e-01+1.91640352e-02j
2.61527199e-02-6.39298787e-03j
1.39438972e-01+2.23847312e-03j
6.24065558e-02-2.43716091e-03j
-1.37304672e-01-3.46819036e-03j
-2.67072091e-01+1.19924642e-02j
-1.93637232e-01-3.22228857e-03j
1.91682533e-02-6.12608872e-03j
1.72772417e-01-6.22897003e-03j
1.05566026e-01+9.98799676e-03j
-1.04352238e-01-5.50051184e-03j
-2.77573093e-01+5.88536307e-03j
-2.10029578e-01+6.99860788e-03j
-6.03320956e-03-2.52654875e-03j
1.62294569e-01+1.79048205e-02j
1.11714978e-01+4.99752163e-03j
-7.10912945e-02-1.71865972e-03j
-2.65412475e-01+8.67894342e-03j
-2.56034017e-01-4.44852289e-03j
-7.34373025e-02+1.74210279e-03j
1.20586192e-01-1.44478932e-02j
1.27059756e-01+2.26331062e-03j
-4.60110900e-02-4.37311719e-03j
-2.34595728e-01-1.00121434e-02j
-2.69058629e-01-1.53158672e-02j
-7.47102227e-02-1.64037965e-02j
1.17667996e-01-2.77424330e-02j
1.59435053e-01-1.84351864e-03j
-1.54885018e-02+7.02729627e-04j
-2.04621029e-01-3.18102012e-03j
-2.57033875e-01-6.40161092e-04j
-1.12161885e-01-2.23534606e-03j
1.09177449e-01+2.24815361e-03j
1.58939505e-01+4.94651097e-04j
1.75033560e-02-1.42951656e-02j
-1.78364935e-01-6.14718321e-03j
-2.68941990e-01+1.41779112e-03j
-1.52318414e-01-1.26405959e-03j
8.06214729e-02+7.63412281e-03j
1.70069013e-01+8.37053538e-04j
5.93854495e-02+1.81041269e-02j
-1.76333358e-01+1.04077765e-02j
-2.82131794e-01-9.58707508e-03j
-1.68728214e-01+8.79838384e-03j
4.97972007e-02+3.29779920e-02j
1.75229231e-01+9.46701624e-03j
7.14728626e-02+1.13231686e-02j
-1.27739081e-01+3.80876989e-03j
-2.71171646e-01-1.83860750e-03j
-1.91091204e-01-2.54335077e-04j
2.92958980e-02+3.87026618e-03j
1.62563470e-01-7.37008246e-03j
1.00331117e-01-6.03447934e-03j
-1.32760430e-01-2.16588112e-03j
-2.83491806e-01+7.84756686e-03j
-2.31022557e-01+3.98789845e-03j
-1.58983961e-02+1.78345633e-03j
1.28537578e-01+1.36273617e-02j
1.25066496e-01+2.63457698e-02j
-5.83498127e-02+4.16851633e-03j
-2.35455537e-01-3.61024559e-02j
-2.41447685e-01-1.94086742e-02j
-5.25372121e-02+1.56904198e-03j
1.45575014e-01-2.45402139e-02j
1.01873901e-01-4.20910089e-02j
-1.44369571e-01+2.15172293e-02j
-2.48444626e-01+1.12582500e-01j
-1.48795296e-01+5.41683331e-02j
1.13279287e-02-9.73423128e-02j
1.02888486e-01-9.73402290e-02j
8.19233329e-02-9.30005752e-03j
-2.72104281e-02+4.18953555e-02j
-2.08263667e-01+1.45837339e-02j
-2.65033231e-01+2.93856646e-04j
-1.11162075e-01+2.43615253e-02j
1.25665361e-01-2.50480368e-03j
1.82347049e-01-1.44457618e-02j
1.64046810e-02-1.77724930e-02j
-2.10708358e-01+3.86188613e-03j
-2.70648151e-01-4.09948185e-03j
-1.54112213e-01-1.51653220e-02j
6.49886982e-02+3.93655888e-03j
1.47330670e-01+7.72437972e-03j
5.84564187e-02+1.77458980e-03j
-1.64430888e-01-7.12082733e-04j
-2.88270808e-01-1.85720708e-03j
-1.79668002e-01+8.25874763e-03j
4.12155703e-02+2.70042412e-02j
1.79459293e-01-7.24335413e-03j
9.30548627e-02-1.32961329e-03j
-1.31265038e-01-1.12148500e-02j
-2.69576584e-01-9.87524185e-03j
-1.97423642e-01+1.11785741e-03j
1.28817373e-02+6.79910152e-03j
1.60317056e-01-8.70839769e-03j
9.71064252e-02-3.06092617e-03j
-1.06360855e-01+8.65287563e-03j
-2.78170030e-01-7.85611121e-03j
-2.40690501e-01+2.55142964e-03j
-3.29986462e-02-3.54099744e-03j
1.33517795e-01+8.80638641e-03j
1.22826613e-01-1.02959585e-02j
-6.97839816e-02+5.24685968e-03j
-2.47561270e-01+1.11656663e-03j
-2.57434995e-01+1.52259234e-03j
-5.40353491e-02+1.47038660e-02j
1.49255453e-01-1.39515668e-04j
1.45468063e-01-4.82166411e-03j
-4.91087786e-02+8.71322764e-03j
-2.37764583e-01+9.53801423e-03j
-2.71523578e-01-8.95066145e-06j
-6.97371313e-02+2.25792938e-03j
1.12688151e-01+1.33649031e-02j
1.36781841e-01-9.40190823e-04j
-3.41761844e-02+1.25652026e-02j
-2.44204511e-01+1.42520720e-02j
-2.72448572e-01+8.40781285e-03j
-1.18437960e-01+9.98236369e-03j
9.90026157e-02-4.15990029e-03j
1.52212424e-01+3.59657552e-03j
3.51647576e-02-8.30203988e-03j
-1.84419808e-01-2.27693839e-03j
-2.64965315e-01+2.38460856e-03j
-1.45884256e-01+3.68293298e-03j
6.83174861e-02+2.87354806e-03j
1.74181579e-01-1.74203084e-02j
5.76594874e-02-5.31744922e-04j
-1.61403704e-01+7.60659304e-03j
-2.92894141e-01+7.58152492e-03j
-1.95050688e-01+1.56316417e-02j
4.48783764e-02-7.84323586e-03j
1.66085668e-01-2.55471811e-03j
6.17489388e-02+1.77275974e-02j
-1.51094224e-01+4.57002129e-03j
-2.64886693e-01-1.27247691e-02j
-1.64304763e-01+5.06649585e-03j
2.91880761e-02+1.42986476e-02j
1.49011322e-01+8.61075951e-03j
9.97448701e-02-8.33952024e-03j
-8.18151228e-02-1.25574292e-02j
-2.58967338e-01+9.58100059e-03j
-2.52404126e-01+1.30165001e-02j
-3.80291449e-02-6.88848612e-03j
1.62612976e-01+1.91207580e-02j
1.02342101e-01+4.98702573e-02j
-1.63135939e-01-2.67775362e-02j
-2.63688711e-01-1.01532421e-01j
-1.05517744e-01-7.60756390e-02j
6.31701024e-02+6.49863249e-02j
1.03281128e-01+1.02755566e-01j
6.68946586e-02+1.60632039e-02j
-6.53578434e-02-3.70245952e-02j
-2.24773707e-01-2.79850642e-02j
-2.71306705e-01+3.08881283e-03j
-1.19139863e-01-1.22934523e-02j
1.31254336e-01-1.76800314e-02j
1.68448631e-01+9.84855469e-03j
-8.09547666e-03+1.35674098e-02j
-2.06552017e-01+1.54771487e-03j
-2.35889650e-01-1.47643980e-02j
-1.10422259e-01+2.02142896e-02j
8.20183179e-02+1.15251513e-02j
1.39978848e-01+6.83261313e-03j
4.30040503e-02-1.82495363e-02j
-2.10232909e-01+8.33540960e-03j
-3.02199159e-01-7.60919938e-03j
-1.52014967e-01+3.62102558e-03j
9.23045694e-02-1.90036447e-02j
1.66083245e-01-6.91717894e-03j
7.40780571e-02-2.72604977e-03j
-1.13619890e-01+1.76587790e-02j
-2.59041292e-01+1.04558522e-02j
-1.80199033e-01+2.48677937e-03j
4.34423099e-02+6.36338903e-03j
1.83718535e-01-9.90036363e-04j
6.71872133e-02-7.11097909e-03j
-1.92599907e-01+4.62820340e-03j
-2.80259815e-01-1.00858504e-02j
-2.01494785e-01-1.05588968e-02j
-9.79204357e-03+6.08338949e-04j
1.42539412e-01-9.60012914e-03j
1.40681921e-01-6.44560551e-03j
-6.84941961e-02-8.81106417e-03j
-2.66373613e-01-1.33023107e-02j
-2.28438211e-01-1.72056536e-02j
-1.52461480e-02+6.31929768e-03j
1.22491219e-01-1.04695772e-02j
6.08569317e-02-8.47232520e-03j
-9.66313754e-02+1.77811377e-03j
-2.08732537e-01-7.62623821e-03j
-2.46447181e-01+2.24939271e-03j
-5.03978040e-02-4.88446188e-03j
1.93948600e-01-3.83365854e-03j
1.82382202e-01-1.26588112e-02j
-6.47128138e-02-1.45410540e-02j
-2.49518840e-01+1.92485534e-03j
-2.48344866e-01-4.85284821e-03j
-1.61660238e-01+7.30230852e-03j
-5.84768706e-03+7.85401753e-03j
1.52273748e-01+1.06274564e-02j
2.12761760e-02+7.46666206e-03j
-2.58352275e-01+4.17898657e-03j
-2.17012732e-01+7.28115920e-03j
5.95676572e-02+6.65142645e-03j
1.50299865e-01-4.62273408e-03j
9.59501243e-02+7.46038413e-03j
7.81017785e-02+2.29877857e-03j
-1.80857634e-01+1.08180728e-02j
-7.10642001e-01-7.38176147e-03j
-5.98775952e-01+9.05868434e-03j
3.94188556e-01-3.66377347e-03j
9.99996884e-01+2.49617900e-03j
3.25837095e-01-1.62462352e-02j
-6.52589445e-01-9.44286382e-03j
-6.77935119e-01-8.58036230e-07j
-1.60581646e-01+8.26599827e-03j
8.54303254e-02-2.09709143e-03j
9.83047063e-02+2.58856208e-03j
1.48146627e-01+1.47354665e-02j
6.76425715e-02+2.79182040e-02j
-2.09728592e-01+3.68044612e-03j
-2.42747423e-01-7.61592066e-03j
1.53235149e-02-7.30991369e-03j
1.57092213e-01-1.35839183e-02j
-1.90160813e-02-4.01909968e-02j
-2.55077770e-01+3.83533677e-03j
-2.80758039e-01+1.00932928e-01j
-1.27243797e-01+7.52721774e-02j
7.83103836e-02-4.05858120e-02j
1.97918372e-01-1.15842108e-01j
1.12965948e-01-4.90614965e-02j
-1.21025323e-01+4.27672145e-02j
-2.47483007e-01+2.40038382e-02j
-2.28066954e-01-1.22220142e-02j
-7.72119195e-02+2.72684113e-02j
8.37672402e-02+1.63069169e-02j
1.57140774e-01-9.42320276e-03j
-1.60352925e-02-1.99111825e-02j
-2.39494294e-01-1.78161074e-02j
-2.50607076e-01+4.42469375e-03j
-4.29427354e-02-1.33995097e-02j
1.44222167e-01-1.42365376e-02j
1.27341888e-01+2.15811905e-02j
-2.19114750e-02+2.60405148e-03j
-2.07820670e-01+1.82440929e-02j
-2.85511169e-01+2.37287595e-02j
-1.66382055e-01+2.03891155e-02j
8.74672895e-02+1.19878276e-02j
1.94373889e-01+1.93184410e-03j
1.69366430e-02-8.16832517e-03j
-1.89450828e-01-5.01800368e-03j
-2.52538890e-01-4.17598693e-03j
-1.20065061e-01-5.31722510e-03j
5.84955643e-02-7.71297871e-03j
1.72657850e-01-2.37325592e-04j
6.22181832e-02-2.04907460e-02j
-1.64232601e-01-9.25712875e-03j
-3.14006085e-01-1.04917816e-02j
-2.06534195e-01-2.61568264e-03j
3.75728639e-02-6.37593927e-03j
1.63387575e-01+2.64649851e-03j
7.17403791e-02-2.49871630e-03j
-1.21225892e-01+1.49005843e-02j
-2.38556305e-01+1.01945155e-02j
-1.86096271e-01+4.63380209e-03j
-1.13731734e-03+3.69184586e-03j
1.67807592e-01+1.52630706e-03j
1.04028885e-01+1.01900346e-02j
-1.34705238e-01+8.83244206e-03j
-2.84553178e-01+2.20872627e-02j
-2.25512617e-01+1.37503428e-02j
-6.33290416e-03-1.61534143e-03j
1.41415051e-01+2.32992952e-02j
1.11281810e-01-3.97239121e-03j
-5.65985866e-02+1.98692942e-02j
-2.27141819e-01+4.44878073e-03j
-2.41778467e-01+4.87921970e-03j
-6.48519018e-02-4.46625732e-03j
1.16164154e-01-1.36972520e-02j
1.18125302e-01-3.28250797e-03j
-6.41709118e-02-4.96364869e-03j
-2.55417599e-01-8.20378552e-03j
-2.61506279e-01-2.85727512e-03j
-7.35337546e-02-4.62264682e-03j
1.02988175e-01-1.61795744e-02j
1.56287834e-01-1.17725409e-02j
-3.64246738e-03-2.21993687e-03j
-1.82958774e-01+8.76988439e-03j
-2.39783463e-01+1.29468646e-02j
-1.26165485e-01+1.48923918e-02j
8.83182352e-02+2.39751500e-03j
1.59073594e-01+4.05493307e-04j
1.34621673e-02+8.13361281e-03j
-2.13760269e-01+1.24979401e-02j
-3.05881838e-01-1.09889332e-02j
-1.57411959e-01-7.52320527e-03j
7.89016030e-02-3.57987306e-03j
1.66654614e-01-1.30024328e-02j
5.99575262e-02-5.64771291e-03j
-1.51208734e-01-2.67677911e-03j
-2.38182032e-01+8.95635685e-03j
-1.50718840e-01+2.68127071e-02j
3.57157702e-02+4.12852285e-04j
1.69507518e-01+1.70036337e-02j
7.42800646e-02+4.40930257e-02j
-2.13385715e-01+3.02836998e-02j
-3.39179912e-01-8.41006574e-02j
-1.35658716e-01-1.00467697e-01j
1.13056597e-01+2.34409816e-02j
1.63369395e-01+1.08746582e-01j
2.91922348e-02+3.38556607e-02j
-1.49083725e-01-3.90326886e-02j
-2.55251510e-01-4.09098742e-02j
-2.20963565e-01+8.81158469e-03j
-1.73252721e-02-2.08303683e-02j
1.88776003e-01-2.37079399e-02j
1.54272375e-01+9.52003019e-03j
-6.63804159e-02+2.42961092e-02j
-2.76342754e-01-1.28270035e-03j
-2.38434647e-01+7.86119045e-03j
-4.89597225e-02+2.67937926e-02j
1.17367181e-01+4.30121379e-03j
1.19513929e-01+1.97378204e-03j
-4.83103790e-02-8.81492045e-03j
-2.38497729e-01-2.06560303e-02j
-2.60916185e-01+1.30062677e-02j
-8.92840891e-02-1.25433408e-03j
1.09650987e-01-1.71477345e-02j
1.66165539e-01-1.26905475e-02j
1.71679103e-03+1.41222302e-02j
-2.06634559e-01+8.24954402e-03j
-2.67640106e-01-2.04172883e-03j
-1.02648961e-01-5.73320728e-03j
1.00624662e-01+2.38928296e-03j
1.57231380e-01+7.91058462e-03j
2.45876288e-02+4.97286867e-03j
-1.80646693e-01+1.65728881e-02j
-2.66715795e-01+1.22755227e-03j
-1.53910790e-01+1.02268500e-02j
6.24541240e-02-1.52450098e-03j
1.39321423e-01+7.19792300e-04j
3.40316099e-02-1.71829505e-03j
-1.62265502e-01-1.07651793e-02j
-2.79278985e-01-1.37628721e-02j
-1.76839328e-01-1.06785237e-02j
3.66717488e-02-7.10238082e-03j
1.72863650e-01+9.25923123e-05j
7.86072751e-02-7.56350509e-03j
-1.28521977e-01+4.48204670e-03j
-2.70662137e-01-3.53102356e-03j
-2.01168274e-01+3.66917765e-03j
2.12127012e-02-2.07028749e-03j
1.50350951e-01+1.21367402e-03j
1.12612796e-01-1.11038322e-02j
-9.47689880e-02-1.72970985e-02j
-2.74505855e-01-6.07186254e-03j
-2.25229302e-01-1.03909037e-02j
-3.21562198e-02-7.43050193e-03j
1.33803034e-01+8.35071794e-03j
1.15036808e-01+5.60033467e-03j
-6.72217940e-02+1.15613202e-02j
-2.43231774e-01-1.02403676e-02j
-2.43907061e-01+6.10604416e-03j
-5.28727148e-02+1.36694639e-03j
1.27325710e-01+9.13299655e-03j
1.27253593e-01+8.91891588e-03j
-3.45274773e-02+1.52579177e-03j
-2.24782389e-01+6.98885123e-03j
-2.63196987e-01-2.54045034e-03j
-1.02234309e-01-7.51026457e-03j
1.10011505e-01-4.28628438e-03j
1.65859661e-01-8.68904794e-03j
7.44479965e-03-3.28378793e-03j
-2.25109264e-01-7.70981330e-03j
-2.86045687e-01+5.03355737e-03j
-1.28516029e-01+1.78313285e-02j
9.16627875e-02+1.17218059e-02j
1.52714218e-01+5.51675828e-03j
3.18760257e-02+8.55301304e-03j
-1.79153048e-01+2.27029989e-02j
-2.44870896e-01-4.82081408e-03j
-1.51385984e-01-1.82749961e-02j
6.00720745e-02-7.59728105e-03j
1.82573471e-01-2.95224110e-03j
7.24330446e-02-4.23621371e-02j
-2.15471610e-01-2.38121510e-02j
-3.23741679e-01+8.07169393e-02j
-1.20845240e-01+9.19850571e-02j
1.68529702e-01-1.12825183e-02j
2.13984548e-01-1.08124437e-01j
3.85831469e-03-5.94237996e-02j
-1.94240568e-01+4.24828271e-02j
-2.68326381e-01+2.41995716e-02j
-2.08268792e-01+7.72641528e-03j
-5.30554508e-03+8.88246655e-03j
1.72813465e-01+2.85318008e-02j
1.31069129e-01+2.88122851e-03j
-8.62827695e-02-1.10297587e-02j
-2.61557863e-01-5.69135886e-03j
-2.26016934e-01+3.16102350e-03j
-3.67992759e-02+1.73744544e-03j
1.33258233e-01-1.54281075e-02j
1.06967007e-01-6.53165329e-03j
-8.29042918e-02+1.46905577e-02j
-2.34480774e-01+4.05288540e-03j
-2.45159977e-01-1.33815153e-02j
-6.25450112e-02+8.89934630e-03j
1.38611981e-01+1.10313873e-02j
1.47875779e-01+5.78168235e-03j
-1.79804855e-02-2.11716234e-03j
-2.21087425e-01+1.66968928e-03j
-2.63586213e-01-4.29881282e-03j
-9.13736365e-02+6.16063163e-03j
1.01373475e-01-2.37094414e-03j
1.59324665e-01+1.90847530e-03j
2.38221012e-03-2.17978606e-03j
-2.06141023e-01-1.79763068e-02j
-2.73465386e-01-1.01764851e-02j
-1.34147524e-01-8.39390132e-03j
7.51573181e-02-3.77016092e-03j
1.53641153e-01-7.78904733e-03j
2.35660011e-02-1.15007691e-03j
-1.99940271e-01+9.54285747e-06j
-2.70328062e-01+1.58377763e-02j
-1.54495769e-01-1.10153122e-03j
6.04998694e-02+6.58817268e-03j
1.70351409e-01+5.49064804e-03j
7.16817426e-02+1.16072497e-03j
-1.53456845e-01-7.16229199e-03j
-2.70008335e-01-5.23671779e-03j
-1.77233993e-01+9.13846066e-03j
2.61479270e-02+5.31540327e-03j
1.72788054e-01+5.30345527e-03j
8.12320220e-02+6.64787712e-03j
-1.29628951e-01+1.21327165e-02j
-2.68745140e-01+1.63565510e-03j
-2.01181187e-01+1.69590188e-03j
9.67619038e-03+7.49249257e-03j
1.65772931e-01+1.64181838e-03j
1.12699989e-01+9.74899747e-05j
-9.44763097e-02-1.75459480e-03j
-2.52910626e-01+3.23894147e-03j
-2.21153908e-01-1.18224007e-03j
-3.16635832e-02+1.46278512e-03j
1.32443983e-01-3.01731314e-03j
1.27629200e-01-2.07948558e-02j
-5.86693119e-02-2.09090985e-03j
-2.41505274e-01-6.98811714e-03j
-2.32897888e-01+3.92054912e-03j
-4.67782253e-02+3.71236303e-03j
1.26306156e-01-2.56172506e-03j
1.48525297e-01+3.58969996e-03j
-3.64816412e-02+1.31131488e-03j
-2.48395210e-01+6.78910586e-03j
-2.81241174e-01+5.25205686e-03j
-1.08798964e-01-1.61905850e-02j
1.12524066e-01-1.98828572e-02j
1.54674915e-01+1.45794989e-03j
-2.03701571e-02-5.75203937e-03j
-2.02059092e-01-2.27725563e-02j
-2.35304097e-01+2.30059665e-03j
-1.16537775e-01+1.67313262e-02j
8.09503323e-02+1.49359312e-02j
1.78516357e-01+6.80706573e-03j
3.20234903e-02+4.20983833e-02j
-2.49855476e-01+2.69103598e-02j
-3.52836084e-01-6.93980685e-02j
-1.11138685e-01-1.07030215e-01j
2.05927306e-01-7.27378962e-03j
2.27502047e-01+1.00456026e-01j
-2.26338034e-03+6.18620541e-02j
-2.10462484e-01-2.37546498e-02j
-2.75705377e-01-4.50679015e-02j
-1.68855412e-01-7.78438923e-03j
1.84906650e-02-1.51631736e-02j
1.66847534e-01-1.23560766e-02j
1.26877044e-01-9.12002932e-03j
-1.16217860e-01+1.98531028e-02j
-2.74254907e-01+9.97065116e-03j
-2.08480789e-01+1.55886399e-03j
-5.61582636e-03+1.43596691e-02j
1.46103026e-01+2.12106560e-02j
8.50127003e-02+1.46993506e-04j
-1.13441177e-01-3.86042731e-03j
-2.52293383e-01-9.92516619e-03j
-2.08358929e-01-1.57759340e-02j
-3.79954401e-02-1.16701756e-02j
1.39153541e-01-1.74689011e-02j
1.23990970e-01-1.70245672e-03j
-5.99350965e-02+1.02210370e-02j
-2.25602305e-01-6.92309488e-03j
-2.32358235e-01+5.48585435e-03j
-4.39903979e-02+2.98543259e-03j
1.15460205e-01+1.58525094e-03j
1.48262328e-01-1.49671616e-02j
-3.49048732e-02+1.20754670e-02j
-2.27467764e-01-1.97137736e-03j
-2.55491673e-01+1.26497975e-02j
-1.02478529e-01+9.16188950e-03j
9.17803636e-02+6.95573507e-03j
1.42094495e-01+7.51020339e-04j
-1.49908878e-02-1.25641563e-02j
-2.10014504e-01-1.72218889e-02j
-2.65096039e-01+6.64887824e-03j
-1.36173377e-01-1.12160874e-02j
9.30800523e-02-4.21296837e-03j
1.63842911e-01-7.93027390e-03j
4.46133023e-02+4.55681181e-03j
-1.74076504e-01-1.54082797e-02j
-2.64129989e-01-3.00036510e-04j
-1.53493033e-01-3.80880017e-03j
5.81850737e-02+9.43813092e-03j
1.78382631e-01-6.84564929e-03j
6.01304222e-02-4.59929702e-03j
-1.82119090e-01-3.40606639e-03j
-2.90713348e-01-9.24636474e-03j
-1.96745580e-01+7.86550938e-03j
2.97411283e-02+7.32499389e-03j
1.60131964e-01-6.64963498e-05j
9.21909513e-02+4.42401472e-03j
-1.24359342e-01+8.60473116e-03j
-2.46814622e-01+5.87516199e-03j
-1.80431662e-01+2.82212736e-03j
2.30912785e-02-7.79288905e-03j
1.60927239e-01+6.99735331e-03j
1.11288130e-01-4.28180424e-04j
-8.43252347e-02+7.83619094e-03j
-2.38493209e-01-2.69914777e-03j
-2.26016149e-01-6.58557508e-03j
-5.80761980e-02-7.76301145e-03j
1.38947090e-01-9.71382461e-03j
1.31860969e-01+1.59595193e-03j
-5.05219266e-02-2.79072188e-03j
-2.60341986e-01-1.50347157e-02j
-2.52714185e-01-1.66428017e-04j
-5.43173269e-02+1.90722139e-02j
1.43151826e-01-1.43089268e-03j
1.45061727e-01+2.62962710e-03j
-3.92647024e-02+3.80978318e-03j
-2.25228172e-01+2.55031918e-02j
-2.38837034e-01-6.26742710e-03j
-1.02911462e-01-2.84154628e-02j
7.05326656e-02-7.78430750e-03j
1.51422198e-01-3.63403467e-03j
1.37625279e-02-2.94747774e-02j
-2.57955362e-01-4.18921924e-02j
-3.59083489e-01+5.32434503e-02j
-9.03543874e-02+1.07538173e-01j
2.43445248e-01+3.12495694e-02j
2.45047038e-01-1.26901876e-01j
-2.55129733e-02-8.85229801e-02j
-2.41668830e-01+1.01458521e-02j
-2.76025117e-01+4.11980022e-02j
-1.55849731e-01+1.88944604e-02j
1.98774130e-02+1.22033129e-02j
1.61493771e-01+1.00696658e-02j
9.93913746e-02-4.59425452e-04j
-1.49921699e-01-2.39870627e-02j
-2.75884322e-01-8.72921457e-03j
-1.60919765e-01+1.05556063e-02j
5.70158990e-02-1.03639817e-02j
1.62202439e-01-8.97151241e-03j
7.16115198e-02-1.64267235e-02j
-1.26201077e-01+1.63628401e-02j
-2.59410134e-01+4.36938610e-03j
-2.24836239e-01-4.10416268e-03j
-2.96513746e-02-9.15167270e-03j
1.55792095e-01+3.87139638e-05j
1.22460596e-01+1.24754778e-02j
-8.53408695e-02-7.73825124e-03j
-2.51139558e-01-1.58761396e-02j
-2.01290780e-01+2.53470556e-04j
-2.19817899e-03-2.47353843e-03j
1.27968064e-01-1.90708221e-03j
1.37135481e-01-8.28750361e-03j
-5.64493239e-02-7.24417525e-03j
-2.78496375e-01-1.05609409e-02j
-2.88535565e-01-7.46006471e-03j
-7.54234720e-02-1.50420802e-02j
1.37228564e-01+4.07057708e-03j
1.29181315e-01+9.91982429e-03j
-2.26791108e-02-1.07999113e-03j
-1.80149190e-01+9.52408887e-03j
-2.23282679e-01+2.80380239e-04j
-1.21586357e-01+1.46446176e-02j
1.12864953e-01-7.17847095e-03j
1.70259224e-01+5.58771373e-03j
-4.48784159e-02-9.83688497e-03j
-2.62300239e-01+1.07535469e-02j
-2.66628160e-01+1.91864208e-03j
-1.22433601e-01+5.15987454e-03j
7.65936906e-02-8.69668979e-04j
1.83161153e-01-1.11849673e-03j
1.11704630e-01+6.61118732e-03j
-1.63140426e-01+1.25872578e-02j
-2.84951239e-01+7.63750067e-03j
-1.55119304e-01-1.12116292e-02j
5.92565555e-02+6.98698182e-04j
7.91296768e-02-2.37321144e-03j
-1.51783183e-02-9.19830058e-03j
-1.21329751e-01+4.01209990e-04j
-2.66355064e-01-1.24519158e-02j
-2.17542806e-01-9.62026791e-03j
1.46658722e-01-3.05691860e-03j
3.18159005e-01+1.09311424e-02j
7.92429560e-02+3.88700093e-03j
-1.76338279e-01+6.25207236e-04j
-1.70357497e-01+1.36361249e-03j
-3.06654330e-01+1.56870201e-02j
-5.21045502e-01+2.81471482e-03j
-1.25790503e-01-8.79323411e-03j
6.93065778e-01-1.03514659e-02j
6.70369905e-01+1.16462160e-02j
-2.64822611e-01-9.59435169e-04j
-7.98150363e-01+7.09311536e-03j
-3.12636653e-01-1.54311203e-02j
2.21557128e-01-3.31116634e-02j
1.39255554e-01-7.68936486e-03j
-1.04866949e-01-9.45698406e-03j
-1.08626504e-01-1.82776369e-02j
-6.75607432e-02+2.26607885e-03j
-5.82014046e-02+2.14393680e-02j
9.27066548e-02+2.25830381e-02j
1.71390962e-01+6.37888198e-03j
-5.74792972e-02+3.23256933e-02j
-3.81017792e-01+4.43053689e-02j
-3.76026572e-01-2.37211212e-02j
-8.25845519e-02-1.03027449e-01j
2.16251532e-01-4.28819265e-02j
2.44808309e-01+8.56475582e-02j
4.57340572e-02+1.02168120e-01j
-2.34182896e-01-6.87072236e-03j
-3.01361679e-01-3.34989602e-02j
-1.08585580e-01-2.99079579e-02j
8.30087684e-02+2.89231700e-03j
1.17778482e-01-1.86064416e-02j
-1.25802794e-02+9.61992408e-03j
-1.62820586e-01+1.85153796e-02j
-2.65840322e-01+1.23034167e-02j
-1.70527531e-01-1.54230218e-03j
6.12661943e-02+5.29959045e-03j
2.20324856e-01+1.23805554e-02j
6.30948728e-02+3.85319803e-03j
-1.84224521e-01-1.36783935e-02j
-2.67273606e-01-4.24881105e-03j
-1.77425064e-01-5.62211535e-03j
9.48461098e-03+6.28504039e-03j
1.28365108e-01-2.82120660e-04j
1.09254131e-01-1.44642174e-02j
-1.09604711e-01+1.30184577e-02j
-2.61768297e-01-3.36218816e-03j
-1.98257493e-01+2.12989907e-02j
2.12589192e-02+1.61899491e-03j
1.66022436e-01+1.53813654e-03j
1.02010087e-01-1.14734933e-03j
-9.36796969e-02-8.70316292e-04j
-2.41214883e-01+4.01320869e-03j
-2.57614886e-01+9.44444078e-03j
-7.09622439e-02+1.22778171e-02j
1.19000213e-01-5.99535400e-03j
1.37578320e-01-1.71828557e-03j
-7.40338369e-02-1.71312669e-02j
-2.53664473e-01-5.11644063e-03j
-2.20186127e-01-6.54096751e-03j
-4.64990073e-02-4.57266205e-03j
1.23118053e-01-1.03493711e-02j
1.48252123e-01-9.98210575e-04j
-2.32281739e-02-1.39983291e-02j
-2.25928277e-01-1.66297598e-02j
-2.77415630e-01-1.04767563e-02j
-1.11850767e-01+1.54259131e-03j
1.02094725e-01+2.03826962e-03j
1.59114396e-01-1.32478201e-02j
-9.54315280e-03-1.38475563e-02j
-2.02324761e-01-5.23804761e-03j
-2.64370515e-01-3.29292474e-03j
-1.12745552e-01+1.32260069e-02j
6.72829409e-02+4.22182530e-03j
1.54219925e-01+9.43089784e-03j
3.46858841e-02+1.33876680e-02j
-1.87465105e-01+1.96091608e-02j
-2.96332000e-01+7.73417114e-03j
-1.75836731e-01+5.04235080e-03j
4.93924912e-02-6.99065150e-03j
1.60064902e-01-5.75147212e-03j
7.00175569e-02+3.15429690e-03j
-1.54221705e-01+2.44301613e-03j
-2.41011346e-01-1.63210043e-03j
-1.52685113e-01-8.35128937e-03j
4.11887381e-02-1.65299964e-02j
1.57501011e-01-6.80191639e-03j
8.65504342e-02-1.61552802e-03j
-1.11105715e-01-1.09206766e-02j
-2.75759946e-01-1.16378772e-02j
-2.34509970e-01-9.06345654e-03j
-2.37758282e-02-4.78901343e-05j
1.47231263e-01+5.88658945e-03j
1.30393913e-01+2.54276893e-03j
-9.42652229e-02+4.43617852e-03j
-2.61312609e-01+1.37868883e-02j
-2.01049337e-01+1.45365020e-02j
1.78371630e-03-1.43714079e-02j
1.55207907e-01-1.75736205e-02j
1.22282777e-01-1.00970552e-02j
-5.14813560e-02-9.61941811e-03j
-2.85177043e-01-3.46160668e-02j
-3.40324217e-01+1.24074317e-02j
-9.12243336e-02+1.20242138e-01j
2.24931548e-01+6.59630155e-02j
2.39469569e-01-7.20986063e-02j
-5.28766864e-02-1.05640955e-01j
-3.04439856e-01-1.64169829e-02j
-2.97543540e-01+4.75884740e-02j
-1.02401849e-01+2.49300262e-02j
9.45349764e-02-3.94733955e-03j
1.67801775e-01+8.92289909e-03j
4.66787577e-02-6.07971871e-04j
-1.76533517e-01-1.13187661e-02j
-2.72015567e-01-7.91837854e-03j
-1.37267659e-01+3.74612938e-03j
8.10560109e-02+1.26314497e-03j
1.67714929e-01-6.96132489e-03j
3.41164690e-02-1.17191915e-02j
-1.98657303e-01+1.07308810e-02j
-2.99390399e-01+1.34534400e-02j
-1.67657323e-01+5.56200328e-03j
5.96042996e-02+5.94399681e-03j
1.70778859e-01-3.14606051e-03j
6.19313042e-02+2.97948986e-03j
-1.37066055e-01+1.13877823e-02j
-2.68159900e-01-7.85316819e-04j
-1.78986986e-01-1.38056144e-02j
2.92955090e-02-8.28464661e-03j
1.66700973e-01-6.55388192e-03j
9.16157379e-02+3.92964513e-04j
-1.13057780e-01-7.11970918e-03j
-2.64588673e-01-3.39439576e-03j
-2.17622205e-01-4.06903338e-03j
-7.17055889e-03-2.21185929e-03j
1.44524157e-01+4.36513990e-03j
9.43975424e-02+3.31918938e-03j
-9.88793399e-02+7.37796440e-03j
-2.70230000e-01+1.75684411e-02j
-2.44013818e-01-2.62769293e-03j
-3.86486143e-02+1.46393950e-02j
1.51860769e-01+1.45188571e-02j
1.34731740e-01-9.29082982e-03j
-5.44369500e-02+8.85553095e-04j
-2.49152553e-01+1.03810341e-02j
-2.50006416e-01+1.03508397e-02j
-7.69804362e-02-7.75929745e-03j
1.39814626e-01+2.38608469e-03j
1.70365986e-01+3.55379944e-03j
-1.95346133e-03+2.94594218e-03j
-2.06083379e-01+1.39089247e-02j
-2.58534812e-01+3.99095320e-03j
-1.03237178e-01+7.14178516e-03j
9.34923034e-02+7.50712805e-03j
1.29453486e-01+6.96459730e-03j
6.18972785e-03+1.61132255e-04j
-1.99984951e-01-8.98713243e-03j
-2.78913554e-01-1.46530137e-02j
-1.26239267e-01-1.40463326e-03j
7.75598482e-02-4.00763689e-03j
1.70723537e-01-5.71044615e-03j
2.82570560e-02-1.85275110e-02j
-1.86523995e-01-7.74587446e-03j
-2.79621927e-01-2.44717158e-02j
-1.54900665e-01+8.67854776e-04j
5.46961928e-02+1.46912309e-02j
1.55696899e-01+3.61933526e-03j
6.59717857e-02+8.30854711e-03j
-1.45626090e-01-1.32346600e-02j
-2.52546850e-01+9.77833458e-03j
-2.04051248e-01+2.01567163e-02j
5.46150786e-03-2.31558825e-03j
1.46955636e-01-2.30435578e-02j
9.25267288e-02-2.28951414e-03j
-1.28319540e-01+2.52904363e-04j
-2.60092775e-01-1.16742267e-02j
-1.88795962e-01-1.97479441e-02j
1.91487130e-02+2.91271669e-03j
1.55094185e-01+2.12792872e-02j
1.25681682e-01+2.95551433e-03j
-7.04514666e-02+1.87740002e-02j
-2.74638041e-01+7.22768001e-02j
-3.04394474e-01-5.33333014e-03j
-5.71805680e-02-9.56423445e-02j
2.43903986e-01-7.59303761e-02j
2.56534435e-01+5.67199096e-02j
-5.36585093e-02+1.13487290e-01j
-3.10062958e-01+2.82231569e-02j
-2.73922967e-01-3.60698595e-02j
-7.28266261e-02-1.52334880e-02j
1.34474110e-01-1.32306964e-03j
1.53735774e-01-2.49471876e-02j
-7.40262440e-03-1.70689833e-02j
-1.91150781e-01+2.91991405e-03j
-2.57777876e-01+1.69808803e-02j
-1.00399257e-01+1.29649844e-02j
1.12638842e-01-2.57613310e-04j
1.51153971e-01+6.24413153e-03j
-1.02124322e-02+1.10221506e-02j
-2.08317016e-01+2.55500403e-03j
-2.71258081e-01-5.51181223e-03j
-1.22753665e-01-1.09215594e-02j
8.73121177e-02+5.50936108e-03j
1.58409342e-01-1.59858859e-02j
4.43193474e-02-7.24413218e-03j
-1.80996936e-01-5.68421092e-03j
-2.51498706e-01-6.13595534e-03j
-1.63466539e-01+1.37794830e-02j
5.52501451e-02+1.18769030e-03j
1.65429173e-01+6.93724685e-04j
7.31568100e-02+8.60467364e-03j
-1.33134916e-01+5.31741505e-03j
-2.53256598e-01-9.62069773e-03j
-2.02359578e-01+1.55637316e-02j
1.80713691e-02-7.74415883e-03j
1.39986024e-01-7.64008311e-03j
8.26377879e-02+1.78136904e-02j
-1.26365411e-01-9.97966520e-03j
-2.72385223e-01-7.97305462e-03j
-1.96653486e-01-1.42403674e-02j
-2.51283009e-02+3.37377204e-03j
1.57446572e-01-8.61783061e-04j
1.15807629e-01-6.95592875e-03j
-1.00022957e-01-1.05270452e-02j
-2.56272939e-01-8.86359159e-03j
-2.27656861e-01-7.35686059e-03j
-2.99296090e-02-2.14343554e-03j
1.42717452e-01-5.17201505e-03j
1.37710146e-01-6.93304572e-03j
-3.70484936e-02-8.80544619e-03j
-2.33361521e-01-3.82468223e-04j
-2.50997015e-01-1.11242233e-02j
-6.73465079e-02+4.20186804e-03j
1.29766179e-01-1.28716341e-03j
1.59216962e-01+7.73152322e-03j
-2.10150337e-02+7.00789383e-03j
-2.21252996e-01-3.23593833e-03j
-2.43305372e-01+8.18193576e-04j
-1.09543763e-01+1.33423214e-02j
1.01637523e-01-6.55257581e-03j
1.58837725e-01-7.64453299e-03j
5.51685099e-03+4.40902722e-03j
-2.14229292e-01+7.73012287e-03j
-2.63152215e-01+3.25182890e-03j
-1.19451248e-01-8.27582844e-03j
9.11970856e-02-1.86197859e-02j
1.65390254e-01-5.90290949e-03j
3.06105983e-02-2.12080739e-03j
-1.79670749e-01-2.84596932e-03j
-2.65859852e-01-1.53156097e-02j
-1.76354183e-01-1.60078567e-02j
2.77843557e-02+2.93433757e-03j
1.54611652e-01+1.24409712e-02j
6.48583171e-02+4.08539033e-03j
-1.66077339e-01-2.79344798e-03j
-2.72804820e-01+1.74121269e-02j
-1.81464815e-01+1.21226100e-02j
4.50414416e-02-1.05016155e-02j
1.64943952e-01-9.34298608e-03j
8.67320144e-02+1.12555242e-02j
-1.10020794e-01+3.21075065e-03j
-2.70717807e-01-5.00195421e-02j
-2.96925750e-01-1.14326823e-02j
-6.49858779e-02+1.01707310e-01j
2.41229836e-01+9.56899818e-02j
2.41301162e-01-2.96895120e-02j
-5.19101497e-02-1.02243401e-01j
-3.14937692e-01-5.05969096e-02j
-2.75157853e-01+2.96462507e-02j
-2.44801722e-02+2.85626937e-02j
1.45535689e-01+1.17122151e-02j
1.20302472e-01+1.72757462e-02j
-4.54504270e-02+3.10953976e-02j
-2.12699836e-01+4.74919741e-03j
-2.43914869e-01-2.12281044e-02j
-7.95084299e-02-1.50939481e-02j
1.20185579e-01-2.76651338e-03j
1.32909674e-01+3.69566677e-03j
-5.28190344e-02-1.24933932e-02j
-2.44001319e-01+6.83558349e-04j
-2.75897377e-01+1.63764473e-03j
-1.02429289e-01+6.20265925e-03j
1.01727898e-01-1.02618856e-02j
1.46830499e-01+1.41919216e-02j
2.38070117e-02+7.21308613e-03j
-1.78345117e-01+6.04242158e-03j
-2.59416294e-01+2.35829561e-03j
-1.29283979e-01-5.41530392e-03j
1.00860274e-01-9.63231157e-03j
1.70399207e-01-4.36614061e-03j
3.53821665e-02+5.94792919e-03j
-1.56987025e-01+8.39155299e-03j
-2.67938284e-01+1.79671881e-03j
-1.70296808e-01-2.69248981e-03j
4.80387283e-02+3.05218000e-03j
1.51716735e-01+7.23335944e-03j
4.59489714e-02+3.88232199e-03j
-1.62677722e-01+4.43265095e-03j
-2.81912000e-01+7.89986755e-03j
-1.81676929e-01+5.69138715e-03j
1.42880628e-02-8.66682342e-03j
1.64240524e-01-2.05425603e-03j
8.44892969e-02+4.03084029e-03j
-1.08706299e-01-1.77835559e-04j
-2.56472353e-01-1.97186015e-02j
-2.02569005e-01+5.25949197e-03j
-6.33372658e-03+9.03415444e-03j
1.37052730e-01+1.13206970e-02j
1.12917690e-01+2.16812398e-02j
-7.84869366e-02+1.20874188e-02j
-2.66443874e-01+7.81272096e-03j
-2.57227924e-01+3.42975483e-03j
-6.31324385e-02+5.12610955e-03j
1.28604470e-01+4.95756105e-03j
1.35724521e-01+1.42854848e-02j
-5.54300234e-02-8.31612150e-03j
-2.52131218e-01-4.05909902e-03j
-2.46163193e-01-2.78132232e-03j
-5.67703983e-02+8.31252768e-03j
1.42040560e-01+3.59303086e-03j
1.67852669e-01-8.68804230e-03j
-2.29582233e-02-2.00177427e-03j
-2.11890073e-01+1.20223597e-02j
-2.58057039e-01-1.11372553e-02j
-9.52538848e-02+9.36772439e-04j
9.89478165e-02+4.65050449e-03j
1.43805996e-01+6.93962028e-03j
1.47571252e-02+5.68905394e-03j
-1.90428584e-01+1.27002324e-02j
-2.81032558e-01+3.71515965e-03j
-1.47147947e-01+1.22596525e-02j
6.38370138e-02-1.99056230e-03j
1.80753965e-01-1.91596196e-02j
5.11099241e-02-6.57718765e-03j
-1.69096931e-01+3.46006544e-03j
-2.86864742e-01-4.21586672e-03j
-1.41210829e-01-1.95555686e-02j
8.69667049e-02-1.11619251e-02j
1.54484796e-01+3.89732450e-02j
5.21594685e-02+4.14940240e-03j
-1.33452448e-01+1.03820863e-03j
-2.71678656e-01+5.10373947e-02j
-2.55687372e-01+2.13411349e-02j
-4.40155932e-02-8.32584966e-02j
2.52193375e-01-1.01499112e-01j
2.43016450e-01+2.02772863e-02j
-9.59935442e-02+1.09123952e-01j
-3.46532397e-01+5.12388503e-02j
-2.57357206e-01-3.61467852e-02j
6.63859516e-03-3.75855223e-02j
1.38501466e-01-1.14918538e-02j
8.34919366e-02-5.99665875e-03j
-6.25027142e-02-2.13632625e-02j
-2.27604629e-01-2.98821085e-04j
-2.39619954e-01+8.83396795e-03j
-5.60096739e-02+6.91777275e-03j
1.71389610e-01-2.47825778e-03j
1.57884688e-01+1.72848568e-03j
-6.34654343e-02+7.98477719e-05j
-2.77764575e-01-1.42250497e-03j
-2.44253400e-01-1.58177471e-02j
-7.86081740e-02-1.48260984e-02j
8.63935194e-02-1.10487260e-02j
1.23167615e-01+6.84446355e-03j
-1.48597139e-02-2.33643037e-02j
-2.20209359e-01-5.57105391e-03j
-2.54609044e-01-1.23773433e-03j
-7.46681672e-02+1.36316728e-02j
1.33026625e-01+9.15176158e-03j
1.61879759e-01-6.94569144e-03j
-2.44724408e-03-1.72005062e-02j
-1.94299161e-01-6.88602913e-03j
-2.73857835e-01+3.45960555e-04j
-1.67527610e-01+7.00820750e-03j
3.85983019e-02+1.23594748e-02j
1.67240314e-01+1.82588375e-02j
2.44892784e-02+2.31273562e-03j
-1.92073036e-01-5.72360352e-03j
-2.50776532e-01-8.30754966e-03j
-1.26360218e-01-1.87058940e-02j
5.63007773e-02-1.48081893e-02j
1.52133491e-01-9.61885677e-03j
8.55185510e-02-4.69737256e-03j
-1.51060791e-01-9.38452577e-03j
-3.20694875e-01-2.54253614e-03j
-2.25846321e-01-2.98074836e-03j
3.94815484e-02-6.27170555e-03j
1.59304637e-01-1.18730735e-02j
7.95338720e-02-1.12568878e-02j
-7.03048897e-02-1.20981746e-02j
-2.03076375e-01-1.38406761e-02j
-2.17133811e-01-3.70913340e-03j
-4.77983898e-02+5.96130936e-03j
1.72750694e-01-9.99006821e-03j
7.54408637e-02-7.80891013e-03j
-2.09835584e-01+8.83338773e-04j
-2.90158981e-01-2.29677178e-03j
-2.06692732e-01+1.00738172e-02j
-5.66127839e-02-2.68331603e-03j
1.40770933e-01-1.21195683e-02j
2.95102255e-01+5.05390081e-03j
7.93160556e-02+7.09819079e-03j
-2.88446226e-01+1.86570559e-02j
-2.49321966e-01+7.22071699e-03j
6.18233989e-03+2.15996043e-03j
-1.22855227e-01-1.12622671e-02j
-3.89658679e-01-8.26183416e-03j
-4.25863699e-02+3.18032723e-03j
5.49376473e-01-1.13233037e-02j
3.18480297e-01-1.66217278e-03j
-3.83963352e-01-2.40907056e-02j
-4.63842068e-01-1.67772676e-02j
3.64239170e-02+1.83202464e-02j
1.04604774e-01+6.42056925e-03j
-2.42558372e-01+4.88100859e-03j
-2.79838417e-01+9.74170794e-03j
3.32188637e-02+1.76736246e-02j
2.06901967e-01-4.52949987e-03j
1.40921100e-01-1.02913032e-02j
4.18826280e-02-1.53815558e-02j
-1.34001413e-01-1.03938525e-02j
-3.54946774e-01-1.54059934e-02j
-3.26074315e-01-3.28368509e-02j
-2.42697287e-02+8.78329547e-02j
2.17685323e-01+1.10799387e-01j
1.77005374e-01+2.14434419e-02j
-6.19460891e-02-1.17103269e-01j
-2.68687956e-01-7.95881897e-02j
-2.34322278e-01+4.39932886e-02j
-7.73311595e-03+3.27920739e-02j
1.68004328e-01+6.57892039e-03j
7.96557492e-02+1.22791766e-02j
-1.61951659e-01+3.69690147e-02j
-2.83939435e-01+3.72898863e-04j
-1.98579979e-01-2.69077059e-02j
-1.30002149e-02-9.09484528e-03j
1.40456203e-01+4.12743678e-03j
1.52606153e-01-1.41158168e-02j
-3.72215917e-02-1.35382353e-02j
-2.52591580e-01+1.88700795e-03j
-2.54688999e-01+1.16284749e-02j
-3.42779710e-02-1.47128401e-03j
1.32458013e-01-7.73554506e-03j
8.96436919e-02-3.65328088e-03j
-7.88205065e-02+4.34294666e-04j
-2.11548028e-01-6.84881694e-03j
-2.33141450e-01-7.17054974e-03j
-7.48665716e-02-1.72959173e-02j
1.43051404e-01-5.52963218e-03j
1.87565394e-01-1.02154116e-02j
-6.39164047e-03-4.57974202e-03j
-2.23039040e-01+4.03673008e-03j
-2.50655435e-01-1.81630720e-02j
-1.07787097e-01-1.97284565e-02j
7.36644992e-02-1.20789331e-02j
1.22545622e-01+5.16178856e-03j
2.17466825e-02+9.02061959e-04j
-2.09387646e-01+1.07173097e-02j
-2.88742993e-01+2.54595899e-05j
-1.38957840e-01+2.81056616e-03j
1.05992901e-01+5.77661499e-03j
1.87377198e-01+2.61429666e-03j
4.32747902e-02+5.12042199e-03j
-1.78128995e-01+7.99381707e-03j
-2.70890316e-01-7.71487650e-03j
-1.77485075e-01+1.32375558e-02j
1.87917976e-02+1.28417635e-02j
1.55503474e-01+1.59351560e-02j
6.92666106e-02+2.94249884e-03j
-1.36101601e-01+8.23248521e-03j
-2.67080888e-01-2.55751538e-03j
-1.95930294e-01-2.74227626e-04j
2.90358909e-02+1.40956058e-02j
1.53216657e-01+8.39991743e-03j
8.07093570e-02-2.89194478e-03j
-1.19800071e-01-1.14458857e-02j
-2.65225949e-01-7.13724981e-03j
-2.28908933e-01+3.34807966e-03j
-3.45206142e-02-5.31529158e-03j
1.27698338e-01-8.75911566e-03j
1.17740805e-01-2.99225442e-03j
-6.76824086e-02-9.25542718e-03j
-2.58042652e-01-1.42391176e-03j
-2.23766868e-01-6.60241798e-03j
-1.67244649e-02-8.93658891e-03j
1.59771387e-01-9.77918236e-03j
1.53753304e-01+1.15504091e-02j
-6.20703764e-02+3.47625500e-03j
-2.32325187e-01-1.34905946e-02j
-2.52852828e-01+7.51569592e-03j
-9.88195379e-02+1.51393269e-02j
8.57455017e-02+1.10610991e-02j
1.28054418e-01-1.31083356e-02j
-1.81205433e-04+1.70630687e-03j
-2.15110355e-01-1.05606974e-02j
-2.77163780e-01-5.78749826e-03j
-1.22653864e-01-6.60747686e-03j
1.41140921e-01-4.56249613e-03j
1.84559908e-01+2.42108893e-02j
1.66725613e-02+1.27718527e-02j
-2.01507108e-01-8.74652302e-03j
-2.68924735e-01+4.23285253e-02j
-1.91810937e-01+4.66172065e-02j
-4.13617514e-03-4.75047651e-02j
1.75797964e-01-1.18661985e-01j
1.43840869e-01-3.41804605e-02j
-1.01556244e-01+9.18967749e-02j
-3.27305230e-01+8.76327851e-02j
-2.34690584e-01-8.83868172e-03j
2.04939447e-02-3.88844335e-02j
1.75521954e-01-7.36016708e-03j
7.22779432e-02-6.36203517e-03j
-1.17894475e-01-2.96629953e-02j
-2.38456437e-01-1.55793379e-02j
-1.82371111e-01+1.51694768e-02j
1.26593854e-02+1.74936598e-03j
1.53655480e-01+2.99419507e-03j
1.20400360e-01+7.28091860e-03j
-1.12524560e-01+4.58029714e-03j
-2.85292458e-01+8.90465997e-03j
-2.41633170e-01-1.55390970e-02j
-3.43575704e-02-1.74742751e-02j
1.45782284e-01+4.75239540e-03j
1.24121728e-01-8.26509151e-03j
-6.44984924e-02+4.58439066e-03j
-2.60309996e-01-4.30025127e-03j
-2.33567672e-01-1.58482899e-02j
-4.54755976e-02+3.16618738e-03j
1.45285550e-01-6.45833647e-04j
1.62160318e-01+2.52310896e-02j
-4.03806060e-02-1.48145293e-02j
-2.25710289e-01+7.62513724e-03j
-2.67568631e-01-4.14920719e-03j
-8.28384431e-02-1.08749116e-03j
1.18425761e-01-1.32360303e-03j
1.44986651e-01+1.41309910e-02j
-1.73782976e-02+4.80531317e-03j
-2.32113661e-01+1.65675570e-03j
-2.92643072e-01-5.72569668e-03j
-1.28947093e-01+7.99190323e-03j
8.80398249e-02+2.37612850e-03j
1.62981062e-01-1.83236356e-02j
1.75951732e-02-5.98167637e-03j
-1.90414596e-01-8.60873640e-03j
-2.62481464e-01-3.11933035e-03j
-1.34126559e-01-1.67982921e-02j
8.03149596e-02-6.40534775e-03j
1.60243793e-01-1.28422844e-02j
5.64441675e-02-2.29724575e-02j
-1.50982493e-01-7.56094763e-03j
-2.72521351e-01+1.77846404e-04j
-1.79666212e-01+1.62883319e-03j
5.16512268e-02-6.14027710e-03j
1.71554715e-01+4.54124971e-04j
6.80873796e-02-4.31548096e-03j
-1.42359937e-01+4.69364760e-03j
-2.77816465e-01+8.80438787e-03j
-1.89473612e-01+1.09461705e-02j
1.56475137e-02-2.82334043e-03j
1.66675485e-01+1.86477019e-02j
9.86878601e-02+1.12583450e-02j
-1.15494273e-01-1.13070610e-02j
-2.66276738e-01-3.53270048e-03j
-2.36919349e-01+1.28255947e-02j
-3.29527481e-02+1.27084399e-02j
1.52202132e-01-4.21067611e-03j
1.21090304e-01-1.97222387e-02j
-6.76397501e-02-1.36562824e-02j
-2.59992605e-01+9.61779300e-03j
-2.35834871e-01+5.43038805e-03j
-4.52987173e-02-1.92138812e-02j
1.11460781e-01-1.68609547e-02j
1.22902875e-01+6.96651686e-03j
-4.26735230e-02+3.02982833e-02j
-2.37923752e-01+1.47947659e-03j
-2.58846209e-01+8.86137544e-04j
-8.33414308e-02+1.98768929e-02j
1.36906345e-01+9.36689272e-03j
1.78275735e-01-1.87311315e-02j
-9.99015526e-03-1.10548377e-02j
-2.03432894e-01+6.55677596e-03j
-2.49284769e-01-2.36634536e-02j
-1.34088486e-01-3.76082596e-02j
2.89795239e-02+4.00426842e-02j
1.66657331e-01+1.13473906e-01j
1.36733628e-01+3.81552838e-02j
-1.02979271e-01-9.11835198e-02j
-3.05224523e-01-9.74245644e-02j
-2.09527449e-01+8.74553901e-03j
5.07885233e-02+4.68447047e-02j
1.73104313e-01+2.90101653e-03j
4.36616088e-02+2.37608347e-03j
-1.70353196e-01+2.93171621e-02j
-2.47658973e-01+2.35665973e-02j
-1.57271885e-01-2.45863751e-02j
2.75207691e-02-1.10998216e-02j
1.47627386e-01+2.74289264e-03j
8.95320326e-02-1.26927102e-02j
-1.44645117e-01-2.00801615e-02j
-2.91214901e-01-1.20103859e-04j
-2.11126390e-01+1.46888103e-02j
1.40471159e-02+1.05552222e-02j
1.51495929e-01+1.00373980e-02j
1.04034281e-01-5.74726302e-03j
-1.16557705e-01+1.85020947e-02j
-2.76480937e-01+2.07897768e-02j
-2.14629179e-01+1.03358730e-03j
-4.43028445e-03-8.98735917e-03j
1.59418908e-01-4.17068056e-03j
1.13108793e-01-2.09519949e-03j
-8.29243762e-02-4.56527144e-03j
-2.44949281e-01-1.96800389e-03j
-2.35793613e-01+5.97059442e-03j
-4.17064016e-02+2.89257349e-03j
1.36214560e-01-4.36805410e-03j
1.22081716e-01-1.89612852e-03j
-4.72554654e-02+1.13184432e-03j
-2.51401832e-01-2.45625323e-03j
-2.69211246e-01+1.16091526e-02j
-8.74598707e-02+9.50636448e-03j
1.09965695e-01+1.11502481e-02j
1.46064784e-01+4.77768942e-03j
-1.68280287e-02+1.06835426e-02j
-2.20009973e-01-9.37902559e-03j
-2.58387924e-01+2.14567369e-02j
-1.15844413e-01-1.13991592e-03j
8.87718889e-02-4.97448560e-03j
1.60600715e-01+6.81087504e-04j
1.48704739e-02+1.00441174e-02j
-1.86090305e-01+1.43850730e-03j
-2.62979556e-01+5.37427623e-04j
-1.33384801e-01-6.32388906e-03j
8.16609415e-02+6.63918122e-03j
1.68646544e-01+1.71545865e-02j
5.85768040e-02+6.14280564e-03j
-1.53677552e-01-3.69474611e-04j
-2.61034673e-01+7.46191907e-04j
-1.58335567e-01-2.24812001e-02j
5.49510757e-02+1.33418770e-03j
1.80405623e-01-4.64765417e-04j
7.58710529e-02+2.41011100e-04j
-1.26476727e-01-7.39034119e-03j
-2.72762853e-01+1.53115323e-02j
-1.95914497e-01-1.08133562e-02j
1.77061603e-02-1.07661268e-03j
1.78592404e-01+4.05410359e-03j
9.44400724e-02-3.36485060e-03j
-9.68858936e-02+1.36545880e-02j
-2.53988508e-01+7.21516885e-03j
-2.21408275e-01+2.36217146e-02j
-1.87343529e-02+1.74994851e-02j
1.22612180e-01+2.57035884e-03j
8.98816581e-02-2.38720272e-02j
-9.24486181e-02-7.51677005e-03j
-2.54517391e-01-8.22322205e-03j
-2.57036647e-01-2.52807916e-03j
-6.87890547e-02-1.82976528e-02j
1.45688154e-01-1.15925966e-02j
1.62810604e-01+8.72893738e-03j
-5.68707038e-02+1.54228976e-02j
-2.35748638e-01+4.82043285e-03j
-2.47956477e-01+1.92725371e-02j
-1.13463407e-01+4.14849883e-02j
2.72244346e-02-2.16498187e-02j
1.31376163e-01-1.02529194e-01j
9.77354293e-02-7.00848453e-02j
-1.06799074e-01+7.92025768e-02j
-2.89645273e-01+1.06077396e-01j
-1.79100093e-01+1.33054411e-02j
7.09794873e-02-4.39550618e-02j
1.82434652e-01-2.55022958e-02j
1.88228647e-02-1.66925411e-03j
-2.00493214e-01-1.16313652e-02j
-2.38769551e-01-5.07111248e-03j
-1.26155686e-01+1.02402100e-02j
6.61010424e-02+1.81059507e-02j
1.52259353e-01+1.08667286e-02j
4.83310145e-02-2.50639795e-03j
-1.68117244e-01+2.21742726e-02j
-2.96445721e-01+2.69443969e-03j
-1.86439251e-01-1.29634194e-02j
5.06312386e-02-8.53974532e-03j
1.60390992e-01-5.84885044e-03j
7.86364014e-02-9.45492809e-04j
-1.40267847e-01-2.49933484e-03j
-2.67526732e-01+3.19229561e-03j
-1.77833709e-01-1.63313866e-02j
2.27835915e-02+6.17350365e-03j
1.84367255e-01+3.33883797e-03j
1.11151155e-01+4.65189536e-03j
-9.35215385e-02-3.64331805e-03j
-2.69918932e-01+4.49859158e-03j
-2.26828055e-01-1.27410650e-02j
-1.77415122e-02+1.58642109e-02j
1.36187032e-01+8.95352746e-03j
1.04456146e-01+7.50437059e-03j
-9.64261663e-02+1.07906919e-02j
-2.69021732e-01-1.21055118e-02j
-2.74480798e-01-8.97606384e-03j
-7.71511597e-02-3.25232568e-03j
1.32982557e-01-1.58787853e-03j
1.34198690e-01+1.01904140e-03j
-5.36434927e-02-8.85301611e-03j
-2.35870073e-01-1.25812040e-02j
-2.34051371e-01-1.02706281e-02j
-6.12656116e-02-5.44723328e-04j
1.17594721e-01-8.07144988e-03j
1.48320376e-01+3.20965384e-03j
-1.59073883e-03-1.09648573e-02j
-1.94776070e-01-1.21962090e-02j
-2.65152516e-01+1.53111252e-03j
-1.20735394e-01-1.69246392e-02j
6.89842932e-02-1.31327728e-02j
1.47398127e-01-7.86393440e-03j
1.85204694e-02-2.42560413e-02j
-2.09540548e-01+9.09601247e-03j
-2.78140119e-01-8.50498366e-04j
-1.57223129e-01+4.94176062e-03j
7.48632775e-02+9.35842177e-03j
1.80223158e-01+8.67907651e-03j
4.65187099e-02+4.44117402e-03j
-1.43440393e-01-6.51222389e-03j
-2.78284877e-01+2.93120578e-03j
-1.62954160e-01+1.43429491e-02j
5.36198117e-02+1.45149337e-02j
1.72452542e-01+6.36243970e-03j
6.90772370e-02-1.48153001e-02j
-1.44661281e-01-2.09731478e-02j
-2.62647988e-01-6.01809995e-03j
-1.99939287e-01+4.39012005e-03j
-3.47940034e-03-5.67537474e-03j
1.46293851e-01-4.39290450e-03j
8.57528743e-02+4.18894489e-03j
-8.01107988e-02+7.85069603e-03j
-2.46779291e-01+9.56811223e-03j
-2.32632986e-01-2.81556162e-03j
-1.81902550e-02+1.58098085e-02j
1.85428377e-01+5.91161454e-03j
1.39639872e-01-1.90517891e-02j
-8.45200254e-02-2.69179940e-02j
-2.58463108e-01+1.80886139e-02j
-2.23709351e-01-7.64675614e-03j
-7.85996054e-02-3.82889742e-02j
4.04444166e-02+9.59929819e-03j
1.23443236e-01+9.48634282e-02j
7.30459637e-02+6.55990563e-02j
-1.04135134e-01-4.83777593e-02j
-2.76085394e-01-1.18008988e-01j
-1.72191436e-01-3.30506258e-02j
8.37729723e-02+3.46570030e-02j
1.64390011e-01+1.83515285e-02j
-3.84114041e-02-9.48095563e-03j
-2.38382113e-01+9.73850086e-03j
-2.38924089e-01+1.04440338e-02j
-1.06150890e-01-1.64865102e-02j
8.20462119e-02-8.40529792e-03j
1.65560833e-01-1.00905820e-02j
6.03980644e-02+7.13577082e-04j
-1.71498485e-01-1.90747562e-02j
-2.87965030e-01-1.88218863e-03j
-1.58418239e-01+1.11743988e-02j
6.16809880e-02+1.94253813e-02j
1.61012405e-01+1.28355098e-02j
2.97033906e-03+3.59327161e-04j
-1.72817373e-01+8.23243481e-03j
-2.62772849e-01+1.37698888e-03j
-1.68796395e-01+1.24490838e-03j
5.02508135e-02-8.69168276e-03j
2.04990800e-01-7.43526196e-03j
1.05411318e-01-5.45842428e-03j
-1.39897504e-01+8.30755347e-03j
-2.78126694e-01-1.27453579e-02j
-1.91068086e-01-2.06529070e-03j
4.29127050e-03-1.83380473e-04j
1.05016524e-01-9.10059064e-03j
7.45341429e-02-9.13895657e-03j
-9.65885419e-02-1.77831904e-02j
-2.65058543e-01+5.95753692e-05j
-2.30910112e-01+1.06760710e-03j
4.74899859e-03+7.93906553e-03j
1.82076090e-01+1.48567668e-03j
1.31891625e-01+1.69875863e-04j
-7.78752796e-02+2.81135234e-03j
-2.24680242e-01+1.41071292e-02j
-2.63174518e-01-1.03463067e-02j
-1.16879991e-01+1.21124784e-02j
1.13107084e-01+1.15360869e-02j
1.57275750e-01-2.08027547e-03j
-5.18621392e-02+3.98859973e-03j
-2.37318541e-01+5.73987342e-03j
-1.94900223e-01+6.77730067e-03j
-3.03109784e-02-3.47221525e-03j
9.19791825e-02-1.83857532e-03j
1.46468192e-01+2.34012583e-03j
1.10932321e-02+2.25351416e-03j
-2.93452437e-01+8.02850736e-03j
-3.89290706e-01-1.18279592e-02j
-1.31286394e-01-4.28057274e-03j
1.33549013e-01+9.67660470e-03j
1.26038163e-01-1.08511772e-03j
7.33849617e-02-2.54527533e-02j
-2.09687714e-03-4.40104066e-03j
-2.15237693e-01-5.38153660e-03j
-2.07626140e-01-1.11342283e-02j
1.10155831e-01-7.03319999e-03j
1.84713998e-01+3.29573366e-03j
-3.69436729e-01+1.18388727e-02j
-6.29626432e-01+6.53017714e-03j
7.30919415e-03-9.07368987e-03j
6.54301459e-01+8.02146984e-03j
3.57065417e-01+9.30351164e-03j
-3.06879366e-01+8.77270402e-03j
-3.79107722e-01-1.39518510e-02j
-1.38301557e-01-1.71135331e-02j
-2.17684273e-01-1.13615845e-02j
-2.75718597e-01-1.16285680e-02j
5.77918977e-02-2.00226467e-02j
3.52019550e-01-2.66679223e-02j
1.85374993e-01+1.32976182e-02j
-1.22837699e-01+1.01716782e-02j
-2.54866369e-01+2.89462384e-03j
-2.04217472e-01+1.62533545e-02j
-1.42857152e-01+4.98785593e-02j
6.03998594e-04+1.39513227e-02j
1.00436337e-01-9.10815673e-02j
6.53907964e-03-9.17222376e-02j
-1.58595454e-01+4.01909422e-02j
-1.98013618e-01+1.12829787e-01j
-6.75151960e-02+4.15034673e-02j
9.07160647e-02-3.20528754e-02j
1.21793668e-01-3.25092051e-02j
-2.00078083e-02+9.23936164e-03j
-2.59236501e-01-1.72043831e-02j
-2.97310557e-01-1.85121778e-02j
-1.03464921e-01-1.14301614e-03j
1.34841338e-01+1.81783461e-02j
1.43946859e-01-3.79517275e-07j
5.80266563e-03-3.22346762e-03j
-1.68640150e-01+7.07176807e-03j
-2.30025750e-01+8.54930068e-03j
-1.37441196e-01+4.29053692e-03j
7.99014020e-02-1.39626770e-02j
1.87920723e-01+4.35890743e-04j
1.68380490e-02-1.41923176e-03j
-2.24476830e-01-2.20187620e-02j
-2.82258226e-01-1.41331798e-02j
-1.30380827e-01-9.35695441e-03j
7.64583495e-02+5.35073253e-03j
1.66238307e-01+8.92381238e-03j
7.66487200e-02+6.49014406e-03j
-1.16947697e-01+1.78371873e-02j
-2.57202309e-01-7.79416611e-03j
-1.81783768e-01+6.72367958e-03j
5.39794978e-02+3.17713036e-04j
1.57868540e-01-1.40087517e-03j
5.46953863e-02+6.66304582e-03j
-1.46796165e-01-4.79676582e-03j
-2.62908369e-01-6.71228547e-03j
-2.19788062e-01-3.06477656e-03j
-6.99516364e-03-2.76058280e-03j
1.64354939e-01-3.60534401e-03j
1.42845778e-01-4.24368175e-03j
-8.69155904e-02+6.58939172e-04j
-2.58756541e-01-1.44394145e-02j
-2.23484245e-01-2.05957144e-02j
-2.24756564e-02-1.74903976e-02j
1.30365892e-01-7.04865050e-03j
1.07705339e-01-2.82727111e-03j
-6.91298517e-02-8.75877964e-03j
-2.40038100e-01-8.40006073e-03j
-2.45359837e-01-6.21555628e-03j
-6.34508054e-02-1.98223937e-03j
1.42680123e-01+4.64051115e-03j
1.65897546e-01-1.56733134e-02j
-3.97171432e-02+2.12197473e-03j
-2.32875549e-01+5.13967034e-03j
-2.70972266e-01+8.19037920e-03j
-8.23201339e-02-4.93890694e-03j
8.81235208e-02+7.91853893e-04j
1.50005286e-01+1.62995883e-03j
-8.25352391e-03+4.12152070e-03j
-2.05480803e-01+3.35439202e-03j
-2.70616347e-01+3.38938022e-03j
-1.26724568e-01+3.26205578e-03j
8.88465412e-02-4.64473518e-03j
1.83752479e-01-3.95999219e-03j
6.64733759e-02-1.15924708e-02j
-1.92071668e-01-3.49315335e-03j
-2.85030522e-01-1.08219172e-02j
-1.44731136e-01-8.57046214e-04j
6.64952190e-02-3.48131840e-03j
1.44651353e-01-1.39216428e-02j
1.81036855e-02+7.09990367e-04j
-1.76888285e-01+9.99938937e-03j
-2.59892066e-01-2.83950426e-04j
-1.84562755e-01-2.39130101e-03j
3.35975229e-02-3.87643804e-04j
1.78381369e-01+2.63831600e-03j
1.27217511e-01-1.27091502e-02j
-1.05734637e-01-3.60838332e-02j
-2.64360878e-01-1.83288617e-03j
-2.00264910e-01-5.25041070e-03j
-5.37687192e-04-3.25985150e-02j
7.69527131e-02-1.71817979e-02j
5.79696050e-02+8.27220668e-02j
-5.12629947e-02+9.24808412e-02j
-1.38113036e-01-3.01537620e-02j
-2.05752046e-01-1.08702091e-01j
-1.03720269e-01-4.60443783e-02j
9.66534888e-02+3.87331270e-02j
1.30385946e-01+3.00046566e-02j
-4.61184258e-02+4.88268723e-03j
-2.56772776e-01+2.49288689e-02j
-2.20005633e-01+2.86508767e-02j
-3.03365499e-02-2.62480495e-03j
1.33723507e-01-4.74297714e-03j
1.32264893e-01-1.01434413e-02j
-2.43873097e-02+3.54187932e-03j
-2.12859078e-01-1.56391098e-02j
-2.60258227e-01-6.12930555e-03j
-1.00300587e-01+5.91451373e-03j
8.51436388e-02+1.27501304e-02j
1.50257027e-01-4.41392862e-04j
5.01454286e-03-7.63312310e-03j
-2.16942559e-01+6.55715084e-03j
-2.66741991e-01-2.19024088e-03j
-1.09304875e-01+3.71997480e-03j
9.30049103e-02+1.18019108e-03j
1.65406078e-01-1.15490182e-02j
4.27976505e-02-7.64823716e-03j
-1.72906773e-01-1.94853813e-03j
-2.78907618e-01+4.66587284e-03j
-1.52479037e-01-5.76746980e-03j
6.16045332e-02-2.74446818e-03j
1.61062885e-01-1.76296157e-03j
4.09318355e-02-1.15347530e-02j
-1.54845602e-01+3.97811873e-03j
-2.82758513e-01+7.00287982e-03j
-2.01540445e-01+9.61461008e-03j
1.39989211e-02+2.26447061e-03j
1.53032952e-01-5.09904544e-04j
7.01344361e-02+2.52454453e-03j
-1.19927232e-01-2.89875989e-03j
-2.58274467e-01-5.02958292e-03j
-1.92103567e-01+2.03988353e-02j
-8.54493636e-03+1.17821967e-02j
1.47487590e-01-5.95209999e-03j
1.12810763e-01-4.71816929e-03j
-8.84456052e-02-3.90064508e-03j
-2.49086661e-01+1.48779678e-02j
-2.15152875e-01+1.47229753e-02j
-2.57502558e-02+1.03282960e-02j
1.54704750e-01+1.37529778e-03j
1.23409897e-01+4.90995096e-03j
-6.42326504e-02-3.90078752e-03j
-2.71857789e-01-2.70889589e-03j
-2.55066338e-01-4.30182071e-03j
-7.02185395e-02+1.69661845e-03j
1.42194147e-01-1.19013003e-02j
1.64387461e-01-4.81467935e-03j
-2.64746176e-02+6.78801158e-03j
-2.32121977e-01-4.86573801e-03j
-2.65324116e-01+6.97977405e-03j
-1.05411865e-01+9.46425338e-04j
1.12457461e-01-1.05917633e-02j
1.68606770e-01+1.88872684e-03j
6.59814462e-03+7.27839116e-03j
-2.10065791e-01+1.88959220e-02j
-2.71477716e-01-1.13941657e-03j
-1.23885334e-01-6.24006949e-03j
1.02004537e-01+2.32260739e-03j
1.56003662e-01+1.36484883e-02j
2.41685202e-02+6.65745522e-03j
-1.91037735e-01-1.21804556e-02j
-2.62392088e-01-1.59184303e-02j
-1.43842588e-01+2.44688357e-03j
5.43096573e-02-8.48961495e-03j
1.83073347e-01-2.10372344e-02j
9.42853034e-02+7.15094745e-03j
-1.50486025e-01+2.20567677e-02j
-2.77089980e-01+1.98738375e-02j
-1.69479157e-01-1.71427256e-03j
3.42521842e-02+3.93783787e-02j
1.09751035e-01+2.14681586e-02j
3.17640931e-02-7.26656479e-02j
-7.12123997e-02-9.60157283e-02j
-1.35945078e-01+4.50230975e-03j
-1.57382776e-01+1.04208788e-01j
-6.16294344e-02+5.48272290e-02j
9.30349753e-02-4.06059135e-02j
1.04712492e-01-3.42610071e-02j
-7.58873577e-02-1.13048158e-02j
-2.58997468e-01-1.48199493e-02j
-2.27058808e-01-3.19036630e-02j
-6.26551797e-03-8.64547359e-05j
1.44545664e-01+2.38940806e-02j
1.30069165e-01+9.34160998e-03j
-6.43768449e-02+2.39972998e-03j
-2.35516206e-01+1.12610228e-02j
-2.58983738e-01+1.18871257e-02j
-9.50413073e-02-3.89228628e-03j
1.21339903e-01-5.52831996e-03j
1.56404780e-01-2.12926384e-02j
-2.73168682e-02-8.52635560e-03j
-2.31486325e-01-7.51919713e-03j
-2.60488782e-01-6.00453765e-03j
-6.85404372e-02-1.70347663e-02j
1.07189632e-01+4.68307630e-03j
1.65297491e-01+2.54046643e-04j
8.56051145e-03+1.39422207e-02j
-1.97192938e-01+2.30822340e-02j
-2.73076285e-01+8.06331737e-04j
-1.19216049e-01-2.10461511e-03j
8.00314025e-02+8.37818943e-03j
1.58513955e-01-1.00661420e-03j
1.98519426e-02+1.36291885e-02j
-2.05198556e-01+2.97389796e-03j
-2.81859909e-01+8.58559184e-03j
-1.57049778e-01-1.56785793e-02j
5.25413504e-02-1.59748577e-02j
1.62675438e-01+7.35702491e-03j
5.77678392e-02-1.02122166e-02j
-1.68253499e-01-4.51434410e-03j
-2.67769147e-01-7.61199298e-03j
-1.97013203e-01-9.32457757e-03j
3.96849960e-02-1.36788065e-02j
1.68654429e-01+3.76541894e-03j
7.69903647e-02+6.96200676e-03j
-1.32124903e-01+4.00324663e-03j
-2.60615227e-01-5.52089728e-03j
-2.15678987e-01-4.61715730e-03j
-3.94159973e-05+4.28992787e-03j
1.52443218e-01-1.47536564e-02j
1.11777476e-01+3.06937751e-03j
-9.11035405e-02-3.87064041e-03j
-2.68255266e-01-1.96901785e-03j
-2.38035995e-01+1.14549350e-02j
-2.69810696e-02+1.63692450e-02j
1.68919788e-01+1.80502472e-02j
1.49803846e-01+1.74612009e-02j
-6.74935454e-02+2.35394426e-03j
-2.36006647e-01+3.37666343e-03j
-2.44213052e-01+4.31022143e-03j
-6.50609675e-02+6.11997458e-03j
1.24696621e-01+1.29166593e-02j
1.57801590e-01+4.79515568e-03j
-1.62329088e-02-3.28807543e-03j
-2.23981049e-01-1.25191741e-02j
-2.67923714e-01-1.10589025e-02j
-9.38897778e-02+6.88137307e-03j
1.14073699e-01-5.89093709e-03j
1.54461118e-01+1.21957926e-03j
-2.46188211e-02+5.37086275e-03j
-2.17697091e-01+1.52379890e-02j
-2.78773702e-01+4.95080283e-03j
-1.38905655e-01+8.06862163e-03j
7.07464963e-02+8.03285926e-03j
1.64941856e-01+1.45251269e-02j
5.01734612e-02-9.28065262e-03j
-1.63171946e-01-1.95097363e-02j
-2.83753202e-01-1.58255951e-02j
-1.35164508e-01-1.86574560e-03j
6.19466599e-02-3.74428170e-02j
1.06055252e-01-2.85383871e-02j
-7.85018253e-03+6.03551418e-02j
-1.41561355e-01+1.22596005e-01j
-1.47875580e-01+1.62542094e-02j
-1.19869852e-01-1.00112751e-01j
-1.34922742e-02-8.39905393e-02j
9.76180904e-02+2.12113345e-02j
7.29326364e-02+4.87728691e-02j
-1.04565967e-01+5.08324796e-04j
-2.75246112e-01+3.16473793e-03j
-2.05586404e-01+1.76825253e-02j
2.27307995e-02+4.83906865e-03j
1.75818329e-01-1.85464148e-02j
9.70914997e-02-8.28739721e-03j
-9.54109145e-02-2.16228521e-03j
-2.68996651e-01-8.34460122e-03j
-2.46702498e-01-2.52579438e-02j
-5.78411827e-02-1.17278755e-03j
1.22140660e-01+1.49959261e-02j
1.31729624e-01+8.99970301e-03j
-4.55470992e-02+3.73877958e-03j
-2.48704003e-01+1.44812590e-02j
-2.53013695e-01+4.65685431e-03j
-5.70130212e-02+1.84541520e-02j
1.33832329e-01+4.17069872e-03j
1.73200764e-01-1.24786006e-03j
-1.34575673e-02-1.62969709e-02j
-2.21784695e-01-1.72161353e-02j
-2.56467889e-01+1.91526822e-03j
-9.26493484e-02-1.90635558e-03j
1.01248987e-01-1.82578743e-03j
1.47434656e-01+3.39216192e-04j
-3.74989914e-03-4.98149664e-03j
-2.14307831e-01-1.47984305e-03j
-2.74487715e-01-5.96786586e-03j
-1.50372885e-01+1.18649332e-02j
6.78426974e-02+7.26905175e-03j
1.52171364e-01+6.85989580e-03j
5.29094939e-02+1.81778585e-03j
-1.84131040e-01+3.77796481e-03j
-2.66659136e-01+4.48797698e-04j
-1.49707866e-01+1.32563398e-02j
7.40210580e-02+1.50497164e-02j
1.73439893e-01-1.05472799e-02j
7.29291975e-02+5.13090906e-03j
-1.41266218e-01-1.57091387e-04j
-2.87099347e-01+2.47518558e-03j
-1.73832957e-01+6.44398059e-03j
2.78913399e-02+9.64465945e-03j
1.50504910e-01+1.88769074e-02j
6.70879436e-02-4.74429759e-03j
-1.40415755e-01+5.06366532e-03j
-2.69435335e-01+8.21928219e-03j
-2.15619946e-01+3.87568835e-03j
-3.28179496e-03-8.84323747e-03j
1.37551953e-01-1.22465341e-02j
1.14484518e-01-5.64567669e-03j
-6.68906215e-02+4.40362616e-03j
-2.35356905e-01+1.18209984e-02j
-2.46687042e-01+7.07395072e-03j
-4.52233806e-02-1.18745683e-02j
1.40725276e-01-1.88122377e-02j
1.43532051e-01-1.49215520e-02j
-3.79068023e-02+7.45068947e-03j
-2.58806304e-01+1.16010743e-02j
-2.58617067e-01-3.67292874e-03j
-5.93852178e-02+1.46810455e-02j
1.33685537e-01+1.95046891e-03j
1.31579017e-01+2.62782298e-02j
-3.54167465e-02-1.49932929e-03j
-2.22364899e-01-2.67952000e-03j
-2.52366743e-01-1.62083380e-02j
-1.02600487e-01-8.84556323e-03j
1.05509632e-01-1.44631241e-02j
1.66469685e-01-8.92955164e-03j
3.01816277e-02-1.28314038e-02j
-1.94845054e-01+1.70108101e-02j
-2.95153286e-01+2.23255715e-02j
-1.32376615e-01+6.56741375e-03j
8.58684182e-02+2.20882579e-02j
1.16306496e-01+2.70256282e-02j
-6.24455271e-02-3.96911787e-02j
-1.67739165e-01-1.27787736e-01j
-1.41384685e-01-3.52125260e-02j
-7.53053184e-02+9.05301840e-02j
1.33987534e-02+8.17560746e-02j
8.33665582e-02-9.16717037e-03j
5.60514425e-02-3.84747607e-02j
-1.48342748e-01-9.81573970e-03j
-3.01572540e-01+8.13341533e-04j
-1.92619317e-01-2.08885576e-02j
6.22074922e-02-1.68777149e-03j
1.76582343e-01+1.88928509e-02j
7.94033324e-02+6.54803217e-03j
-1.14628054e-01+5.46816542e-03j
-2.41314272e-01+1.55076031e-03j
-2.16391495e-01+8.78634150e-03j
-3.04816241e-02+2.92346970e-03j
1.51556220e-01-2.09103320e-02j
1.25277359e-01-1.30273023e-02j
-1.11363438e-01-1.33733278e-02j
-2.93521417e-01-1.78646465e-03j
-2.44874792e-01+1.96190789e-03j
-1.89937822e-02-5.78198155e-03j
1.50243658e-01-1.26459708e-02j
1.47511947e-01+9.62258062e-04j
-2.85765846e-02+9.79732684e-03j
-2.36011130e-01+4.71620674e-03j
-2.66500812e-01-1.04325974e-03j
-5.75408969e-02+5.32608531e-03j
1.34817816e-01-4.42639629e-03j
1.21163255e-01+1.32505610e-02j
-7.93738762e-02+2.46048953e-02j
-2.27085536e-01+9.87236103e-03j
-2.62387914e-01-1.45413971e-04j
-1.22968200e-01+8.02882401e-03j
1.01959431e-01+8.92923494e-04j
2.10186701e-01-2.34532831e-03j
4.00573747e-02-1.50290279e-02j
-2.15430595e-01+8.12822811e-03j
-2.57198661e-01-2.12776292e-02j
-1.18796091e-01-5.07507938e-03j
4.32200747e-02+9.35713702e-03j
1.07252224e-01+2.40108304e-03j
3.84119147e-02+5.48456527e-03j
-1.61700653e-01+9.50908036e-03j
-2.89665546e-01-2.35884963e-03j
-1.36416763e-01-1.03840720e-02j
1.34200015e-01-1.07084193e-02j
2.04149243e-01-9.13248269e-03j
4.11142161e-02-3.98706061e-03j
-1.43197975e-01-7.75150130e-03j
-2.77798402e-01-5.19267579e-03j
-2.87139978e-01-2.46172916e-03j
-6.98208910e-02-1.97213573e-03j
1.75648982e-01+1.59890975e-02j
9.56190117e-02-3.99194672e-03j
-1.39825254e-01+4.41932096e-03j
-1.68958553e-01+1.65970964e-02j
-4.73872389e-02-1.09723761e-03j
-5.00850382e-03+2.77882981e-03j
9.31520297e-02+1.40675195e-02j
1.95831833e-01+7.91801267e-03j
-1.71568349e-01+9.43155607e-04j
-7.74735656e-01-1.12069039e-02j
-5.49776111e-01+5.76106999e-03j
5.06283971e-01+1.39543905e-02j
9.24419355e-01+2.70077559e-03j
1.68285200e-01+2.02627776e-03j
-6.16696856e-01-5.67672600e-03j
-5.57454786e-01-1.52670290e-03j
-1.72751466e-01+3.49605586e-04j
-5.05130980e-02-8.93186085e-03j
6.84005721e-02+3.39166011e-03j
2.70608358e-01+3.31357212e-02j
1.63996783e-01+2.44692338e-03j
-1.95090339e-01-1.61154072e-02j
-3.01474143e-01-1.56822433e-02j
-7.33760029e-02-3.03902095e-04j
8.40377938e-02-2.08958309e-02j
2.03596477e-02-4.30381325e-02j
-1.12786522e-01+3.01898019e-02j
-1.80296125e-01+1.07359472e-01j
-1.74675830e-01+5.69836814e-02j
-4.36124241e-02-6.87630026e-02j
1.15726382e-01-9.52705102e-02j
1.32377048e-01+5.66785169e-04j
6.88363832e-03+5.32985380e-02j
-1.68640247e-01+3.95225537e-03j
-2.56460847e-01-2.33545172e-03j
-1.99606177e-01+2.97511281e-02j
1.28043626e-02+1.33851535e-02j
1.75890221e-01-1.96594844e-02j
7.80343840e-02-1.77088680e-02j
-1.65655884e-01+1.92688466e-02j
-2.43596852e-01+8.12925696e-03j
-1.45329736e-01-1.83430340e-02j
4.41005872e-02-3.48651990e-03j
1.35823335e-01-5.38384054e-03j
9.87176440e-02+1.13763477e-02j
-1.07958728e-01+1.22593224e-02j
-2.95582923e-01-8.91125094e-04j
-2.53005630e-01+2.50090710e-03j
-1.63721952e-02+1.13591875e-02j
1.67430003e-01+1.22627817e-02j
1.10911698e-01+4.90147685e-04j
-8.54354416e-02-7.89203789e-03j
-2.16860394e-01+1.00728076e-02j
-2.21291225e-01-3.46915166e-03j
-4.80065500e-02-9.68565211e-04j
1.50065557e-01+8.91649748e-03j
1.40569606e-01-2.47496815e-02j
-7.05341209e-02-9.24143633e-03j
-2.75630296e-01-1.73203048e-02j
-2.73775219e-01-3.14287224e-03j
-6.86864705e-02+1.08246700e-02j
1.10809001e-01-1.21218514e-03j
1.31523405e-01+1.11928566e-02j
5.18106014e-04+1.41741065e-02j
-1.97735510e-01+1.07253413e-02j
-2.58706452e-01+1.47547560e-02j
-1.12029255e-01+6.92285461e-03j
1.05849299e-01+1.53936925e-02j
1.56487450e-01+5.04486439e-03j
-8.18234092e-03+5.00463547e-03j
-2.33413902e-01+1.24707749e-02j
-2.69700040e-01+5.07557614e-03j
-1.22091425e-01+1.03282199e-02j
6.67997286e-02+6.19514175e-03j
1.61153670e-01+1.09088242e-02j
5.42980736e-02+1.91625490e-02j
-1.56446274e-01-6.21303071e-03j
-2.80866497e-01+1.93766638e-03j
-1.69440529e-01+1.43969518e-03j
5.81062304e-02-4.88582284e-03j
1.56711353e-01-1.12848555e-02j
5.17418147e-02-4.65351473e-04j
-1.70136705e-01-2.70677042e-03j
-2.68258465e-01+8.08007732e-04j
-1.95693749e-01-3.52217608e-03j
9.95189776e-03-3.05233927e-03j
1.60455704e-01+9.70248113e-03j
1.11746133e-01-1.41999011e-02j
-8.31651669e-02-1.25976692e-02j
-2.53847275e-01+1.34029168e-02j
-2.26868433e-01+2.39598819e-02j
-3.00704352e-02+2.11931692e-03j
1.65599007e-01-2.90836101e-03j
1.14546591e-01+2.34532564e-02j
-1.06323059e-01-1.98159353e-03j
-2.85209626e-01-1.75555776e-02j
-2.50421147e-01-1.64985099e-02j
-3.49524046e-02-1.35626238e-02j
1.41871708e-01-6.27822732e-03j
1.31010401e-01-6.76636868e-03j
-3.22452945e-02-2.19121073e-02j
-2.08162536e-01-4.24580359e-03j
-2.50100822e-01+2.14421857e-02j
-7.24523323e-02+8.22834136e-03j
1.23491139e-01+3.66643872e-02j
1.24863912e-01+6.10940018e-02j
-9.82486175e-02-1.34168856e-02j
-2.60063549e-01-1.06770865e-01j
-1.79348701e-01-7.22485758e-02j
-1.54328526e-02+5.71361712e-02j
7.30611608e-02+9.88523453e-02j
7.72526682e-02+1.53889708e-02j
-2.25111125e-02-4.59479986e-02j
-1.91080916e-01-2.64025074e-02j
-2.64605667e-01+1.59901068e-03j
-1.22775419e-01-2.65181884e-02j
1.03407344e-01-2.14904108e-02j
2.03343638e-01+8.45158813e-03j
5.29161976e-02+1.19070496e-02j
-1.98051052e-01+3.68235869e-03j
-2.70330464e-01+4.74584963e-03j
-1.61691726e-01+9.38088973e-03j
3.64660237e-02+5.30188719e-03j
1.34080469e-01-9.20172442e-03j
5.46208241e-02-1.12718797e-02j
-1.57108510e-01-7.97062473e-03j
-2.61628311e-01-1.38586081e-02j
-1.88031293e-01-1.13174639e-02j
3.49436188e-02-7.09436235e-03j
1.63920240e-01+4.37702917e-03j
1.18544692e-01+5.00522061e-03j
-1.08899654e-01-3.94067772e-03j
-2.55031680e-01+1.60042122e-02j
-1.89298576e-01+3.59953319e-03j
1.48381456e-02-2.01685783e-03j
1.56004921e-01-3.22727862e-03j
1.15327667e-01+1.18192496e-03j
-9.21168146e-02+1.41097957e-02j
-2.60279363e-01+7.82378763e-03j
-2.45836902e-01-3.30138361e-03j
-3.21569433e-02-2.94589874e-03j
1.29806506e-01-8.19361625e-03j
1.14123260e-01-2.46067043e-02j
-6.44651501e-02-8.36054240e-03j
-2.49997286e-01-6.47968655e-03j
-2.40400706e-01-8.10845587e-04j
-6.16434650e-02+5.66027557e-03j
1.34258748e-01+7.38560078e-03j
1.51715486e-01+2.75102632e-03j
-2.20346283e-02-7.31905129e-03j
-2.13714255e-01-1.30764571e-02j
-2.70957177e-01-5.88814512e-03j
-9.11529850e-02-1.02390489e-02j
1.17268884e-01-4.52831779e-03j
1.72605048e-01-1.32562225e-02j
2.19318915e-02-1.02163255e-02j
-1.96450578e-01-4.85131053e-03j
-2.86328753e-01+4.80126246e-05j
-1.62812497e-01+1.03000105e-02j
6.32006353e-02-9.00537753e-04j
1.61280394e-01+1.21515334e-02j
5.47021196e-02+1.47407225e-02j
-1.71942307e-01+3.44740023e-04j
-2.53683192e-01+1.56394684e-03j
-1.66720183e-01-3.58260837e-03j
3.62276813e-02-5.27391516e-03j
1.54625769e-01+1.42450645e-03j
5.22919121e-02+3.70597720e-03j
-1.36799196e-01-1.30576040e-02j
-2.78261020e-01-1.94132108e-02j
-1.95618206e-01+1.65254364e-03j
1.67546208e-02-5.15732535e-03j
1.76309897e-01-4.69760594e-03j
9.36335817e-02-1.21792096e-02j
-1.21626802e-01-1.42503542e-02j
-2.81007457e-01-6.48238784e-03j
-2.19935548e-01+1.99461344e-02j
-6.49398098e-04+2.38816421e-03j
1.48223162e-01+3.04521872e-03j
1.16125103e-01+1.16836530e-02j
-5.57117473e-02+2.01764445e-02j
-2.32689922e-01-1.72589819e-02j
-2.36232529e-01-1.91464150e-02j
-4.44040377e-02-2.27822252e-03j
1.54981779e-01-1.94921392e-02j
1.26223453e-01-4.43732803e-02j
-1.18659198e-01+6.34701378e-03j
-2.74248310e-01+1.02039078e-01j
-1.57387821e-01+8.22013884e-02j
3.86056723e-02-3.43765613e-02j
1.25899617e-01-1.12786762e-01j
7.18222403e-02-2.28585097e-02j
-5.56378957e-02+4.31722926e-02j
-2.06976147e-01+3.38070745e-02j
-2.64234385e-01+3.44850981e-03j
-1.12504365e-01+2.53114135e-02j
1.16589038e-01+1.63402979e-02j
1.65589648e-01-8.38784371e-03j
2.62434216e-02-1.37882005e-02j
-1.98420482e-01-1.68155414e-02j
-2.60142276e-01-1.30845706e-02j
-1.39849098e-01-1.32693314e-02j
5.74361304e-02-1.28199596e-02j
1.59655867e-01-6.14377395e-04j
4.29710159e-02+1.84753309e-02j
-1.61442698e-01+1.55021507e-02j
-2.76250251e-01+7.66662502e-03j
-1.69721303e-01-4.26693507e-03j
4.23625253e-02+1.06013295e-03j
1.70680950e-01+1.18677658e-02j
8.15955065e-02-2.86589846e-03j
-1.31360143e-01-9.01848848e-03j
-2.72808596e-01-3.84808091e-03j
-2.02735098e-01-9.53823362e-03j
2.22834781e-02-2.67533070e-03j
1.62126999e-01-1.17546420e-02j
1.05506386e-01-2.06850965e-03j
-1.16342632e-01-1.19724909e-02j
-2.78220362e-01-5.63728838e-03j
-2.27992133e-01-1.01637433e-02j
-1.82978019e-02-8.18681625e-04j
1.53996997e-01-2.68746573e-04j
1.09143547e-01-1.02475709e-03j
-8.62331485e-02+1.06967778e-02j
-2.52143001e-01+2.09963515e-03j
-2.35456065e-01+1.33775891e-02j
-5.88278702e-02+6.24697396e-03j
1.26377190e-01+8.88560152e-03j
1.34032938e-01-1.34048415e-03j
-4.34805397e-02-2.71586068e-03j
-2.35277815e-01-4.53980969e-03j
-2.45925597e-01+1.17736910e-02j
-8.50902503e-02-2.41991494e-03j
1.33062337e-01+4.52860078e-04j
1.54204527e-01+1.27218139e-02j
-1.83032751e-02+1.80101559e-03j
-2.19373949e-01+8.01915175e-03j
-2.59808900e-01+1.54296923e-03j
-1.13816579e-01+1.58440386e-03j
1.05730138e-01-1.14825240e-03j
1.68857518e-01-1.07012165e-02j
2.58848807e-02-1.81465613e-03j
-1.93730148e-01-1.08709870e-02j
-2.61525568e-01-4.33061214e-03j
-1.42588270e-01+1.01736555e-02j
6.21574453e-02-1.83968448e-05j
1.65302782e-01-1.42119581e-02j
5.74005811e-02-4.60514888e-03j
-1.65924898e-01+7.79364726e-03j
-2.55191565e-01+1.15082770e-02j
-1.60393459e-01+8.02538875e-03j
4.92512950e-02+1.81497058e-02j
1.77808009e-01-9.30423611e-03j
8.86659316e-02+1.69168026e-02j
-1.47617344e-01+9.18180815e-03j
-2.96750349e-01+1.52800430e-03j
-1.95963485e-01-5.77490137e-03j
2.47281187e-02-9.89364475e-04j
1.56625636e-01+4.76477014e-03j
8.61938072e-02-1.44599128e-02j
-9.62185683e-02-2.18249051e-02j
-2.34090135e-01+1.01688312e-02j
-2.10752275e-01+4.43151608e-02j
-7.70054821e-03+1.27613647e-02j
1.84526030e-01+1.00158809e-02j
1.02246517e-01+3.89373452e-02j
-1.53164491e-01+1.92092806e-02j
-3.05822827e-01-8.85334812e-02j
-1.68219286e-01-9.96204146e-02j
8.15099046e-02+2.81415497e-02j
1.65961602e-01+1.02313794e-01j
7.52256907e-02+4.81357729e-02j
-8.34715714e-02-4.39243799e-02j
-2.28458079e-01-1.89826782e-02j
-2.46977298e-01+7.62911456e-03j
-9.19136191e-02-3.08860095e-02j
1.22635132e-01-2.51613031e-02j
1.82281082e-01-1.12479274e-03j
1.09384970e-02+1.41352181e-02j
-2.10375922e-01+1.64224282e-02j
-2.73477971e-01+2.93175963e-03j
-1.20668998e-01+3.33281536e-03j
6.93515964e-02+1.66483235e-03j
1.44461746e-01+7.77746210e-03j
-2.90965724e-03-1.63646316e-02j
-1.79817394e-01-4.55051792e-04j
-2.81084473e-01-1.23834116e-03j
-1.53650181e-01-1.45909330e-02j
7.04456887e-02-1.27874757e-02j
1.69878062e-01-1.32422745e-02j
7.47620390e-02+4.67568810e-03j
-1.54536031e-01-9.01560233e-03j
-2.57617709e-01-1.45332667e-02j
-1.77259494e-01+4.57963218e-03j
5.22689544e-02+1.37731953e-04j
1.65580332e-01+2.87054700e-03j
7.82901212e-02+4.52126066e-03j
-1.32066337e-01-2.01917860e-03j
-2.65671235e-01+4.89876544e-03j
-2.14912887e-01-6.00315411e-03j
-8.21391275e-03+5.68825327e-03j
1.51487199e-01+1.30921984e-03j
8.47444506e-02-7.21278789e-03j
-1.21335827e-01-1.45174464e-02j
-2.75397712e-01-6.70043736e-03j
-2.22187703e-01-1.01836495e-02j
-1.97249224e-02-1.24552436e-02j
1.58789473e-01+3.34145786e-03j
1.32068832e-01-1.51480203e-02j
-6.03534775e-02+6.79595116e-03j
-2.45777088e-01-6.88046309e-03j
-2.53159005e-01-7.02572857e-03j
-4.85315111e-02+2.02115682e-03j
1.30007047e-01-5.84418722e-03j
1.23765788e-01-1.88648459e-03j
-5.35409902e-02-8.78170397e-03j
-2.55311174e-01-7.29613986e-03j
-2.70967081e-01-7.14189872e-03j
-7.50255527e-02-1.00796571e-02j
1.04563834e-01+9.35258823e-04j
1.53237528e-01-1.30975657e-03j
-1.55219986e-02+4.46872202e-03j
-2.05650443e-01+5.49430432e-03j
-2.49806848e-01-6.20906848e-03j
-9.88751087e-02-1.78513756e-02j
1.03542974e-01+2.55565871e-03j
1.53460207e-01+1.87642412e-02j
4.30791793e-02+5.86101066e-03j
-1.78991085e-01+4.14858702e-03j
-2.84528656e-01-6.85350703e-03j
-1.58305529e-01+6.67394126e-04j
6.35472370e-02+1.63755873e-03j
1.76037137e-01-6.68221408e-03j
5.45952071e-02-2.31443743e-04j
-1.88680236e-01-1.20289821e-02j
-2.84182711e-01+1.76574498e-03j
-1.60209183e-01+1.97148820e-02j
5.96216357e-02+1.52993603e-03j
1.65493042e-01+6.68112676e-03j
5.72907250e-02+1.80858011e-02j
-1.21516301e-01+1.87794331e-02j
-2.46700976e-01-4.08660119e-03j
-2.09675562e-01-2.07241250e-02j
-2.13902109e-02-1.90973123e-02j
1.69363667e-01-2.97665659e-03j
9.91944566e-02-4.09091847e-02j
-1.71168340e-01-1.52583000e-02j
-3.37852915e-01+7.02463224e-02j
-1.55507570e-01+1.06823277e-01j
1.36804561e-01-6.50954889e-03j
1.92405954e-01-1.04850071e-01j
4.31491219e-02-6.46184163e-02j
-1.29363461e-01+4.12805687e-02j
-2.49851146e-01+3.81892504e-02j
-2.54587915e-01-5.72689555e-03j
-8.42419978e-02+2.67048135e-02j
1.50631016e-01+2.84281368e-02j
1.69724791e-01+8.68755066e-03j
-2.69648510e-02-1.91130369e-02j
-2.45956605e-01-1.69420352e-02j
-2.34667085e-01-2.99995320e-03j
-4.74999962e-02-1.96016613e-02j
1.00837095e-01-1.11185716e-03j
1.21629927e-01+2.92493272e-03j
-2.61364557e-02+3.47447952e-03j
-2.25821170e-01+6.80251410e-03j
-3.04133840e-01-8.12853135e-03j
-1.48187657e-01+4.10795531e-03j
1.01071358e-01+1.79726467e-02j
1.72972960e-01+1.06940146e-03j
3.15771478e-02-3.21857648e-03j
-1.69979709e-01-1.10395849e-02j
-2.46031966e-01+1.06748205e-03j
-1.36450980e-01-2.50071973e-03j
7.19533914e-02-8.69147589e-03j
1.80920943e-01-9.58803077e-03j
6.03538936e-02-6.77877597e-03j
-1.97076287e-01+1.22772614e-03j
-3.13669832e-01-3.99647625e-03j
-1.75404437e-01+2.98055326e-03j
5.65053145e-02-1.29528062e-03j
1.22704078e-01+2.17440932e-03j
9.01264057e-02+3.99714316e-03j
-8.43528035e-02+9.52078444e-03j
-2.56515449e-01+8.98709060e-03j
-2.14400712e-01+5.03426071e-03j
2.83987463e-02+7.15074760e-03j
1.58501562e-01+1.62010128e-02j
5.90436977e-02+2.88905611e-03j
-1.37463412e-01+1.55143655e-02j
-2.48048707e-01+4.80006199e-03j
-2.06655977e-01+6.12895373e-03j
-2.31581831e-02+9.22318829e-03j
1.93995650e-01+1.31016589e-03j
1.95102877e-01+6.12342128e-03j
-7.08133280e-02+1.94378296e-02j
-2.83620908e-01+1.51034463e-02j
-2.30097096e-01+7.95167142e-03j
-8.48262375e-02+1.28889461e-03j
2.30828848e-02-2.90395300e-03j
9.41377037e-02-4.88168195e-03j
-1.45605938e-03+4.74157608e-04j
-2.42596437e-01+1.45270125e-02j
-2.73151736e-01-1.03743335e-04j
5.75538510e-02+5.95319531e-03j
2.62036905e-01+4.31777917e-03j
1.24283614e-01-1.83750991e-02j
-1.62232411e-02-5.14863166e-03j
-1.19555424e-01+6.08926209e-03j
-4.96291774e-01-6.00806391e-04j
-6.73121765e-01+2.22570199e-02j
3.42500852e-02+9.75767218e-03j
9.03516017e-01-3.19368526e-03j
6.54795651e-01+1.12969895e-02j
-4.16527022e-01+2.27352989e-02j
-8.28597497e-01+5.11936900e-03j
-3.04611162e-01-1.61137327e-02j
1.61782959e-01-1.87207738e-02j
1.23359065e-01+1.06496722e-03j
3.41384622e-02-1.19572475e-02j
1.62029618e-02-2.37004938e-02j
-1.35050957e-01-1.10377545e-02j
-1.94381134e-01+2.61948858e-02j
3.32039977e-02+1.68778704e-02j
2.14338019e-01+7.89134517e-03j
1.90216925e-02+3.49086986e-02j
-2.95845056e-01+2.83401592e-02j
-3.43324752e-01-5.85524773e-02j
-1.44646630e-01-1.21855699e-01j
1.22943870e-01-1.45555735e-02j
2.26353210e-01+1.11380145e-01j
1.12892921e-01+7.72080370e-02j
-1.36498419e-01-1.86900757e-02j
-2.88615576e-01-3.90267521e-02j
-2.03643352e-01-7.45922476e-03j
-2.97193484e-02-8.50766669e-03j
1.01230409e-01-2.69324802e-02j
1.11628427e-01-9.23016999e-03j
-5.16267671e-02+2.57532755e-02j
-2.43007050e-01+4.80807724e-03j
-2.53810084e-01-2.10692637e-03j
-2.64390750e-02+1.51287870e-02j
1.83290247e-01+1.65009905e-02j
1.29591631e-01+1.48359828e-02j
-6.59856076e-02-2.84696245e-02j
-2.24147939e-01-1.27047731e-02j
-2.56900027e-01+4.42031993e-03j
-1.26236631e-01-1.79533272e-03j
8.22673470e-02-1.11003477e-03j
1.75285840e-01-1.35812969e-02j
1.04039318e-02+1.41859316e-02j
-2.16427854e-01+1.42972773e-02j
-2.49645554e-01+1.21448813e-02j
-8.59379544e-02+1.59616351e-02j
1.04532077e-01+6.91693508e-03j
1.51541377e-01+1.04767922e-02j
1.84043811e-02-4.27526567e-03j
-1.84321820e-01+1.37144866e-02j
-3.06889511e-01+6.14118450e-03j
-1.98405969e-01+2.33437135e-02j
6.12841656e-02-8.24211123e-03j
1.54532916e-01-1.59667213e-02j
5.60054659e-02+7.50206931e-04j
-1.67045234e-01-1.58613128e-02j
-2.52732907e-01+1.45315080e-03j
-1.57582498e-01+4.32112061e-04j
4.08262203e-02-9.67040538e-03j
1.63050050e-01-7.67242826e-03j
8.01732861e-02-7.52458172e-03j
-1.40185624e-01-1.89495110e-03j
-2.79596852e-01-4.29583705e-03j
-2.11521894e-01-1.53364327e-02j
2.28745519e-02-3.50731302e-03j
1.72795449e-01-1.11036614e-02j
9.44458673e-02+4.67834843e-04j
-9.71817392e-02-1.01296182e-02j
-2.42051623e-01-2.01875948e-03j
-2.05153488e-01+6.36003928e-03j
-3.04213603e-02-4.87155313e-03j
1.36571408e-01+1.19700707e-02j
1.27571350e-01-4.17396680e-03j
-8.01948149e-02-3.61556563e-03j
-2.57548382e-01+1.63248386e-03j
-2.61862233e-01+6.06627613e-03j
-4.81618125e-02+2.29401082e-03j
1.26656043e-01+3.82628342e-03j
1.28658304e-01+5.63061268e-03j
-4.48563088e-02+3.84714747e-03j
-2.12086754e-01+2.55875857e-03j
-2.30017168e-01-3.41722219e-03j
-7.64215642e-02-8.98134397e-03j
1.01365926e-01-5.97015313e-03j
1.67367368e-01-3.07422364e-03j
4.28248924e-03-9.11685609e-03j
-2.16392194e-01-6.47535783e-03j
-3.12610494e-01-7.85422228e-03j
-1.41415418e-01+2.38793897e-02j
1.05410866e-01+6.25992044e-03j
1.55847369e-01+5.45157363e-03j
2.12331962e-02+6.45733299e-03j
-1.76039397e-01+2.55666169e-02j
-2.37819042e-01+1.34446047e-02j
-1.12058802e-01-2.65238370e-02j
6.52689237e-02-1.59443559e-02j
1.56649087e-01+1.22473077e-03j
5.67867763e-02-3.21896982e-02j
-2.11626352e-01-4.44926762e-02j
-3.49826208e-01+4.91128896e-02j
-1.64334133e-01+1.19466123e-01j
1.44935840e-01+3.09133779e-02j
2.28167143e-01-1.01301554e-01j
1.23311979e-02-8.12033405e-02j
-2.03473251e-01+5.69424567e-03j
-2.90951345e-01+5.63546479e-02j
-2.01376819e-01+4.22305533e-03j
5.65293263e-03+3.98613413e-03j
1.62256509e-01+2.33105874e-02j
1.43049709e-01+1.88967964e-02j
-8.66038769e-02-1.18439826e-03j
-2.68890026e-01-1.51695622e-02j
-2.20581351e-01-5.08271185e-03j
-1.45723292e-02-1.33034945e-03j
1.68321327e-01-3.31980455e-02j
1.14331418e-01+1.38773635e-02j
-8.74647544e-02+8.65992928e-03j
-2.61510156e-01+6.12032303e-03j
-2.52665098e-01-9.83896718e-04j
-6.24608953e-02-5.35592973e-03j
1.26349875e-01+9.23457932e-03j
1.42686087e-01+7.56928687e-04j
-3.59210874e-02+2.08624637e-03j
-2.26323745e-01-9.50873858e-03j
-2.55509783e-01-7.16354303e-03j
-7.87981635e-02+8.38065332e-03j
1.33142929e-01+2.44075383e-03j
1.70949112e-01+1.07510596e-02j
-7.61875049e-03-1.02711218e-02j
-2.04570610e-01-1.07811390e-02j
-2.74020058e-01-1.37695703e-02j
-1.20378992e-01-1.70406696e-02j
8.95228074e-02-5.72438055e-03j
1.45160925e-01-1.82770508e-04j
-7.10007632e-03+3.73980841e-03j
-2.13871771e-01+2.27987419e-03j
-2.96921264e-01+2.00504893e-02j
-1.69775081e-01+1.26436147e-02j
7.73272953e-02+2.19414376e-03j
1.67428110e-01+4.96808016e-03j
5.03121840e-02+5.84723984e-03j
-1.70762097e-01-1.51260799e-02j
-2.84258106e-01+5.54856323e-03j
-1.80296244e-01+7.22358224e-03j
5.05772156e-02+4.67791354e-03j
1.71318673e-01+2.25015347e-02j
9.67775485e-02+3.19086897e-03j
-1.27546841e-01+1.08924622e-02j
-2.82121196e-01+1.50579478e-02j
-2.12749756e-01+8.97641238e-03j
2.07808405e-03+1.87982552e-03j
1.58499353e-01+1.67287794e-02j
1.04491358e-01-3.02581710e-03j
-9.80744449e-02-1.98142322e-02j
-2.45880536e-01-8.95106517e-03j
-2.05347822e-01+2.43439047e-03j
-2.33272480e-02+1.06249290e-02j
1.38500520e-01+9.77176249e-03j
1.12448022e-01-5.34762115e-03j
-7.23673520e-02-3.75367343e-03j
-2.64375265e-01-8.88028844e-03j
-2.31478749e-01+1.08982973e-02j
-5.48917152e-02+1.06053219e-03j
1.29279827e-01-3.69709986e-03j
1.36205780e-01-1.63741101e-04j
-4.10745256e-02+4.84932779e-03j
-2.30903016e-01+1.23897639e-02j
-2.80190397e-01-1.30027674e-03j
-9.91080956e-02+5.18741267e-03j
1.18337325e-01-3.31602498e-03j
1.58447708e-01-3.69425964e-03j
-1.66909140e-02-2.36066125e-03j
-2.15279543e-01-1.96696742e-02j
-2.38700678e-01-1.33318852e-02j
-9.14950195e-02+1.84864287e-02j
6.89124838e-02+2.29529528e-02j
1.63811657e-01+8.48016409e-03j
3.88454028e-02+4.38080153e-02j
-2.20610029e-01+5.24777795e-02j
-3.40013792e-01-2.95879149e-02j
-1.49373696e-01-1.09468881e-01j
1.84879525e-01-6.90508736e-02j
2.62804361e-01+8.79680744e-02j
2.95236691e-02+9.30103843e-02j
-2.49159396e-01-6.34969530e-03j
-3.01074873e-01-5.05484709e-02j
-1.66463899e-01-1.90668302e-02j
2.01712248e-02-4.95661177e-03j
1.51477117e-01-2.34284624e-02j
1.03977425e-01-9.38599933e-03j
-1.19253555e-01+1.25419361e-02j
-2.69231006e-01+2.33003332e-02j
-2.05525763e-01+2.39655498e-03j
2.12937716e-02+4.06307719e-04j
1.48077880e-01+1.92153947e-02j
1.01839442e-01+8.00634660e-03j
-1.11413007e-01-3.44080141e-03j
-2.69534943e-01-5.37733990e-03j
-2.22955309e-01-1.52794644e-02j
-2.07869275e-02+7.72972693e-03j
1.45352491e-01-2.01330706e-02j
1.35774752e-01+2.02990686e-03j
-5.25362774e-02+8.87093297e-03j
-2.33275957e-01+1.39562884e-02j
-2.29606040e-01+2.19667382e-03j
-6.56285260e-02-8.94192098e-04j
1.23634929e-01+9.10072948e-03j
1.51515903e-01-4.97111495e-03j
-3.50242452e-02+1.65237773e-02j
-2.39137899e-01+2.34404295e-02j
-2.61995419e-01+2.20520876e-02j
-1.07682782e-01+1.56904500e-02j
1.10758710e-01+1.54246936e-02j
1.38892977e-01+1.25811070e-03j
-2.18465021e-02-7.59666943e-03j
-2.22253508e-01-6.91767800e-03j
-2.70806246e-01+2.10087960e-03j
-1.28174459e-01+2.15220888e-04j
7.91372909e-02-2.07812276e-02j
1.56070996e-01+1.68540846e-03j
1.68901379e-02-1.86113313e-02j
-1.94903806e-01-8.65173172e-03j
-2.73284148e-01-1.75912156e-03j
-1.51442857e-01-1.09327665e-02j
6.64874624e-02-1.15178309e-02j
1.65669242e-01+7.58568383e-04j
6.07086665e-02-1.17420135e-02j
-1.56054499e-01-7.73249009e-03j
-2.64926539e-01+3.14664513e-03j
-1.89374182e-01-5.24546091e-04j
4.70861573e-02-8.26403349e-03j
1.69297824e-01+1.29690321e-02j
8.84034524e-02+5.56449813e-04j
-1.31117586e-01+1.51242659e-02j
-2.61295770e-01+2.25122160e-03j
-2.01362500e-01+1.17092984e-02j
1.36821730e-02-5.27783570e-03j
1.58268695e-01+8.63518989e-04j
9.95722229e-02+4.20009850e-03j
-9.72219556e-02+1.09689290e-02j
-2.67983561e-01+6.93956515e-03j
-2.02574015e-01-5.01977500e-03j
-1.06387715e-02-7.53409644e-03j
1.42908514e-01-4.42078067e-03j
1.32221508e-01+6.79321986e-03j
-6.28461824e-02-1.02790240e-02j
-2.51334545e-01-3.06716345e-03j
-2.53821523e-01-1.09267149e-02j
-6.99579684e-02+1.19201844e-03j
1.19117620e-01+2.09834015e-02j
1.22847543e-01+9.44150187e-03j
-5.91023927e-02+4.60573349e-03j
-2.29962936e-01+6.27226831e-03j
-2.51137522e-01+7.56429377e-04j
-7.14763907e-02-2.48949548e-02j
1.14561172e-01-2.81064010e-02j
1.61981337e-01+8.83374456e-03j
-3.31379711e-03-6.97947840e-03j
-2.36448951e-01-4.57948350e-02j
-3.56637769e-01+5.91653996e-04j
-1.52440145e-01+1.03572259e-01j
1.96560409e-01+7.03821530e-02j
2.74537960e-01-6.77249866e-02j
2.36618628e-02-9.34912447e-02j
-2.44554747e-01-1.05994748e-02j
-2.84688984e-01+3.84933316e-02j
-1.42913893e-01+2.04881791e-02j
5.10058389e-02+1.60102153e-03j
1.46665247e-01+2.12973667e-02j
7.28074700e-02+3.14803477e-03j
-1.30896544e-01-7.36929440e-03j
-2.64608166e-01-1.99351141e-02j
-1.78762460e-01+2.38306743e-03j
3.59460514e-02+2.09455086e-03j
1.48987674e-01-1.66134274e-02j
6.58576014e-02-1.87103888e-02j
-1.45171043e-01+4.15651618e-03j
-2.75222491e-01+1.08774220e-02j
-2.05678469e-01+3.40770650e-03j
4.38762610e-03-6.76623109e-03j
1.59550631e-01+1.59112939e-02j
1.16048709e-01+8.32495969e-03j
-9.16721300e-02-4.27784057e-03j
-2.26791729e-01-5.01388828e-03j
-2.15309491e-01+3.39042247e-03j
-1.35072577e-02-8.01264225e-03j
1.32972554e-01-9.56932063e-03j
1.22158007e-01+4.75736271e-03j
-7.08601621e-02-8.31402356e-03j
-2.49830736e-01-8.68727268e-03j
-2.44022851e-01-2.88979296e-02j
-7.02706002e-02-1.12639898e-03j
1.11712385e-01+6.67905319e-03j
1.38127527e-01+1.75495674e-03j
-5.87186398e-02-2.67570856e-03j
-2.30258275e-01+2.78016308e-03j
-2.61589390e-01+8.87920867e-03j
-8.90590476e-02+3.49486606e-03j
1.12285483e-01+4.13861968e-03j
1.60426678e-01+5.89965411e-03j
2.30029682e-03-6.15692460e-04j
-2.08163289e-01+6.28976771e-04j
-2.50768607e-01-6.87515925e-03j
-1.28090856e-01+1.33828093e-02j
8.33878772e-02+1.39837025e-02j
1.61997890e-01-3.02657953e-03j
3.00780026e-02+1.19169843e-03j
-2.04010043e-01-9.52186500e-03j
-3.00929732e-01+6.12572657e-03j
-1.89560454e-01+8.03271079e-03j
6.31922657e-02+1.00394080e-02j
1.52792118e-01+7.52508309e-03j
4.79230639e-02-1.25029339e-02j
-1.67174324e-01-3.02222820e-03j
-2.47799835e-01-4.88177071e-05j
-1.61838731e-01+1.68002427e-03j
5.47674492e-02-2.28551090e-02j
1.72256630e-01+4.47573752e-03j
7.86979173e-02-5.29519126e-03j
-1.30448567e-01-1.04753828e-02j
-2.73200220e-01-7.69526092e-03j
-2.08977338e-01+1.73468908e-03j
-8.93341048e-03+3.96323830e-03j
1.43592555e-01-2.86345726e-03j
1.08690287e-01+1.82661159e-02j
-7.92419260e-02-9.97244678e-03j
-2.51636148e-01+7.48886799e-03j
-2.30661123e-01+2.45015884e-04j
-2.89304534e-02-2.79963778e-04j
1.53936480e-01-1.29917099e-02j
1.45670683e-01-8.26069314e-03j
-7.80277869e-02+5.31067513e-03j
-2.68291055e-01-4.58772462e-03j
-2.18390993e-01-1.24423475e-02j
-5.00808124e-02+2.40366120e-02j
1.22962438e-01+1.01777153e-02j
1.17305850e-01+3.16150944e-03j
-1.15136875e-02+1.08002812e-02j
-2.43374119e-01+3.69547364e-02j
-3.44012242e-01-7.45532148e-03j
-1.38432640e-01-1.12761110e-01j
2.13303930e-01-7.86749868e-02j
2.81221618e-01+4.46254581e-02j
-2.08223795e-03+1.05771907e-01j
-2.85361990e-01+4.28101632e-02j
-2.93892578e-01-4.96955387e-02j
-1.19429519e-01-2.89545306e-02j
7.60895737e-02+1.94117582e-03j
1.42293953e-01-1.18298570e-02j
4.57288182e-02-6.75470972e-03j
-1.61198961e-01+4.34648455e-03j
-2.83943269e-01+2.25415724e-02j
-1.42941911e-01+2.16266438e-03j
9.41846387e-02-1.06141214e-02j
1.82211715e-01+1.21599949e-02j
4.19121448e-02+1.91498031e-02j
-1.74293211e-01-1.44608195e-02j
-2.60455470e-01-8.27122067e-03j
-1.96318704e-01+4.05271441e-03j
3.58214569e-04-1.24979404e-02j
1.57307279e-01-1.47551893e-02j
9.60840355e-02-8.75006708e-03j
-1.12711321e-01+7.38367477e-03j
-2.59666765e-01+4.01222189e-03j
-1.76226945e-01-1.08169832e-04j
2.51716071e-02+8.24061187e-03j
1.57123572e-01+2.15877460e-02j
1.03690905e-01+5.30165903e-03j
-8.57404226e-02-2.70907852e-03j
-2.64877386e-01-4.41293153e-03j
-2.75498690e-01+6.82362257e-03j
-6.30557130e-02+7.13945654e-03j
1.51198385e-01-5.28492799e-03j
1.24838764e-01-3.77708059e-03j
-7.95344654e-02+9.88081286e-03j
-2.14927170e-01-1.65748547e-02j
-2.02712708e-01-1.15078334e-02j
-6.27995199e-02-2.10588574e-03j
1.25042529e-01-2.06332538e-02j
1.53737398e-01-7.79530245e-03j
-2.42080401e-02-1.49388715e-03j
-2.87764495e-01-4.28320690e-03j
-2.90970780e-01-1.66206763e-02j
-6.99825740e-02-1.57522609e-03j
1.03391930e-01-1.18030701e-03j
1.58095090e-01-2.83205121e-03j
7.45904703e-02-5.95691283e-03j
-1.50035459e-01-4.17928479e-03j
-2.78499007e-01-4.19095511e-03j
-1.48087533e-01+1.12436167e-02j
9.76126242e-02+1.52787187e-02j
1.24426130e-01+6.07396481e-03j
-8.17692357e-02-1.48449622e-02j
-2.04970951e-01+9.34926975e-04j
-2.49979069e-01+2.18647325e-02j
-1.88684008e-01-1.80238921e-02j
8.64650452e-02+6.33465158e-04j
3.44176268e-01-1.67300496e-03j
1.53859898e-01+2.05975563e-02j
-2.07618045e-01+6.91558829e-03j
-2.27944379e-01+5.58153545e-04j
-1.40100152e-01+3.13402991e-03j
-3.46253028e-01-1.05389850e-02j
-3.52842035e-01-8.80112529e-03j
3.03546450e-01+2.05656538e-03j
7.10215967e-01-3.60034005e-03j
1.04201669e-01+3.25700064e-03j
-6.53298715e-01-4.41358087e-03j
-4.91788481e-01-4.63509690e-03j
1.22876963e-01+2.05547492e-02j
1.75595988e-01-2.37630792e-03j
-1.62207355e-01-3.04549073e-03j
-2.11080350e-01-9.88757909e-04j
-3.86044201e-02+3.99289482e-03j
6.32821942e-02-2.04737665e-03j
1.01494929e-01-1.99080288e-02j
1.37378876e-01-7.04801794e-03j
-4.07475775e-02-1.31023936e-02j
-3.61218531e-01-3.27698679e-02j
-3.83115680e-01-1.33839677e-02j
-9.30546187e-02+9.92592351e-02j
1.97466693e-01+8.42783769e-02j
2.49177616e-01-4.62936027e-02j
4.62057240e-02-1.20673487e-01j
-2.36231646e-01-4.47026184e-02j
-3.04469635e-01+1.98331446e-02j
-1.17440288e-01+3.18466088e-02j
1.33601086e-01-1.81507496e-03j
1.20198241e-01+1.61562544e-02j
-4.10004595e-02+1.47595885e-02j
-2.09133948e-01+4.39756318e-03j
-2.48951878e-01-1.82218865e-02j
-1.35931451e-01-8.57113795e-03j
8.35886894e-02-4.28438253e-03j
2.07975796e-01-1.24892743e-02j
5.35590808e-02-1.84951636e-02j
-1.98075511e-01+6.27330540e-03j
-2.85054389e-01-9.34352994e-05j
-1.44051396e-01-6.65567403e-03j
4.15845569e-02-7.71812540e-03j
1.15701848e-01-3.24110711e-03j
5.10853147e-02+1.59254737e-03j
-1.29314842e-01+7.16368020e-03j
-2.71706900e-01+7.09453095e-03j
-1.94644478e-01-5.60902248e-03j
5.55062111e-02-1.63794264e-02j
1.85119661e-01+1.11868093e-02j
9.18251025e-02-7.37710093e-03j
-1.21042117e-01+6.71861212e-03j
-2.51166043e-01-7.15983805e-03j
-2.21063872e-01-1.55333359e-02j
-4.19424920e-02-7.66557199e-04j
1.29556098e-01+3.69385289e-03j
9.60919488e-02+8.72420786e-03j
-9.26471389e-02+1.98979798e-03j
-2.59670520e-01-5.28991679e-03j
-2.28669924e-01+8.06576297e-03j
-9.38225551e-03+1.31190001e-02j
1.62012140e-01+7.77794080e-03j
1.20815373e-01-4.38127653e-03j
-5.88034701e-02+7.92921157e-03j
-2.40700537e-01+1.33175263e-02j
-2.48225484e-01-2.55522028e-03j
-8.42927841e-02+2.19820792e-03j
1.25034139e-01+1.24287526e-02j
1.64330167e-01+1.56063210e-02j
-2.86790143e-02-1.66089089e-03j
-2.43289976e-01-1.33454073e-03j
-2.53556243e-01+8.49665500e-04j
-8.81509836e-02-1.35212100e-02j
1.19428200e-01+1.81176020e-03j
1.48996103e-01-3.84607474e-03j
2.82992892e-03-9.29869923e-03j
-2.02514999e-01+1.05764963e-03j
-2.79403031e-01-1.34091758e-02j
-1.43518516e-01-8.57567036e-03j
8.34673544e-02-3.35024234e-03j
1.68291527e-01-7.26209098e-04j
3.03129411e-02+4.62203404e-03j
-1.84562571e-01-1.51138514e-03j
-2.63887412e-01-7.62147267e-03j
-1.21272954e-01+3.35053272e-03j
7.61730374e-02+1.36731315e-02j
1.65689450e-01+5.46443990e-03j
4.97945603e-02+9.46404969e-03j
-1.56764669e-01+4.41678585e-03j
-2.68522541e-01-2.08245432e-03j
-2.10001835e-01+8.66895601e-03j
-1.19152659e-02-2.03423781e-03j
1.58481717e-01-9.48792870e-03j
8.19927416e-02-1.38018586e-02j
-1.21025460e-01+3.04265473e-03j
-2.84242302e-01-3.74377745e-03j
-2.01336481e-01-2.85434626e-02j
2.64921733e-02+9.51120282e-03j
1.79382904e-01+3.09238802e-02j
1.00627016e-01+6.28031828e-03j
-8.79806941e-02+6.71032638e-03j
-2.47332918e-01+4.16033616e-02j
-2.88978610e-01+3.64289170e-03j
-9.71770189e-02-7.93272286e-02j
1.72259405e-01-9.51883160e-02j
2.45212831e-01+9.05825249e-03j
-5.01907170e-02+1.13665138e-01j
-3.19345582e-01+4.61552393e-02j
-3.05807035e-01-3.74396908e-02j
-6.79280863e-02-3.16378905e-02j
1.30049608e-01+5.01115634e-03j
1.34159147e-01-1.95982672e-02j
-1.10913697e-02-2.92440584e-02j
-1.94438045e-01+1.72482686e-03j
-2.61675478e-01+1.79718357e-02j
-1.05172924e-01+1.24793684e-03j
1.00902257e-01+1.46556360e-03j
1.60271583e-01+9.88961156e-03j
2.30772461e-03+9.34324249e-03j
-2.28119932e-01-1.16524877e-02j
-2.88713979e-01-1.14156353e-02j
-1.47449247e-01-1.06194786e-02j
8.78324016e-02-1.36909856e-04j
1.83270899e-01-2.01648036e-03j
3.14504973e-02-4.57992877e-03j
-1.63484811e-01-9.74556283e-04j
-2.55837987e-01-1.28568595e-03j
-1.52831612e-01+9.23177239e-03j
6.47320072e-02+6.93452255e-03j
1.74122229e-01+6.00922034e-03j
7.98082416e-02+2.52199347e-03j
-1.52795129e-01+1.85538948e-03j
-2.79235986e-01+1.61907188e-02j
-1.92885493e-01+6.11356019e-03j
2.84746255e-02+7.01855212e-03j
1.58358295e-01+2.97151059e-03j
8.32695033e-02-2.95254899e-03j
-1.34842693e-01+7.18029366e-03j
-2.80988535e-01-8.54869570e-03j
-2.26547790e-01-1.47039661e-02j
-8.70307278e-03-6.17095822e-03j
1.47880774e-01+1.42516378e-03j
1.20249440e-01-7.30391798e-03j
-8.53543479e-02-8.96101087e-03j
-2.67179344e-01-1.12376525e-02j
-2.33468973e-01-6.54985326e-03j
-2.92131173e-02+2.13919643e-03j
1.48457275e-01-5.94188936e-03j
1.34535856e-01-1.17530352e-02j
-5.28550621e-02-9.33007199e-03j
-2.22370232e-01-1.93136460e-02j
-2.37403371e-01+1.79615590e-03j
-6.27194301e-02-1.02825422e-02j
1.11996598e-01+8.18672290e-03j
1.29417139e-01-4.86572671e-03j
-3.20943283e-02+1.04645046e-02j
-2.23365992e-01+1.12410599e-03j
-2.47995805e-01+7.96959394e-03j
-9.73466438e-02-2.09222639e-03j
1.01010807e-01-2.78002131e-03j
1.44041022e-01+1.02090513e-03j
-9.18270844e-03+1.58978990e-02j
-2.12093441e-01+6.91344603e-03j
-2.72541450e-01+1.03519047e-02j
-1.32594625e-01+6.53425900e-03j
7.84082323e-02-1.07708692e-02j
1.55890373e-01-1.31083817e-02j
2.70935638e-02+5.55472138e-03j
-1.77686219e-01-1.35035859e-02j
-2.55809465e-01+5.49762289e-03j
-1.78043360e-01-1.34023026e-02j
3.73282644e-02-9.40580645e-03j
1.56740711e-01+1.57215207e-02j
5.59337914e-02+6.65437440e-03j
-1.37501839e-01+2.66290739e-03j
-2.68969382e-01+1.81940665e-02j
-1.75426219e-01+1.78484545e-02j
5.71411564e-02-2.56201724e-03j
1.71886104e-01-2.84067363e-02j
8.48407198e-02+1.59913156e-02j
-1.13331974e-01-1.88450509e-03j
-2.61039190e-01-4.65476116e-02j
-2.65111133e-01-3.33073690e-02j
-6.08741276e-02+7.15872947e-02j
2.00427336e-01+1.04076786e-01j
2.52226686e-01+1.87621057e-02j
-3.37851572e-02-1.10112652e-01j
-3.20316866e-01-7.29691276e-02j
-3.03517854e-01+4.05535573e-02j
-4.78773622e-02+2.50454845e-02j
1.33037640e-01+5.93169793e-04j
1.32954108e-01+2.93085510e-04j
-4.09269621e-02+2.26060161e-02j
-2.21087569e-01-3.40941335e-03j
-2.32864963e-01-1.83715604e-02j
-8.55557250e-02-1.27262445e-02j
1.28595840e-01-7.29166879e-03j
1.35755139e-01-9.93504512e-03j
-4.51682162e-02-1.59669074e-02j
-2.36275983e-01-9.38969063e-03j
-2.60567032e-01+1.37806939e-02j
-1.09430313e-01+3.78145934e-03j
9.14135119e-02-5.97199304e-03j
1.60257066e-01+4.74186272e-05j
-6.22520211e-03+8.23325153e-03j
-1.94850299e-01+9.81616915e-03j
-2.58612155e-01+8.29546782e-03j
-1.31173481e-01-4.73457762e-03j
7.71415972e-02-1.14127091e-02j
1.67817569e-01-6.58079081e-04j
2.95003973e-02-9.64970411e-03j
-1.68872987e-01+5.12957482e-03j
-2.68099539e-01-7.25337394e-03j
-1.62494300e-01-1.06773604e-02j
4.47139007e-02+1.70264090e-03j
1.67697885e-01-4.44561230e-03j
5.22273473e-02-9.19224296e-03j
-1.62065976e-01-3.10092364e-03j
-2.91994344e-01+1.32109996e-02j
-1.98869932e-01+1.54216327e-02j
3.03934898e-02+5.43169695e-04j
1.53122739e-01+1.48457830e-02j
9.04886956e-02+2.18173275e-02j
-1.19235941e-01+1.79040638e-02j
-2.61572267e-01-8.81479214e-03j
-2.15129597e-01-1.60612261e-02j
-9.31753375e-03+9.53425688e-03j
1.57945796e-01+1.96125112e-02j
1.19061003e-01+4.62111393e-03j
-8.88673218e-02+1.72981674e-02j
-2.50263740e-01+2.61503492e-02j
-2.13533328e-01+1.41148254e-02j
-3.28340964e-02+1.54265505e-02j
1.45549917e-01+4.32156290e-03j
1.44464196e-01-2.82603855e-03j
-4.35762148e-02+2.96222032e-03j
-2.43667926e-01-1.21528210e-02j
-2.38385462e-01+8.98483295e-03j
-6.36487881e-02-6.18824031e-03j
1.33740657e-01-1.20441814e-03j
1.58323253e-01+6.05881030e-03j
-1.44862252e-02-5.39556045e-04j
-2.05503516e-01-1.69067276e-02j
-2.71017463e-01-1.20907755e-02j
-1.03343873e-01-1.14217771e-02j
9.48259751e-02+9.77876406e-03j
1.62348113e-01+3.28398211e-03j
1.36310634e-02+7.52356843e-03j
-2.00844566e-01-7.86314878e-03j
-2.67170256e-01-1.09822878e-02j
-1.42451213e-01+1.59739489e-02j
5.71502505e-02-1.57496184e-03j
1.37323859e-01-1.99181736e-03j
2.53901497e-02-2.59470090e-02j
-1.89009428e-01-1.48989705e-03j
-2.95818848e-01-1.34466642e-03j
-1.58548744e-01-2.35756760e-02j
8.60515518e-02+1.19816100e-03j
1.69626379e-01+2.66212268e-02j
8.42467188e-02+2.24735296e-02j
-1.39644836e-01-6.63660135e-03j
-2.67751116e-01+5.60179075e-02j
-2.40709645e-01+3.15020654e-02j
-6.19128463e-02-5.73424699e-02j
1.84461390e-01-1.18102866e-01j
2.07735530e-01-2.53534335e-02j
-2.94489082e-02+8.75849529e-02j
-3.03282293e-01+8.01323908e-02j
-2.80919959e-01-2.04537352e-02j
-1.43716076e-02-4.01374702e-02j
1.82580463e-01-1.42884446e-02j
1.05188124e-01-2.28557782e-02j
-8.99400850e-02-1.65220050e-02j
-2.33070295e-01+3.10581030e-03j
-2.16732931e-01+1.87018754e-02j
-4.87739829e-02+2.15241013e-02j
1.42515109e-01+1.00135799e-02j
1.33218982e-01+2.63727860e-03j
-6.98451317e-02+8.78030970e-03j
-2.58698677e-01+7.84424976e-03j
-2.60767231e-01+8.14901141e-04j
-6.30333476e-02-9.78932571e-03j
1.26673491e-01-2.39627053e-03j
1.51207161e-01-1.57018726e-02j
-2.86946288e-02-1.00200683e-02j
-2.27083131e-01-4.40645965e-03j
-2.48783545e-01-6.29945501e-03j
-8.21979789e-02+1.71934859e-02j
1.18483075e-01+6.49894206e-03j
1.53317889e-01+2.07625111e-03j
1.29990978e-02+9.98531471e-03j
-2.01537914e-01+1.97059299e-03j
-2.70482380e-01+1.35798708e-02j
-1.38907213e-01+2.21568142e-02j
8.08076347e-02+1.13385707e-02j
1.50353321e-01+4.68363277e-03j
1.94370724e-02+1.19075748e-02j
-2.01868975e-01-1.04498780e-03j
-2.88348083e-01-9.83074585e-03j
-1.75141983e-01-6.72240680e-03j
5.50859572e-02-1.10284605e-02j
1.53159265e-01+6.45605411e-03j
6.12166278e-02-1.27747820e-02j
-1.42181615e-01-6.42935801e-03j
-2.60583480e-01-7.30109715e-03j
-1.96657385e-01+1.49079861e-03j
2.27932488e-02+1.00644492e-03j
1.54613389e-01-4.54627994e-03j
9.38883963e-02-7.24331583e-03j
-1.16114238e-01-1.25439838e-02j
-2.61883752e-01-1.31091714e-02j
-2.32665216e-01+4.84686853e-03j
-3.34056079e-02-1.08867363e-02j
1.27874080e-01+8.28998048e-04j
1.13966706e-01+6.19691668e-03j
-8.24077638e-02+2.32456195e-03j
-2.63110608e-01+1.09156784e-02j
-2.31542438e-01+5.51107640e-03j
-2.95620813e-02+1.31258041e-02j
1.56184827e-01-5.64162645e-03j
1.51294433e-01+7.63855019e-03j
-4.31340163e-02-2.20298655e-03j
-2.55574793e-01+1.15020019e-02j
-2.41192638e-01+5.25745656e-03j
-5.72099912e-02+2.78306714e-03j
1.16340969e-01-1.35391540e-02j
1.46665110e-01-1.34187014e-02j
-3.27731673e-02-7.89045915e-04j
-2.31257063e-01-4.06487004e-03j
-2.47611543e-01-1.04937481e-02j
-1.17537237e-01-1.73988890e-02j
9.04229453e-02-1.22833373e-02j
1.69468464e-01+2.96903991e-03j
3.40441545e-02+6.45465424e-03j
-1.90391191e-01+1.09672254e-02j
-2.77785753e-01-1.16428855e-02j
-1.23176870e-01+6.29161409e-03j
1.12536964e-01+3.17441171e-03j
1.66903744e-01-2.83341383e-02j
1.02369032e-02-1.72924759e-02j
-1.65263046e-01-9.18497741e-03j
-2.57483929e-01-2.59532615e-02j
-1.93512040e-01-4.57890830e-02j
-3.75656653e-02+3.15288178e-02j
1.67710004e-01+1.22515582e-01j
2.08207561e-01+3.00281150e-02j
-3.87852953e-02-8.14607722e-02j
-3.15837369e-01-1.03090872e-01j
-2.66538575e-01-5.58101964e-03j
2.02166241e-02+5.40272848e-02j
1.52975520e-01-4.28988688e-03j
6.33058019e-02+1.61354378e-03j
-1.18378836e-01+2.41901972e-02j
-2.34418849e-01+1.90575771e-02j
-2.11211586e-01-1.42934255e-02j
-6.60189975e-03-5.99929055e-03j
1.60928522e-01+9.07184768e-03j
1.43313298e-01+3.00543805e-04j
-8.09281250e-02-1.12998718e-02j
-2.65521850e-01-1.30440067e-02j
-2.46709887e-01+1.06687964e-02j
-3.65158808e-02+1.56891967e-02j
1.23713785e-01+1.53363570e-04j
1.01053097e-01+1.70873720e-02j
-4.35768518e-02+1.31949710e-02j
-2.20789079e-01+1.87560553e-02j
-2.31773579e-01+4.59601167e-03j
-6.92088685e-02-2.66623364e-03j
1.49906850e-01-1.24668753e-02j
1.78509236e-01-1.03204905e-02j
-3.81697574e-02-3.21710429e-03j
-2.19207563e-01+4.28397474e-03j
-2.46058801e-01-1.90714936e-03j
-1.24737053e-01-1.47764963e-02j
5.28270822e-02-1.58861310e-02j
1.37906407e-01-6.88654300e-03j
1.10466744e-02+2.05393556e-04j
-1.92745102e-01-3.45659027e-05j
-2.69670135e-01+1.93978236e-02j
-1.03716905e-01+5.81767786e-03j
1.11097263e-01+4.38796892e-03j
1.42880649e-01+9.81006931e-03j
3.94264199e-02+1.59009892e-03j
-1.60961500e-01+1.68636220e-02j
-3.03340444e-01-6.55050067e-03j
-2.09525024e-01+8.73110265e-04j
4.02314182e-02+6.74005127e-03j
1.86020453e-01-1.65852644e-02j
5.02030899e-02+1.63654184e-02j
-1.19860675e-01+4.44558469e-03j
-1.95920036e-01-1.96958655e-03j
-1.56810553e-01+4.25211820e-04j
-4.91263749e-03+2.43772198e-02j
1.65931702e-01+1.42335082e-02j
9.85483959e-02+2.77898981e-03j
-2.09035072e-01-2.24840586e-02j
-3.54909331e-01-5.48820376e-03j
-1.91161384e-01+4.08343532e-03j
1.20852629e-02-3.80073912e-03j
1.21905028e-01+3.15653543e-04j
1.95998506e-01+2.82959201e-03j
8.57640704e-02+8.72315464e-03j
-2.32610424e-01-9.18745712e-03j
-2.87921379e-01-1.13831544e-02j
3.10633971e-02-6.24006936e-03j
7.62729040e-02-3.86576689e-03j
-3.80088624e-01+5.18047229e-03j
-4.05929237e-01+8.91737944e-03j
2.40129244e-01-8.53238144e-03j
5.63537799e-01-2.74699384e-03j
2.70569742e-02+4.11909184e-03j
-4.30799616e-01+1.10038696e-02j
-1.83764655e-01-6.76595764e-04j
4.48904046e-02-1.63581097e-02j
-2.00115051e-01+5.09117932e-03j
-3.24009461e-01-3.03614285e-03j
1.15069500e-02-2.28904273e-02j
2.93341365e-01-4.12333853e-03j
1.99994859e-01+2.77338697e-02j
-2.56075401e-02+2.44659961e-02j
-1.54692893e-01-9.23116141e-03j
-2.95286156e-01+2.11014791e-02j
-2.81812155e-01+5.34496577e-02j
-5.79003314e-02-2.25251327e-02j
1.68211625e-01-1.09752811e-01j
1.42904768e-01-6.79084959e-02j
-8.61304176e-02+7.46579273e-02j
-2.33935638e-01+9.56931296e-02j
-2.04498034e-01-3.11586127e-03j
2.00332746e-02-5.02408195e-02j
1.73267437e-01-1.67756078e-02j
8.83952471e-02+1.13520562e-02j
-1.73823908e-01-8.86640104e-03j
-3.08972526e-01-2.16753254e-02j
-1.72551556e-01+7.84844181e-03j
3.96228360e-02+2.09316137e-02j
1.49327422e-01-1.37957662e-02j
1.01846627e-01+1.54112866e-02j
-6.47430774e-02+1.64591180e-02j
-2.52042167e-01+8.34206520e-03j
-2.31661926e-01-1.31920928e-02j
-1.21396429e-02-5.70630152e-03j
1.56119310e-01+1.62751230e-03j
9.40520552e-02+1.90522257e-03j
-1.23442447e-01-8.51407172e-03j
-2.53067688e-01-1.90237833e-02j
-2.25896592e-01+8.10958339e-03j
-4.36989433e-02+4.38708682e-03j
1.39693135e-01+4.92395891e-03j
1.70448255e-01+7.96378059e-03j
-4.04136441e-02+7.13782434e-03j
-2.40155291e-01+6.16433246e-03j
-2.51871534e-01+7.85585323e-03j
-6.24510636e-02+5.22655678e-03j
1.09835585e-01-9.03381217e-04j
1.20561701e-01-1.00777753e-02j
-2.37538079e-02+4.38659455e-03j
-2.18503806e-01-5.23773597e-03j
-2.73672596e-01-1.28015296e-02j
-1.27846383e-01+7.57028815e-03j
1.15250329e-01+8.52061958e-03j
1.89998098e-01-1.34879260e-02j
1.88518627e-02-1.69487522e-02j
-1.98107520e-01+1.92149716e-03j
-2.65309972e-01-9.24752220e-03j
-1.26768882e-01+9.84762624e-04j
5.17863620e-02+3.21900493e-05j
1.43131367e-01-6.67462614e-03j
4.84839266e-02-1.17539835e-02j
-1.65897364e-01-1.26016036e-02j
-2.83193426e-01-8.82655216e-03j
-1.62074753e-01+1.25926332e-03j
6.22695962e-02-1.47589058e-03j
1.67091079e-01+1.99563858e-03j
6.35528964e-02-1.37783647e-02j
-1.56267254e-01+1.73089729e-04j
-2.69682571e-01+6.12178887e-03j
-1.95974093e-01+1.00281858e-02j
-4.82002176e-04+1.29482564e-02j
1.38776692e-01-4.67328339e-03j
8.99328950e-02-6.91629886e-03j
-1.06585212e-01-1.16492197e-02j
-2.68818502e-01+1.61866577e-02j
-2.27660342e-01+1.44174120e-02j
5.35550888e-03+7.41708129e-03j
1.76194455e-01-6.52939478e-03j
1.31086019e-01-1.41550885e-02j
-9.08404821e-02-1.44385338e-02j
-2.62524744e-01-2.40241328e-03j
-2.32593621e-01-8.85212467e-03j
-5.74104241e-02-1.31922697e-02j
1.07723943e-01+4.21198927e-03j
1.14480707e-01+1.21957997e-02j
-5.69214770e-02+6.16684597e-04j
-2.33550956e-01+8.60278420e-03j
-2.48228732e-01+1.31342760e-02j
-8.60809807e-02+1.83577610e-02j
1.34851144e-01+1.53633232e-02j
1.77991539e-01-2.73668843e-03j
-1.50378692e-02-1.82318503e-02j
-2.34792769e-01-1.60775474e-02j
-2.56160380e-01-2.21410184e-02j
-1.21903287e-01-4.52583889e-02j
2.17978521e-02-1.02308396e-02j
1.20623908e-01+1.07598829e-01j
1.04881980e-01+7.53851567e-02j
-8.92132916e-02-5.62292935e-02j
-2.78984762e-01-1.06508232e-01j
-2.24921484e-01-1.79048523e-02j
3.90005359e-02+4.68719379e-02j
1.75312512e-01+2.80441690e-02j
4.86303004e-02+2.09218805e-03j
-1.70283729e-01+3.05309126e-02j
-2.22236099e-01+8.16614287e-03j
-1.22119525e-01-6.35920291e-03j
3.67014024e-02-2.32589132e-02j
1.51240650e-01-3.37049904e-03j
7.24294356e-02-8.33714716e-03j
-1.38530312e-01-1.79624057e-02j
-2.76460760e-01-1.22669193e-02j
-2.03956065e-01+2.67547400e-03j
-3.09919241e-03+7.94995302e-03j
1.61437119e-01+9.47838354e-03j
9.61004726e-02+1.55499298e-02j
-1.10418523e-01-8.19018253e-04j
-2.66909548e-01+1.11909187e-02j
-2.12335813e-01+6.59779972e-03j
-8.08915759e-04-7.36229564e-03j
1.64326522e-01+4.30437287e-03j
1.10150200e-01-4.31826713e-03j
-7.02901748e-02-3.67367686e-03j
-2.48175072e-01-9.88478124e-04j
-2.37892669e-01+6.28688647e-03j
-5.08501583e-02-2.56567610e-02j
1.36691462e-01-1.16367660e-02j
1.21072170e-01-1.59366506e-02j
-5.72561923e-02+5.76400742e-04j
-2.45894189e-01+1.89371688e-02j
-2.63139153e-01+1.37806611e-02j
-8.71608288e-02+1.75779874e-02j
1.11304392e-01+1.05761307e-02j
1.56457496e-01+1.38085599e-02j
-2.40510551e-02-1.03950000e-02j
-2.16839473e-01-3.51479001e-03j
-2.84833015e-01-5.65743441e-03j
-1.15879900e-01+6.68933480e-03j
9.29757167e-02+8.88986332e-03j
1.55820398e-01+1.89151247e-02j
2.49608555e-02-2.68266979e-03j
-1.77883910e-01+1.50234000e-02j
-2.71257921e-01+1.82378801e-02j
-1.25949076e-01+1.39380496e-02j
7.88792616e-02+1.13834130e-02j
1.72309645e-01-2.56646603e-03j
4.82380140e-02+1.30757537e-02j
-1.91603424e-01+6.03123416e-04j
-2.88555378e-01-5.87200872e-03j
-1.59641217e-01+4.36625003e-04j
4.84576914e-02-1.27529282e-02j
1.78919438e-01+1.27741574e-02j
9.95183756e-02+2.21950462e-03j
-1.45624468e-01-5.14921087e-03j
-2.80111867e-01-1.30814781e-03j
-2.03532658e-01-1.08337141e-02j
1.19103647e-02-1.70965038e-04j
1.59670494e-01-3.72864505e-03j
1.05188488e-01+9.08725448e-03j
-1.15000507e-01+1.06301878e-02j
-2.72082585e-01-6.65754876e-03j
-2.12444483e-01-9.80608994e-03j
-1.66254708e-02+1.07207300e-02j
1.48750726e-01+1.07214458e-02j
1.00947300e-01-5.53899473e-03j
-7.94713222e-02-6.46404969e-03j
-2.49423757e-01-1.34463738e-02j
-2.55234122e-01-8.06913664e-03j
-5.83321739e-02-1.02309613e-03j
1.37079402e-01-1.16029793e-02j
1.61139086e-01+1.01309916e-02j
-3.40877267e-02+1.83353604e-02j
-2.42301220e-01-3.11566925e-03j
-2.28914996e-01+1.90354390e-03j
-7.86428563e-02+3.89843303e-02j
6.43928607e-02-2.99257649e-03j
1.24299913e-01-1.06933013e-01j
6.47043336e-02-8.89137998e-02j
-7.33994276e-02+3.98517328e-02j
-2.50737284e-01+1.12845013e-01j
-1.92185495e-01+5.14982018e-02j
5.64069596e-02-4.48713465e-02j
1.75211144e-01-2.36865662e-02j
2.70620911e-02+9.17362528e-04j
-2.05427076e-01-2.76635743e-03j
-2.56054661e-01-2.41699967e-02j
-1.15894936e-01+7.05933954e-03j
7.54654069e-02+3.16698528e-02j
1.48618006e-01-1.10211432e-03j
3.34527022e-02-8.07535791e-03j
-1.58176134e-01+1.48979687e-02j
-2.92474957e-01+1.34237596e-02j
-1.95198604e-01-1.45305397e-02j
3.73488380e-02-6.16043793e-03j
1.78668117e-01+4.48202241e-03j
7.82364443e-02+1.27394118e-02j
-1.19356002e-01-2.58895969e-03j
-2.76382695e-01-2.18783077e-02j
-1.84977789e-01+4.30285443e-03j
2.85902592e-02-4.09703275e-03j
1.72672621e-01+1.32389349e-02j
9.58589927e-02+6.08270988e-04j
-1.07583366e-01+3.64961146e-03j
-2.81219157e-01-4.98961427e-03j
-2.18087506e-01+1.11690514e-02j
-2.13424847e-02+7.32582864e-03j
1.43780276e-01-3.23112371e-03j
1.18659234e-01+3.27948754e-03j
-8.99674867e-02-6.57179296e-03j
-2.59426915e-01-5.90341982e-03j
-2.48935883e-01-1.04666220e-02j
-6.64408975e-02-9.10967673e-03j
1.25671262e-01-5.95072249e-03j
1.19768334e-01-9.83988053e-03j
-4.52354113e-02-9.04535381e-03j
-2.26179226e-01-1.73989920e-02j
-2.58003861e-01+3.12938600e-03j
-8.45703015e-02-9.17332261e-03j
1.17767321e-01-9.07487591e-03j
1.62349247e-01-1.18910846e-02j
-5.32459896e-03+1.22994672e-03j
-2.07633021e-01-1.09645705e-02j
-2.58025838e-01-1.39946099e-02j
-1.02430770e-01-2.81580085e-03j
1.02682408e-01-5.32278477e-03j
1.61829742e-01+2.32479006e-02j
1.81659620e-02-5.49696900e-03j
-1.78915232e-01+1.09632077e-02j
-2.60986742e-01+1.32126275e-04j
-1.28392297e-01+9.71682029e-04j
8.48491997e-02+5.12569748e-03j
1.75390759e-01+6.14405802e-03j
4.53527442e-02+2.86058165e-03j
-1.68871380e-01-7.02844397e-03j
-2.91244660e-01+2.44718862e-03j
-1.70279745e-01+2.40205046e-03j
4.88767287e-02+8.82814666e-04j
1.70368594e-01-5.53543867e-03j
8.80780436e-02-7.02232119e-03j
-1.44268878e-01-9.93255218e-03j
-2.76240656e-01-4.68869455e-03j
-1.88779465e-01-1.66580851e-03j
1.75912982e-02-1.28388211e-02j
1.47373696e-01-1.82505088e-02j
8.45205746e-02+7.08240374e-04j
-1.12165746e-01+1.80242436e-02j
-2.64122605e-01+6.03077214e-03j
-2.49330202e-01-4.81007389e-03j
-3.41626121e-02+2.25473689e-02j
1.50911590e-01+2.04198472e-02j
1.54193492e-01+1.44495505e-03j
-7.84185306e-02-2.56592607e-02j
-2.57509797e-01-6.81031359e-03j
-2.25098689e-01-8.59171096e-03j
-6.33095439e-02-4.40330860e-02j
6.27526653e-02-1.42003196e-02j
8.18853413e-02+8.02438994e-02j
2.08679650e-02+9.97808350e-02j
-1.08540804e-01-1.77274630e-02j
-2.30544882e-01-1.05675578e-01j
-1.43747835e-01-7.26232890e-02j
6.25956117e-02+1.68954583e-02j
1.70207231e-01+3.10759701e-02j
6.25306851e-03+4.25794116e-03j
-2.26964093e-01+1.39516182e-02j
-2.56676618e-01+2.66331845e-02j
-8.09117799e-02-2.89610021e-03j
1.05869627e-01-2.14411881e-02j
1.47341485e-01-4.22751784e-03j
2.79512512e-02+4.66911748e-03j
-1.99384200e-01-7.58913729e-03j
-2.88038197e-01-1.24363184e-02j
-1.71717906e-01+3.83414330e-03j
5.69683044e-02+1.79084518e-02j
1.59320399e-01+7.78339729e-03j
6.55702913e-02-1.24093575e-02j
-1.67957400e-01+7.76165164e-03j
-2.73370625e-01+8.47482250e-03j
-1.65907756e-01+6.85825605e-03j
6.66550955e-02-1.15455564e-03j
1.74221169e-01-1.42417103e-02j
1.07859743e-01-3.11556208e-03j
-1.32241484e-01-3.17277137e-03j
-2.68413025e-01-9.86561914e-03j
-1.97403106e-01+5.52097038e-04j
1.07308611e-02-5.81852085e-03j
1.62524185e-01+1.64241476e-03j
9.25198966e-02-6.84591922e-03j
-1.15150759e-01+1.80110516e-03j
-2.88577667e-01-4.68997624e-03j
-2.52377346e-01+7.88544951e-03j
-3.20187364e-02+9.07657970e-03j
1.54384963e-01-2.85424545e-03j
1.32890248e-01+2.48206577e-03j
-7.85047356e-02+1.29505459e-02j
-2.45643955e-01+5.97628552e-03j
-2.38419508e-01+5.89395920e-03j
-2.75317909e-02+1.52857643e-02j
1.61363396e-01+6.01128569e-03j
1.50105553e-01-3.88994916e-03j
-4.99935218e-02+1.67360367e-02j
-2.34026108e-01+3.26132717e-03j
-2.45091362e-01+1.26605939e-02j
-7.76439100e-02+1.46222980e-02j
9.37037775e-02+1.02293296e-02j
1.13786831e-01+5.16236554e-03j
-3.47912622e-02-3.03727127e-03j
-2.04392042e-01-9.30499784e-03j
-2.70406951e-01-1.04969101e-02j
-1.29030513e-01+2.73017389e-04j
8.58098617e-02-1.17882994e-02j
1.65710084e-01-2.06330448e-02j
3.29419194e-02-3.34419668e-03j
-1.95258711e-01-1.50875559e-03j
-2.80886011e-01+7.10904810e-03j
-1.73413785e-01-2.08279144e-02j
7.44165660e-02+3.45056408e-03j
1.67081886e-01-1.07317012e-02j
2.81547795e-02+8.32943446e-03j
-1.84933801e-01+1.53686416e-02j
-2.86518250e-01-3.46079159e-03j
-1.74698731e-01-3.50255109e-03j
2.73036796e-02+1.06794431e-02j
1.51190872e-01+3.13424100e-02j
6.92440943e-02+2.72269909e-03j
-1.13890531e-01-1.65917628e-02j
-2.57021953e-01-1.44740698e-02j
-1.96752521e-01+4.86363890e-03j
5.66036449e-03-1.72450756e-02j
1.75487584e-01-5.19135082e-03j
1.26469168e-01+7.62058620e-03j
-1.27290710e-01+1.73180458e-02j
-2.81822844e-01+1.66518610e-02j
-2.24733714e-01-9.40330635e-04j
-2.42574924e-02+3.70136556e-02j
8.68017851e-02+2.72641686e-02j
6.08922321e-02-5.90418412e-02j
-1.65996876e-02-1.22344903e-01j
-8.96220907e-02-4.94357275e-03j
-1.91735827e-01+1.04819259e-01j
-1.22079059e-01+7.25668630e-02j
6.05594369e-02-3.22300537e-02j
1.34154857e-01-2.42545479e-02j
-5.34780742e-02-9.36192669e-03j
-2.60600922e-01-9.74704567e-03j
-2.66381254e-01-1.89350031e-02j
-5.03653670e-02-4.10685753e-03j
1.23266316e-01+1.38837876e-02j
1.43662034e-01+1.55995116e-02j
1.31013976e-02+4.99365222e-03j
-1.80331362e-01+3.54221132e-03j
-2.69524676e-01+5.54534791e-03j
-1.44183503e-01+7.73286031e-03j
1.02712088e-01-9.83680478e-03j
1.61217238e-01-1.35012240e-02j
9.62218820e-04-5.48755654e-03j
-2.01041022e-01-2.92493891e-03j
-2.68710737e-01-1.08526346e-02j
-1.31292530e-01-9.34266832e-03j
6.67770804e-02+4.16882065e-03j
1.93357704e-01+6.15918493e-03j
1.00994537e-01+9.23569684e-03j
-1.60697627e-01+1.86803990e-02j
-2.83852868e-01-8.87731940e-03j
-1.66502788e-01+6.27186049e-03j
5.07782797e-02-7.68671141e-03j
1.43267124e-01+1.87757408e-03j
3.78610723e-02+3.10800268e-03j
-1.37850693e-01-3.88061237e-03j
-2.80084641e-01+2.09762835e-03j
-2.26437577e-01-2.65509607e-03j
2.84789446e-02-3.12119550e-03j
2.08396528e-01-4.89879641e-03j
1.25144071e-01-5.51809253e-03j
-1.18539972e-01-1.48292689e-03j
-2.44007479e-01-7.39382661e-03j
-2.17868881e-01+5.60345953e-03j
-6.68042288e-02-3.91522824e-03j
1.00923182e-01-1.20169535e-02j
1.34230613e-01-3.03326626e-03j
-6.00340179e-02-4.84443398e-03j
-2.67859224e-01-3.21643874e-03j
-2.06213528e-01-8.88998726e-03j
5.68963242e-03-1.32712922e-02j
1.31356786e-01+3.54736852e-03j
1.03931456e-01-2.15926153e-03j
-1.61879694e-02-1.25230911e-03j
-2.52019929e-01-2.84493698e-03j
-3.64680916e-01+8.72466855e-03j
-1.46769906e-01+1.04890854e-02j
1.32650811e-01+4.85275804e-03j
1.28999533e-01-5.20935634e-03j
-2.55804617e-02-6.03678227e-05j
-7.15754662e-02-3.29269657e-03j
-1.12428339e-01+2.80129379e-03j
-1.44467459e-01+1.78149169e-03j
6.46524334e-02+1.21689371e-02j
2.68425658e-01+4.47328196e-03j
-1.82841168e-01-1.90187905e-04j
-7.42989323e-01-1.22394570e-02j
-3.86930201e-01-1.69154325e-02j
5.55783382e-01-6.94836171e-04j
7.34933017e-01+5.57030458e-03j
-1.93546494e-02-1.74523628e-02j
-5.15505979e-01-9.52256673e-03j
-3.65136167e-01+6.18145622e-03j
-1.87829369e-01+2.15483462e-02j
-1.95227947e-01-4.62257599e-03j
1.93916830e-02-3.79325133e-04j
3.25494910e-01+1.60544803e-02j
2.31705397e-01-4.64701192e-03j
-1.40884206e-01-2.34298799e-02j
-2.78513515e-01-2.22370787e-02j
-1.44485129e-01-1.14457020e-02j
-5.54307754e-02-2.73087173e-02j
4.81186536e-04-2.90702780e-02j
2.31828252e-02+5.34872356e-02j
-5.18698121e-02+1.12770122e-01j
-1.54988981e-01+2.80324951e-02j
-1.36150480e-01-9.03857259e-02j
-3.51680744e-03-8.54389995e-02j
1.05571802e-01+2.64089009e-03j
9.70443894e-02+3.89507966e-02j
-4.91506415e-02+4.67529650e-03j
-2.46922062e-01+8.05266664e-03j
-2.92256233e-01+2.20952235e-02j
-8.11089158e-02+1.31487198e-02j
1.45093438e-01-8.41001057e-03j
1.41638478e-01-1.06208009e-02j
-4.11591620e-02-8.04853358e-03j
-1.95784592e-01-1.13182791e-02j
-2.12956568e-01-1.17908024e-02j
-1.00769490e-01-8.27794921e-03j
7.66329192e-02+7.15718392e-03j
1.66025349e-01+2.53104772e-03j
5.35474613e-03+7.73082315e-04j
-2.53671354e-01-6.37957357e-04j
-2.91520464e-01+2.45838200e-03j
-1.06082140e-01+5.68018150e-03j
1.14135337e-01+8.77172412e-03j
1.61557867e-01+9.89210153e-04j
3.83606697e-02-1.56944966e-02j
-1.51845903e-01-5.52236754e-03j
-2.56707008e-01+1.12339322e-02j
-1.67040902e-01+1.53179325e-03j
8.46204972e-02-2.74166271e-03j
1.60357575e-01-1.74042236e-02j
3.43352643e-02-3.70696192e-03j
-1.87161311e-01+1.26222364e-03j
-2.81625246e-01+4.34020721e-04j
-1.84822887e-01+6.25376307e-03j
2.60311224e-02+2.42760957e-03j
1.72615056e-01+1.18703573e-02j
8.68797003e-02+8.20087111e-03j
-1.14743753e-01-5.59077969e-03j
-2.61405413e-01+9.73454113e-03j
-1.97019908e-01+1.53632666e-02j
-8.73723437e-04+2.84333255e-03j
1.54084825e-01-3.79217972e-03j
9.61174532e-02+1.10425090e-02j
-1.10491940e-01-5.22034434e-03j
-2.63462091e-01+3.18601960e-03j
-2.25076228e-01-5.31848226e-03j
-3.12169026e-02-2.54827945e-03j
1.44668375e-01+1.47227278e-02j
1.44606870e-01-6.21111340e-03j
-6.43601714e-02-6.09717615e-04j
-2.70614004e-01-4.13440096e-03j
-2.48528766e-01-3.58987723e-03j
-6.35578804e-02-5.73810955e-03j
1.37603236e-01-5.09347161e-03j
1.25946609e-01-9.91409162e-03j
-5.54422938e-02+5.54347485e-03j
-2.30305410e-01+1.14921685e-02j
-2.60019138e-01-6.49578230e-04j
-9.38844674e-02-1.26237252e-02j
1.26402202e-01+1.15538693e-03j
1.79836209e-01-6.88277526e-03j
2.13584971e-02-1.29412147e-06j
-2.02484716e-01+1.00202902e-02j
-2.65307015e-01+6.73061538e-03j
-1.26917568e-01-9.72976728e-03j
1.00457511e-01-7.20134527e-03j
1.65153837e-01+1.12192987e-02j
-4.88050533e-04+7.35617376e-03j
-2.13144005e-01-2.11642410e-03j
-2.70965622e-01-1.88918543e-02j
-1.42416318e-01-1.21578369e-02j
4.93109051e-02-4.04844948e-03j
1.72180557e-01-2.36616730e-02j
8.53180012e-02+2.28802892e-03j
-1.20647146e-01+1.20353359e-02j
-2.70773540e-01+2.51195265e-02j
-1.62520623e-01-1.57647492e-02j
3.50353982e-02+2.91053118e-02j
1.21620866e-01+4.04121309e-02j
4.65926758e-03-4.52248973e-02j
-1.26384171e-01-1.03624826e-01j
-1.78453353e-01-4.29980305e-02j
-1.28855975e-01+9.48446392e-02j
-4.60318858e-02+1.01594290e-01j
6.36045537e-02+2.30366082e-03j
9.95774486e-02-4.90452845e-02j
-8.21038198e-02-2.18869809e-02j
-2.61944860e-01-6.65541327e-03j
-2.08031997e-01-1.46457794e-02j
1.70946967e-02-1.91306093e-02j
1.60442661e-01+2.38834250e-02j
1.27840319e-01+1.46407577e-02j
-6.66715455e-02+3.08115147e-03j
-2.50753146e-01-1.47889944e-03j
-2.58009375e-01+2.92826117e-03j
-8.51374356e-02-4.99351384e-04j
1.00160941e-01-1.39208977e-02j
1.28967717e-01-1.13486220e-02j
-4.79799591e-02-6.09393590e-03j
-2.36642795e-01-7.52775789e-03j
-2.43215530e-01-2.67811466e-02j
-7.48195250e-02-1.37487437e-02j
1.26226884e-01+6.33965779e-03j
1.52097317e-01+4.18440558e-03j
-2.22705640e-04+2.00869209e-02j
-1.94789725e-01+3.16102395e-03j
-2.54575325e-01+4.70362447e-03j
-1.07175341e-01-1.73435541e-03j
8.74111861e-02+4.21327917e-03j
1.63276156e-01+1.28330555e-02j
3.39782013e-02+1.88058155e-02j
-1.81978157e-01-1.77354110e-03j
-2.72509918e-01+3.36454533e-03j
-1.75225786e-01+3.37931795e-04j
4.61487228e-02-1.50987087e-02j
1.56655448e-01-3.98624635e-03j
4.86335732e-02-4.87127681e-03j
-1.76295391e-01+8.34790118e-04j
-2.62619895e-01-9.31177080e-03j
-1.89941476e-01+3.35367748e-04j
3.09030700e-02+2.86345532e-03j
1.73737793e-01+2.25061981e-02j
9.44235877e-02-1.60974904e-02j
-1.28231094e-01+2.40101243e-03j
-2.65953260e-01-2.47898926e-03j
-1.93252792e-01-5.81082785e-03j
1.85840285e-02-1.90170634e-03j
1.58342341e-01-8.83610050e-03j
1.04670905e-01-2.95493383e-03j
-9.71570132e-02-5.64096413e-03j
-2.70932444e-01-9.31747465e-03j
-2.54407652e-01+1.80043959e-03j
-2.93036091e-02+1.22850628e-02j
1.43524922e-01+1.84315444e-02j
1.28831578e-01+3.39058843e-03j
-6.53311277e-02+1.92952201e-04j
-2.50972367e-01-4.11643408e-03j
-2.37332836e-01-1.17698985e-02j
-7.80785277e-02-7.49920053e-03j
1.14720723e-01+1.13863947e-03j
1.26597882e-01-2.11885052e-03j
-3.39576215e-02-3.03953380e-03j
-2.23526295e-01-7.76093195e-03j
-2.63770669e-01-1.01976793e-02j
-9.10795210e-02-1.07691578e-02j
1.16215430e-01+2.37778533e-03j
1.65722958e-01-1.11892442e-02j
1.79917935e-03-1.08848893e-03j
-2.21004782e-01+6.76577195e-03j
-2.56055002e-01+1.85862436e-02j
-1.10896802e-01+1.39920359e-02j
7.95509177e-02+5.75231883e-03j
1.70997793e-01+1.36472989e-02j
5.34373252e-02+1.40291885e-02j
-1.48856607e-01-1.99631187e-02j
-2.74625599e-01-2.12899870e-02j
-1.28819154e-01+5.78075480e-03j
7.40110803e-02-1.05592217e-02j
1.44676753e-01-4.10460779e-02j
-8.07889496e-03+2.52137435e-02j
-1.62089973e-01+9.83814710e-02j
-1.64222251e-01+5.35468247e-02j
-7.54689350e-02-7.18475234e-02j
-2.42343382e-03-9.10881145e-02j
8.11292467e-02-1.40286045e-02j
6.81498135e-02+3.53151135e-02j
-9.39385798e-02+1.75708989e-02j
-2.63206568e-01-1.51011385e-03j
-2.15309126e-01+1.67935127e-02j
1.50544043e-02+1.29496595e-02j
1.66233601e-01-1.61113726e-02j
9.54686216e-02-2.01859958e-02j
-1.04886470e-01-4.76702087e-03j
-2.62012630e-01-4.21153818e-03j
-2.23530670e-01-7.24280229e-03j
-4.57627424e-02-1.26521082e-03j
1.27490195e-01+1.11795734e-02j
1.22534824e-01+1.03566759e-02j
-6.16115000e-02+1.04735390e-02j
-2.43750890e-01+1.03613589e-02j
-2.48923045e-01+3.15418878e-02j
-4.52531600e-02+6.83881087e-03j
1.37948649e-01-2.95587386e-03j
1.64366505e-01-3.28716722e-03j
-3.36202240e-02-1.92903039e-02j
-2.14728609e-01-5.85699840e-03j
-2.76830882e-01-2.22546101e-03j
-8.61653281e-02+5.16789372e-03j
1.11320140e-01+5.70224985e-03j
1.54765600e-01-1.63920152e-02j
5.88855226e-03-1.11957936e-02j
-2.21090989e-01-6.96598781e-03j
-2.72389480e-01-1.21836114e-02j
-1.31111994e-01+2.02915204e-02j
6.83515518e-02-7.63139522e-03j
1.44729622e-01+4.63420109e-03j
2.74958414e-02+8.65296182e-03j
-1.90181080e-01+2.16410235e-02j
-2.74419656e-01+1.05321641e-02j
-1.53761345e-01+1.32190580e-02j
4.73504523e-02+7.77819042e-03j
1.68080077e-01+6.74187490e-03j
6.24573242e-02+5.45289443e-03j
-1.36142698e-01+1.22087001e-03j
-2.73853952e-01-9.02151387e-03j
-1.89391810e-01-7.71792183e-04j
2.16484015e-02+1.31216881e-02j
1.67262242e-01+5.32807921e-03j
8.50586401e-02+3.96282653e-03j
-1.18988068e-01+1.87318863e-03j
-2.72062238e-01-9.96343907e-04j
-2.26255243e-01-5.51724289e-03j
-2.17503803e-03-3.90790936e-03j
1.58176035e-01-2.39651581e-03j
1.17440057e-01-9.43134607e-03j
-9.24101729e-02+4.61780311e-03j
-2.68458042e-01-1.23683615e-03j
-2.31388528e-01-6.27795262e-03j
-4.43705180e-02-4.08598681e-03j
1.43828811e-01-5.74087790e-03j
1.42031883e-01-1.69368546e-02j
-6.10639954e-02+1.07934100e-03j
-2.37489745e-01+1.27260753e-04j
-2.53857621e-01+1.24850883e-02j
-5.12285723e-02+1.25128579e-02j
1.52201762e-01+8.06009003e-03j
1.53881122e-01+6.09786304e-03j
-4.73876915e-02-6.00502588e-03j
-2.45360582e-01-3.33047135e-03j
-2.67727783e-01-1.25778876e-02j
-1.09505474e-01-5.35977128e-03j
9.30714565e-02-1.13276685e-03j
1.62536623e-01-2.99012466e-02j
8.80742253e-03-8.65867044e-03j
-1.93818598e-01+1.16538805e-02j
-2.78150504e-01+1.45304080e-02j
-1.29680107e-01+4.48602449e-03j
1.04745293e-01+1.91660197e-02j
1.35605331e-01+3.76965623e-02j
-4.73912881e-02-1.75776927e-02j
-2.13076720e-01-1.01727024e-01j
-1.69842443e-01-7.12905542e-02j
-4.47019271e-02+6.73674106e-02j
3.86503755e-02+1.12196318e-01j
9.02921707e-02+2.29876606e-02j
4.20330236e-02-3.59900883e-02j
-1.37656160e-01-1.78325568e-02j
-2.81252460e-01-4.80543314e-03j
-1.92601975e-01-2.13019085e-02j
4.10738176e-02-2.63370060e-02j
1.83393475e-01+5.23593826e-03j
8.60195385e-02+1.95795608e-02j
-1.25795913e-01-1.82501330e-03j
-2.76756541e-01-1.16349230e-02j
-2.09936389e-01+2.24385809e-02j
-2.37258827e-02+7.01012959e-03j
1.37730236e-01-1.17005530e-02j
1.07866818e-01-7.53942886e-03j
-8.57260914e-02+6.59768073e-03j
-2.56129965e-01+4.52760141e-04j
-2.39958518e-01+7.56785026e-04j
-1.95170291e-02-1.21427495e-02j
1.42529628e-01-7.18352511e-03j
1.55763217e-01-3.02693321e-03j
-4.69382228e-02-2.81737449e-04j
-2.34030190e-01+2.83347564e-03j
-2.53769569e-01+1.12737969e-02j
-6.53713605e-02+1.07876768e-02j
1.20584596e-01+6.75004017e-04j
1.48140072e-01+9.51995462e-03j
-1.01443020e-02+1.73214327e-02j
-2.25700699e-01-7.17040367e-03j
-2.81826676e-01+1.53842656e-02j
-1.24630194e-01+1.70943721e-03j
8.78326397e-02-8.67786325e-03j
1.61802713e-01-1.30138282e-02j
2.17253538e-02-4.22769163e-03j
-2.00634139e-01-1.04350082e-02j
-2.70889597e-01-1.69871416e-02j
-1.15533575e-01-8.15317583e-03j
9.47664712e-02-6.65521297e-03j
1.79322834e-01-7.48993359e-03j
4.95304439e-02-2.14324329e-03j
-1.70146842e-01+5.28585146e-03j
-2.65284293e-01+4.37150834e-05j
-1.49745441e-01+1.15665997e-02j
6.10645206e-02-1.42266456e-02j
1.59454180e-01-1.24503657e-02j
3.99353444e-02+1.26037090e-03j
-1.62632227e-01-7.15709408e-03j
-2.80827831e-01-5.03352947e-03j
-1.93810244e-01+6.36499147e-04j
2.73381910e-02+1.26174512e-03j
1.60114513e-01+1.10182228e-02j
7.11976161e-02+7.18342968e-03j
-9.90712761e-02+1.11106733e-02j
-2.56112200e-01+1.50142593e-02j
-2.07915225e-01+1.09294347e-03j
-7.30084850e-03+1.68400358e-02j
1.57490622e-01+3.39770738e-03j
1.21132034e-01+9.64697945e-03j
-8.71895544e-02+1.07030641e-02j
-2.71058170e-01-6.76052975e-03j
-2.47274291e-01-6.63357275e-03j
-3.86701064e-02+7.88032134e-03j
1.49074611e-01-7.93676016e-03j
1.15674707e-01-9.41636458e-03j
-7.58579573e-02-2.11525324e-02j
-2.44951387e-01-1.38516784e-03j
-2.24086469e-01+1.14386240e-02j
-5.53122148e-02+9.59407370e-03j
1.22764383e-01+6.32379227e-03j
1.24480372e-01+1.37656437e-02j
7.10371772e-03+4.24212144e-03j
-2.04112719e-01-1.30197098e-02j
-2.84126535e-01-2.57559412e-02j
-1.32147255e-01-5.42712672e-03j
1.19990479e-01-2.36314899e-03j
1.37382354e-01-4.60726816e-02j
-7.39205880e-02-7.25141265e-03j
-2.42262767e-01+8.99962022e-02j
-1.69830745e-01+9.02103147e-02j
5.04533236e-03-4.13443314e-02j
9.70027323e-02-1.10943978e-01j
9.61795618e-02-3.53658171e-02j
-8.36693879e-03+3.32411182e-02j
-1.80386460e-01+3.46742830e-02j
-2.95094309e-01+9.05305635e-03j
-1.97600856e-01+1.19260324e-02j
7.39532434e-02+2.89320341e-02j
1.86864203e-01-1.00067625e-02j
6.54843790e-02-1.86020437e-02j
-1.50227156e-01-1.22093897e-02j
-2.55453171e-01-5.88658280e-03j
-1.59713669e-01-4.66544376e-03j
1.99130383e-02-1.57208141e-02j
1.44863689e-01+3.41076590e-03j
9.53067796e-02+1.59754581e-02j
-1.40352115e-01+5.37971544e-04j
-2.90484281e-01-2.89178272e-03j
-2.27839347e-01-3.22955504e-03j
-2.12868144e-03+1.19524193e-02j
1.55492087e-01-2.29342380e-03j
1.13974415e-01-4.86767814e-03j
-6.59134380e-02-1.16426306e-03j
-2.19332980e-01-1.08102734e-02j
-2.34439954e-01-7.29984548e-03j
-4.28923043e-02+2.32934602e-03j
1.53803322e-01-9.54989204e-04j
1.26824696e-01-2.11684537e-02j
-8.78631143e-02-1.05846523e-02j
-2.77877763e-01-5.42883646e-03j
-2.36562108e-01-2.32706873e-03j
-6.32829751e-02-4.32840420e-03j
1.04404084e-01+4.62586916e-03j
1.61758994e-01+6.13735325e-03j
2.21487091e-02-5.72452551e-03j
-2.22885526e-01+7.21013030e-03j
-2.61879634e-01-2.97288301e-03j
-8.79208976e-02-1.96516574e-03j
9.41920741e-02+4.44805194e-03j
1.09267208e-01+1.48819151e-02j
-2.94800784e-02-3.08387415e-04j
-1.81047733e-01-2.13986258e-03j
-2.81567168e-01-2.12613164e-03j
-1.43271408e-01+6.35735624e-03j
1.39412072e-01-4.51906193e-03j
2.19689068e-01+1.25741807e-02j
1.47570443e-02-4.35850300e-03j
-1.82225697e-01+8.02402293e-03j
-2.68225753e-01+2.49949234e-04j
-2.17275477e-01+4.76329762e-03j
-6.22818332e-02-3.23328735e-03j
1.53106877e-01-1.86975429e-02j
1.01793315e-01+3.49727006e-03j
-1.88710053e-01-2.43386610e-03j
-2.39677194e-01-5.89325833e-03j
-2.48475752e-02+4.73364416e-03j
1.24865081e-01+4.36221067e-03j
1.04205759e-01-8.61193155e-03j
1.30049891e-01-8.85083835e-03j
-5.86096155e-02-6.06084234e-03j
-6.16575909e-01+4.49162806e-03j
-7.47215590e-01+1.22797033e-02j
1.48366623e-01+7.94186039e-03j
9.90111595e-01-4.95738188e-03j
5.53043917e-01+1.90778444e-04j
-4.82284279e-01+5.89788048e-03j
-7.50215746e-01-6.75989244e-04j
-2.78580055e-01-7.04226440e-03j
5.46198989e-02-2.41661430e-03j
7.91496643e-02-1.32812124e-03j
1.69575490e-01-1.06529074e-02j
1.35466901e-01-1.13473044e-02j
-1.45705212e-01+1.26230782e-02j
-2.85993075e-01+2.55336848e-02j
-5.83869194e-02+1.83269009e-02j
1.52164861e-01+1.07256061e-03j
4.14905412e-02+2.94966593e-02j
-1.76657345e-01+9.69755255e-03j
-2.63747446e-01-7.91024909e-02j
-1.94857826e-01-1.01853725e-01j
2.67015782e-03+3.47704321e-02j
1.65043823e-01+1.27289289e-01j
1.51504772e-01+6.12180060e-02j
-2.54181529e-02-4.24991244e-02j
-2.17501398e-01-2.80462216e-02j
-2.56667961e-01+6.99496731e-03j
-1.53144924e-01-3.26527785e-03j
3.76847819e-02-1.85871297e-02j
1.61027680e-01-3.90492588e-04j
5.83236053e-02+1.97690668e-02j
-1.93208449e-01+3.57866082e-03j
-2.73993952e-01-8.78721202e-03j
-1.23151225e-01+7.64171578e-03j
8.61929808e-02+4.80605303e-03j
1.31885566e-01-2.31743178e-02j
7.03806475e-02-1.09492292e-02j
-1.25791276e-01-1.08781652e-02j
-2.87809839e-01-8.68590299e-03j
-2.42001630e-01-1.60293985e-02j
6.53271707e-03+8.53131525e-04j
1.81849104e-01-2.66893031e-03j
1.10684278e-01-7.22622521e-03j
-1.17394402e-01-7.94359692e-03j
-2.34499752e-01+1.97594096e-02j
-1.80459950e-01+7.83595710e-03j
-7.92242366e-03+5.06407447e-03j
1.62547935e-01-5.73223410e-04j
1.20957246e-01-3.05956877e-03j
-7.78656817e-02-7.47651201e-03j
-2.86936835e-01+1.86838807e-02j
-2.77861574e-01+1.80316238e-03j
-3.80898205e-02-4.25385386e-03j
1.41491055e-01-1.58332552e-02j
1.29956592e-01-7.98694941e-03j
-3.36454265e-02+9.84719723e-05j
-2.20276695e-01-1.91198306e-02j
-2.31090714e-01-1.71372800e-03j
-8.78868764e-02-3.76328852e-03j
1.27520568e-01-1.41998964e-02j
1.50366270e-01-2.40442198e-03j
-2.61659801e-02-8.73590351e-03j
-2.44735631e-01-1.92497390e-02j
-2.55856885e-01-2.26978235e-03j
-1.01490327e-01-9.07700719e-03j
1.15181382e-01+7.01925137e-03j
1.54123100e-01-1.89081243e-02j
-3.98516278e-03-2.32350664e-02j
-1.98358418e-01-5.50821228e-03j
-2.75051141e-01-5.15131922e-03j
-1.51877256e-01-9.32729389e-03j
8.03624584e-02-3.60326651e-03j
1.65478060e-01+1.08177867e-02j
3.07494511e-02+4.92883061e-03j
-2.00560128e-01-3.87121342e-04j
-2.90351426e-01+3.06108176e-03j
-1.56028759e-01+5.78980050e-03j
4.25718516e-02+9.57563320e-04j
1.63726544e-01+1.77434341e-02j
7.99754365e-02+1.07541438e-03j
-1.16277444e-01+2.47007546e-04j
-2.37610665e-01-9.16521058e-04j
-1.70110704e-01-1.35165733e-02j
2.95325037e-02+4.78121980e-03j
1.71216124e-01+8.20947465e-03j
1.03264968e-01-1.10133326e-02j
-1.18943390e-01-4.76652727e-03j
-2.97250566e-01-6.94137430e-03j
-2.42129648e-01-3.18426421e-04j
-7.72863342e-03+8.40843345e-03j
1.59589395e-01-8.59957264e-03j
1.05509046e-01+1.99708983e-02j
-8.04826740e-02+1.20020297e-02j
-2.03195151e-01-1.99883283e-02j
-2.15682075e-01-2.36671916e-02j
-4.65039754e-02-1.35411681e-02j
1.30081721e-01-5.34809807e-03j
1.30410620e-01-4.54731269e-02j
-1.19243042e-01-2.46984731e-02j
-3.18178480e-01+6.87187487e-02j
-2.17555931e-01+1.09323568e-01j
2.85634236e-02-1.21915127e-02j
1.63138863e-01-1.12125632e-01j
7.92444824e-02-7.38466126e-02j
-7.54855021e-02+3.45679644e-02j
-2.33926183e-01+2.86007707e-02j
-2.72512732e-01+5.39030435e-03j
-1.04149744e-01+1.61372276e-02j
1.20081676e-01+2.64309162e-02j
2.00039633e-01+1.92819750e-03j
2.54456293e-02-1.94392431e-02j
-2.11591652e-01-6.40140083e-04j
-2.68150248e-01-6.51869963e-03j
-1.45442739e-01+2.96226572e-03j
7.21679915e-02-1.55452442e-02j
1.31704245e-01+2.92992732e-03j
1.62323619e-02+1.21469821e-03j
-1.90465266e-01+9.56022795e-03j
-2.69457789e-01-5.70338967e-03j
-1.69239636e-01+8.80434722e-03j
5.50549112e-02+1.82817178e-02j
1.69804816e-01-4.74844812e-03j
8.94579217e-02-8.54192096e-03j
-1.36107294e-01-1.40619413e-02j
-2.65302894e-01+3.73651560e-03j
-1.82965552e-01-9.66506743e-03j
2.76760007e-02-2.68470221e-03j
1.67257154e-01-1.35257730e-02j
8.78415589e-02+5.99567800e-03j
-1.02407126e-01-1.57757358e-02j
-2.72783324e-01+1.16567837e-03j
-2.12612886e-01-1.24180181e-02j
-1.02434306e-02+6.56731727e-03j
1.41776954e-01+3.05104682e-03j
1.03915443e-01-1.53967683e-03j
-8.39547366e-02+1.41401287e-02j
-2.81422305e-01+1.42980826e-02j
-2.29204712e-01+1.39432940e-02j
-3.95711202e-02+1.08934079e-02j
1.31974266e-01+1.59604075e-02j
1.37877751e-01-6.68959034e-03j
-5.77328040e-02+8.29541626e-04j
-2.44877426e-01+1.64499239e-02j
-2.46211959e-01+5.43867878e-03j
-8.02222510e-02+7.63705143e-03j
1.36974042e-01-6.12092668e-03j
1.58663268e-01+5.18948855e-03j
-1.84510101e-02+1.95658676e-02j
-2.03152056e-01-8.00358127e-04j
-2.73407778e-01+5.76228828e-03j
-1.18722978e-01+5.07266759e-03j
9.88410680e-02-2.18628717e-03j
1.46595029e-01-1.63119740e-02j
1.30243644e-02-1.08449334e-02j
-1.98623282e-01-2.03763102e-02j
-2.67951796e-01+1.62731744e-02j
-1.38112304e-01+1.44484322e-03j
6.66076916e-02+1.11878096e-03j
1.43193379e-01-7.50663206e-03j
3.72605169e-02+1.05665024e-03j
-1.77338098e-01-7.90966547e-04j
-2.67624851e-01+1.21671375e-02j
-1.61429711e-01+1.01789873e-02j
4.25959391e-02+1.31149367e-04j
1.72879402e-01+5.74994166e-03j
7.64348871e-02-3.68489190e-03j
-1.33274822e-01+1.63052932e-02j
-2.82215593e-01-6.42620450e-03j
-2.10287426e-01-1.66379701e-02j
5.79646865e-03-8.01124149e-03j
1.63481693e-01+3.39257007e-03j
8.08716808e-02+3.60446942e-03j
-1.15705967e-01-1.31537132e-02j
-2.33114336e-01+3.18440636e-03j
-1.95152725e-01+2.82304284e-02j
-2.26377912e-02+1.43498722e-02j
1.71532533e-01+4.11019073e-03j
1.36863377e-01+3.88360395e-02j
-1.28007148e-01+3.10322971e-02j
-3.22093590e-01-5.26167816e-02j
-1.90855035e-01-1.22216807e-01j
9.17143199e-02-1.22324570e-02j
2.01141039e-01+1.04796790e-01j
7.54662141e-02+8.16510495e-02j
-1.17563504e-01-1.55954184e-02j
-2.37950180e-01-5.00505624e-02j
-2.45026825e-01+3.26407392e-03j
-8.20700230e-02-4.59745049e-03j
1.29395947e-01-2.60006536e-02j
1.84754001e-01-4.10979617e-03j
-1.31478910e-02+1.29031922e-02j
-2.27485704e-01+1.03587045e-02j
-2.67141594e-01+3.75303477e-03j
-1.11028194e-01+4.00969617e-03j
1.04344159e-01+2.45144536e-02j
1.30445484e-01-3.47378119e-03j
-3.01627300e-03-5.96452806e-03j
-1.94259004e-01-1.20045463e-02j
-2.81011380e-01+1.39618580e-03j
-1.42465406e-01-5.61444505e-03j
7.66996792e-02-4.31604502e-03j
1.77908952e-01-4.18443469e-03j
5.14653040e-02-1.08419226e-02j
-1.68245352e-01+3.14653830e-03j
-2.74699957e-01+1.37319190e-02j
-1.65383792e-01+3.29993070e-03j
5.35001635e-02-5.29223966e-03j
1.56509758e-01-1.43273849e-02j
8.03595113e-02+6.58198909e-03j
-1.49011241e-01+9.87078279e-03j
-2.77409915e-01+7.16245840e-03j
-2.05243861e-01+5.18366463e-03j
1.88487732e-02+7.17550235e-03j
1.50542370e-01-1.05465328e-02j
1.00165748e-01-1.08786218e-02j
-1.22866444e-01+4.60513240e-03j
-2.74807802e-01-1.89859451e-02j
-2.29396501e-01-9.34361165e-03j
-6.95419120e-03+8.89876804e-03j
1.37586179e-01-2.32172326e-02j
1.17207818e-01-1.11527912e-02j
-7.47695408e-02+9.54797050e-03j
-2.57853476e-01+1.72490558e-03j
-2.41403137e-01+4.49348324e-03j
-4.81180358e-02-3.25258825e-03j
1.35462847e-01+7.44704608e-03j
1.30999526e-01+3.45563293e-03j
-4.91113546e-02-4.11650178e-03j
-2.38377722e-01-9.96831405e-03j
-2.38596659e-01-1.47164632e-03j
-7.20006878e-02-7.25009683e-03j
1.06343284e-01-7.58886336e-03j
1.58822371e-01+8.93846213e-03j
-2.10632262e-04+5.74159244e-03j
-2.11122363e-01-8.53108080e-03j
-2.42392048e-01+1.29201117e-02j
-1.15542589e-01-1.78281376e-03j
1.00720121e-01-1.96326617e-02j
1.53093897e-01+2.73951963e-03j
2.33057832e-02+1.32350083e-02j
-1.93002549e-01+3.81845824e-03j
-2.59541063e-01+3.01987117e-03j
-1.33806448e-01-6.72715343e-03j
7.67049823e-02-2.45076643e-03j
1.64659360e-01+4.63858838e-04j
5.37473598e-02-9.21798808e-04j
-1.74565137e-01-1.34656318e-02j
-2.78832581e-01+6.54613632e-06j
-1.92723515e-01+1.31882880e-02j
4.39624255e-02+1.47220706e-02j
1.50322652e-01-4.74482489e-03j
6.27129156e-02+3.24236893e-03j
-1.46806701e-01+1.44341119e-02j
-2.43231110e-01+1.48783502e-03j
-1.65931754e-01-2.27689422e-02j
8.93027157e-03-1.65889303e-02j
1.76350457e-01-7.80739393e-03j
1.06460274e-01-3.72523543e-02j
-1.58970997e-01-3.87269626e-02j
-3.37518748e-01+4.19885905e-02j
-2.07536873e-01+1.17992319e-01j
1.25681654e-01+3.52183520e-02j
2.29883549e-01-9.29232462e-02j
8.25759619e-02-8.98041960e-02j
-1.28391494e-01+1.00600091e-02j
-2.56858212e-01+1.96994625e-02j
-2.31170203e-01+1.51675676e-02j
-5.56595241e-02-9.24751503e-04j
1.36956863e-01+2.38552207e-02j
1.72139612e-01-1.33368567e-03j
-3.25336281e-02-2.60200020e-02j
-2.41713892e-01-9.22529836e-03j
-2.51661730e-01+5.68996132e-03j
-7.92777935e-02+4.80668547e-06j
9.29182450e-02-1.66625572e-02j
1.38370288e-01-8.85335345e-03j
-4.28462448e-02+4.75914812e-03j
-2.16245556e-01+5.35326578e-03j
-2.52919289e-01-3.39240084e-03j
-1.12477248e-01-6.46692092e-03j
1.01385822e-01+1.58247850e-02j
1.70927698e-01-2.25432863e-03j
2.29340746e-02+2.24578107e-03j
-1.73905239e-01-8.33528401e-03j
-2.34421911e-01-1.10111421e-02j
-1.27801747e-01-3.93082042e-03j
7.03965474e-02-9.15280816e-03j
1.68261722e-01+6.39090792e-03j
4.77480625e-02-1.42200183e-03j
-1.72498493e-01+1.34596904e-02j
-2.64793433e-01-1.30906571e-02j
-1.67123625e-01-9.35810998e-03j
3.02235505e-02+3.05597911e-03j
1.38849976e-01+7.18143953e-03j
6.30243175e-02+5.07296969e-03j
-1.40344415e-01+7.81754407e-03j
-2.82847932e-01+5.38605572e-03j
-1.89808106e-01+6.12844658e-03j
1.15365408e-02+6.32111300e-03j
1.80281410e-01-3.53420085e-03j
9.63458732e-02+7.45079353e-03j
-9.33696714e-02-5.04984072e-03j
-2.52234459e-01+1.33815707e-02j
-2.11435908e-01+9.17350495e-03j
-1.24551703e-02+1.99237747e-02j
1.56584010e-01-1.54778178e-03j
1.29554889e-01+8.76319801e-03j
-9.44750980e-02+1.26836086e-02j
-2.70458705e-01+1.93343659e-02j
-2.63248458e-01+2.68449252e-02j
-7.22084162e-02-3.32212940e-04j
1.36147533e-01-8.05771068e-03j
1.25811967e-01-3.11249396e-03j
-5.22546818e-02-1.10185896e-02j
-2.18442117e-01-1.11703917e-03j
-2.31744682e-01-1.39149223e-03j
-5.63647712e-02-1.86612928e-02j
1.12951954e-01-3.38954022e-03j
1.40311633e-01-2.22006274e-03j
-1.02396401e-02-2.32489274e-03j
-1.96346889e-01-1.29610919e-02j
-2.55682659e-01-7.60234506e-03j
-1.24473170e-01+3.62816527e-03j
7.82714070e-02-3.63307274e-03j
1.65401201e-01+9.94915767e-03j
2.28151946e-02+3.61582326e-04j
-2.04872277e-01+1.30182952e-02j
-2.83083169e-01+3.62412927e-03j
-1.40415303e-01-1.28179501e-02j
7.83426807e-02-1.54341869e-02j
1.76387295e-01+1.17468476e-03j
4.20657091e-02-6.98224171e-03j
-1.54515208e-01-2.11020489e-02j
-2.48028283e-01-4.28292502e-03j
-1.61458359e-01+2.61323087e-02j
3.07348002e-02+1.28405705e-02j
1.50706957e-01-1.32672035e-02j
8.10842907e-02+1.28515621e-02j
-1.68211099e-01+4.47078879e-02j
-3.65007288e-01-2.11435470e-02j
-1.89090713e-01-1.16813638e-01j
1.57994402e-01-6.21598061e-02j
2.70842658e-01+8.96634657e-02j
5.86846011e-02+1.03792103e-01j
-1.91735882e-01+3.37007709e-03j
-2.61359869e-01-3.72881333e-02j
-2.16252649e-01-1.51019517e-02j
-5.59094922e-02-5.44183682e-03j
1.35271431e-01-2.71171562e-02j
1.49871677e-01-1.18145559e-02j
-5.03402747e-02+1.15669091e-02j
-2.48860654e-01+5.41816547e-03j
-2.38220872e-01+8.63505321e-03j
-1.72528100e-02+7.62052750e-03j
1.43538993e-01+1.46242428e-02j
1.13269106e-01+6.53703557e-03j
-5.67926212e-02-7.12320970e-03j
-2.34493626e-01-9.43247901e-03j
-2.74075541e-01+1.16980773e-02j
-1.17848329e-01+5.82443865e-03j
1.16203579e-01-3.89625553e-05j
1.58290400e-01-4.77048592e-03j
-3.42108427e-03+9.50494115e-03j
-2.04506069e-01+5.33340128e-03j
-2.39987477e-01+8.92836995e-03j
-8.90827965e-02+1.15614452e-02j
8.81641000e-02-2.33900941e-04j
1.64559412e-01-2.31367543e-04j
2.13703791e-02-4.41178984e-03j
-2.12803810e-01+1.63269479e-02j
-3.20004404e-01+7.08076046e-03j
-1.56207504e-01-1.05814276e-03j
7.92182347e-02+3.81957167e-03j
1.55016144e-01-1.58747857e-02j
3.65362846e-02-1.05854442e-02j
-1.18634576e-01+1.17973509e-03j
-2.27361507e-01-1.23065970e-02j
-1.73529929e-01-1.15351029e-03j
4.11936099e-02-7.10025847e-03j
1.82126147e-01-5.95828895e-03j
4.24504725e-02-6.77375758e-03j
-1.86400576e-01-1.63138222e-03j
-2.73525805e-01-1.32103353e-02j
-1.63116183e-01-1.83328052e-02j
6.80307931e-03-7.32259182e-03j
1.72326070e-01-2.35310429e-04j
1.80289752e-01-4.99477299e-03j
-7.07319058e-02-1.37632715e-02j
-2.84272940e-01+1.15046529e-02j
-2.19309410e-01-1.81646958e-03j
-1.54205656e-02-7.31471324e-03j
5.65887863e-02+1.04319344e-02j
1.30209585e-02+4.84064024e-04j
-7.02720144e-02+5.74393183e-03j
-2.32480792e-01+9.20203888e-03j
-2.73932455e-01+7.43098638e-03j
2.19266227e-02+1.16064129e-02j
3.23002928e-01-4.74530441e-03j
1.62089127e-01+1.10574859e-02j
-9.62265786e-02+1.39924636e-02j
-1.70577752e-01+6.78410380e-03j
-2.92391329e-01+6.67138655e-04j
-5.75289912e-01-1.41177539e-02j
-2.83549852e-01-1.29962609e-02j
5.93739802e-01+8.34948564e-04j
8.24573660e-01+2.18687613e-03j
-5.67811633e-02+3.36928666e-03j
-8.06661825e-01-1.41580163e-02j
-5.02252715e-01+3.65328434e-03j
1.27989463e-01+2.16588005e-02j
1.95479447e-01+7.76597078e-03j
-4.96439483e-02+9.84065032e-03j
-1.02667659e-01+1.70511966e-02j
-9.51004030e-02+4.48468348e-03j
-9.05799054e-02-1.56358378e-02j
3.67667440e-02-2.51473379e-02j
1.91405023e-01-3.76350824e-03j
4.30641385e-02-2.15828352e-02j
-3.11383942e-01-4.79029103e-02j
-3.99263201e-01+3.10226530e-03j
-1.78669800e-01+1.17273382e-01j
1.30906760e-01+6.91554453e-02j
2.68323719e-01-8.54418929e-02j
1.21481940e-01-1.09308388e-01j
-1.62320654e-01-1.18775794e-02j
-3.03643109e-01+3.40701480e-02j
-1.92458267e-01+2.04489677e-02j
2.24238652e-02-1.30325094e-02j
1.15068598e-01+1.14429034e-02j
6.07781260e-02+2.78348142e-02j
-1.01265771e-01-5.61200763e-03j
-2.39585101e-01-1.50149838e-02j
-2.36464134e-01-4.76307687e-03j
-1.71528733e-02-7.83023048e-03j
1.79446808e-01-1.55870964e-02j
1.47124167e-01-4.26412688e-04j
-9.77792672e-02+2.69597222e-03j
-2.43742626e-01+6.86219590e-03j
-2.22733568e-01-6.86915267e-03j
-7.39879154e-02-1.83984434e-02j
9.10913676e-02+1.04708602e-02j
1.40052659e-01+1.02780428e-02j
-2.74174213e-02-2.27467076e-03j
-2.38343141e-01-9.37866848e-03j
-2.47329696e-01-5.97466629e-03j
-4.99071447e-02-6.24166898e-03j
1.43386480e-01-4.66113004e-03j
1.38354560e-01-1.31816862e-02j
-1.03391079e-02-1.43505824e-02j
-2.13165646e-01-5.91418820e-03j
-2.77027372e-01-1.47943835e-02j
-1.47288505e-01+7.39017205e-03j
8.23650720e-02+6.49498695e-03j
1.68027089e-01-1.02438329e-02j
1.16088178e-03-3.28945001e-03j
-1.78810433e-01+4.84009827e-03j
-2.53842070e-01+1.48593539e-02j
-1.07264601e-01+7.43480282e-03j
7.91350955e-02+4.41368419e-03j
1.57531704e-01+1.25302840e-02j
6.09221813e-02+9.59512184e-04j
-1.48378632e-01+4.09936545e-03j
-2.93610868e-01-5.07588005e-03j
-1.95430044e-01+4.68846135e-03j
3.68816854e-02-2.68455624e-04j
1.70119288e-01+4.93181329e-03j
7.51435738e-02+1.14185705e-02j
-1.52610823e-01-4.51786884e-03j
-2.66467869e-01+2.02864734e-02j
-1.74910744e-01-2.72611411e-03j
5.70861625e-03+1.14795272e-02j
1.43040318e-01+1.57040626e-02j
1.10233592e-01-6.49194145e-03j
-1.08219733e-01-3.48996728e-03j
-2.70951264e-01-6.18449519e-03j
-2.38950303e-01+6.51629445e-03j
-2.28351496e-02-3.27843816e-03j
1.60839385e-01-1.06288752e-02j
1.21678568e-01+9.93895168e-03j
-6.97110211e-02-9.32427772e-03j
-2.40590910e-01-9.92518212e-03j
-2.08685012e-01-1.64085206e-03j
-3.92860251e-02+3.66264795e-03j
1.27980661e-01+1.38095883e-02j
1.38103381e-01-4.78546916e-03j
-5.11487621e-02-3.43666301e-03j
-2.27262170e-01+1.27684610e-02j
-2.63884879e-01+1.67663903e-02j
-1.11198087e-01-1.22941024e-02j
1.15259864e-01-5.14327285e-03j
1.44327772e-01-4.06067311e-03j
8.43591510e-03-9.51851261e-03j
-2.30955221e-01-6.19741784e-03j
-2.40623948e-01-1.83611336e-02j
-5.99538175e-02+7.00189676e-03j
1.10594045e-01+2.23370452e-02j
1.66906210e-01-1.17872353e-04j
3.35563053e-02+7.96364576e-03j
-1.96009557e-01+4.14072759e-02j
-3.43287484e-01+4.64311423e-03j
-1.93664468e-01-8.92840100e-02j
1.38609029e-01-8.88514644e-02j
2.55642543e-01+4.98731636e-02j
3.78800967e-02+1.02228869e-01j
-2.38975418e-01+3.75696386e-02j
-3.09474907e-01-3.94815208e-02j
-1.67238970e-01-2.28235035e-02j
4.34696135e-02+2.72966990e-03j
1.65874653e-01-1.41069931e-02j
1.05713444e-01-3.01833640e-02j
-1.06719399e-01+1.11446098e-02j
-2.57377169e-01+2.48924562e-02j
-2.11187130e-01+7.58263515e-03j
1.16748413e-02-1.45142939e-02j
1.71653481e-01+1.80723648e-02j
9.61447977e-02-1.85931709e-03j
-1.17015340e-01-9.43719568e-03j
-2.76796609e-01-4.32768689e-03j
-2.39116214e-01-8.74132862e-03j
-3.44125646e-02-9.10907864e-03j
1.47677894e-01-1.05170026e-02j
1.44649586e-01-1.58412836e-02j
-6.26319072e-02-2.84947319e-03j
-2.39394738e-01+3.20155651e-04j
-2.32035439e-01+1.40493382e-02j
-5.11218239e-02-3.23963693e-03j
1.33501084e-01-1.44275943e-03j
1.48821250e-01-7.60298705e-03j
-4.38478576e-02-1.48086573e-02j
-2.44038233e-01+1.15136099e-02j
-2.52450335e-01-8.99932842e-04j
-9.64517442e-02+6.06368306e-03j
1.15447296e-01+9.23288962e-03j
1.45036970e-01-9.20529573e-03j
-2.34912471e-02-9.95468632e-03j
-2.22321549e-01+3.45198092e-03j
-2.93160263e-01-4.72108581e-04j
-1.35328254e-01-1.83298528e-03j
1.01059715e-01-1.59495209e-02j
1.72091971e-01-1.56145047e-03j
3.51686421e-02-1.78933069e-02j
-1.91300459e-01-1.79639158e-02j
-2.65613673e-01+2.69304746e-03j
-1.61694914e-01+9.05896861e-03j
7.04393618e-02+9.04857487e-03j
1.64748424e-01-2.38536476e-03j
6.59738065e-02+1.55455030e-02j
-1.59331564e-01-6.42452215e-03j
-2.70148719e-01-2.95040570e-03j
-1.85768824e-01-1.39889302e-02j
3.22375967e-02-9.21667386e-03j
1.60763490e-01+8.20099707e-03j
7.81530913e-02+1.86498035e-02j
-1.21866073e-01+3.09616549e-03j
-2.74343678e-01+3.47660466e-03j
-1.93201830e-01+1.22840242e-02j
1.14169589e-02+7.75046905e-03j
1.55873100e-01+4.25643544e-03j
8.48677909e-02+3.77199226e-03j
-1.10150871e-01-4.54208065e-03j
-2.59675344e-01-6.83786740e-03j
-2.16007327e-01-3.51145694e-03j
-3.57148640e-02-4.62886871e-03j
1.41990674e-01-6.61912794e-03j
1.26335370e-01-5.50082041e-04j
-5.73868510e-02+2.37607469e-03j
-2.50398725e-01-1.41248607e-02j
-2.57689063e-01-1.02135996e-02j
-7.68683248e-02-7.39393225e-03j
1.28884873e-01+1.96601511e-02j
1.45654866e-01-7.64133636e-03j
-4.18950099e-02-1.45076265e-02j
-2.41282243e-01+7.24385137e-04j
-2.29761234e-01+1.20450084e-02j
-5.48608690e-02-4.41910851e-03j
1.28494823e-01-2.31236713e-02j
1.58358973e-01-1.05278697e-02j
1.12127595e-02-2.29620569e-03j
-2.10218751e-01-4.88803991e-02j
-3.30214929e-01-5.38230152e-03j
-1.62782444e-01+9.50431252e-02j
1.67613081e-01+1.00649608e-01j
2.93465317e-01-3.39799876e-02j
4.58033038e-02-1.20074564e-01j
-2.58982421e-01-5.08478860e-02j
-3.24963295e-01+3.08395171e-02j
-1.45903462e-01+3.49491970e-02j
7.19855808e-02+1.50411425e-03j
1.44994400e-01+1.31613451e-02j
6.07756215e-02+2.16515299e-02j
-1.36127991e-01+1.05906638e-03j
-2.55080905e-01-8.29528976e-03j
-1.87520351e-01-3.97310967e-03j
4.14923918e-02+2.80352656e-03j
1.77336114e-01-1.25143347e-02j
7.79016215e-02-9.85932509e-03j
-1.51880305e-01+5.29797767e-03j
-2.83135234e-01+5.83717725e-03j
-1.90584033e-01-1.12376361e-03j
1.78766966e-02-1.65380414e-02j
1.63254908e-01+1.10862182e-02j
1.05143337e-01+1.63148110e-02j
-7.05160356e-02+3.52630510e-03j
-2.55247687e-01-1.44008776e-02j
-2.13849417e-01-9.98338688e-03j
-2.32920140e-02-4.31953085e-03j
1.46762736e-01+1.38135235e-03j
1.14766762e-01+1.09170646e-02j
-6.43659729e-02-5.69427394e-03j
-2.45681730e-01-1.82425688e-03j
-2.48650126e-01-6.65167737e-03j
-5.95582973e-02+1.33001944e-04j
1.28990956e-01-1.50069775e-03j
1.37826476e-01+1.31262718e-02j
-4.01401400e-02-8.79667891e-04j
-2.49660779e-01-1.79579587e-03j
-2.54263692e-01+1.01328683e-02j
-9.88414245e-02+8.30846883e-03j
1.11511206e-01+7.43919432e-03j
1.60369140e-01+1.82860018e-04j
-1.17557733e-02+1.20351739e-02j
-2.08662948e-01+4.28873936e-03j
-2.63268767e-01-7.31696577e-03j
-1.14140811e-01+6.45264789e-03j
9.50996964e-02+1.26232255e-02j
1.53789132e-01+1.97627355e-03j
3.15412293e-02-3.14709213e-03j
-1.90122713e-01+2.31563870e-02j
-2.52024643e-01+7.50266252e-03j
-1.42714184e-01+1.56882456e-02j
6.49512087e-02-2.42067422e-04j
1.57384389e-01+4.12608177e-03j
7.11810581e-02-1.69924316e-02j
-1.53455563e-01-5.62348785e-03j
-2.52425026e-01-5.11360218e-03j
-1.64376515e-01-2.06936913e-03j
4.67900790e-02-5.53787456e-03j
1.65534008e-01-8.82343637e-04j
8.65496609e-02-1.12121672e-02j
-1.28824413e-01-1.39882739e-03j
-2.67208365e-01-9.51234733e-03j
-1.90558849e-01-9.19406452e-05j
2.70959020e-02+4.96784327e-03j
1.58327884e-01-1.07848421e-03j
1.21571849e-01+2.50922805e-03j
-9.48113679e-02-1.92268817e-02j
-2.60307162e-01+6.64645776e-03j
-2.43876071e-01+6.96766725e-03j
-3.73930771e-02+6.15068862e-03j
1.34596843e-01-1.57394548e-02j
1.21438439e-01-8.05092306e-03j
-7.51310774e-02-6.86396175e-04j
-2.57263805e-01-8.31583640e-03j
-2.39295342e-01-2.33329573e-02j
-2.39043329e-02+4.95257130e-03j
1.42288598e-01+2.00367882e-02j
1.40739795e-01+3.95137005e-03j
-3.32338961e-02+6.46844480e-03j
-2.37055218e-01+2.94920426e-02j
-3.18134128e-01+3.03493778e-02j
-1.63516679e-01-6.96237437e-02j
1.67836681e-01-1.08404267e-01j
2.95848165e-01+2.77853074e-03j
3.16466142e-02+1.18292653e-01j
-2.60695900e-01+5.98803909e-02j
-3.14104290e-01-4.01514011e-02j
-1.04159174e-01-4.14976353e-02j
1.01457770e-01-2.15410534e-05j
1.51619211e-01-1.16976632e-02j
3.62011354e-02-2.03535284e-02j
-1.46632375e-01-9.39863881e-03j
-2.54532121e-01+2.60840713e-02j
-1.56774204e-01+2.58838229e-02j
5.59333351e-02-1.95997394e-03j
1.71926685e-01+6.88119574e-03j
3.42862750e-02+1.55862665e-02j
-1.77760031e-01+2.08099879e-03j
-2.81968101e-01-1.99205671e-02j
-1.75113780e-01-1.08071533e-02j
2.46593225e-02+3.15107835e-03j
1.48927630e-01+2.59126895e-03j
8.80782620e-02-7.02361827e-03j
-1.14697052e-01-1.39078734e-02j
-2.46212564e-01+5.54341403e-03j
-1.74255570e-01-1.62734324e-03j
1.67676889e-02-9.55777882e-03j
1.50070185e-01-3.57484851e-04j
1.08336315e-01-3.31476670e-03j
-1.08050149e-01-9.62947997e-03j
-2.57095343e-01-1.04054851e-03j
-2.21084415e-01+1.14133256e-02j
-2.76034566e-02+1.40325230e-02j
1.38221674e-01-5.02384643e-03j
8.93429670e-02+5.51363160e-03j
-8.02026642e-02+6.08806598e-03j
-2.66933925e-01-4.62100841e-03j
-2.46318428e-01+5.61587454e-03j
-4.98833705e-02-1.97581792e-02j
1.08908458e-01+5.04704899e-04j
1.43331124e-01-1.23335281e-02j
-2.09428622e-02-3.09876357e-03j
-2.27189074e-01-5.44799113e-03j
-2.36062228e-01-6.98197735e-03j
-8.94578312e-02+2.51060352e-03j
1.06324293e-01-8.86537599e-03j
1.49481772e-01-3.78504770e-03j
5.34539673e-03-4.74382509e-03j
-2.18684285e-01-1.04134594e-02j
-2.82499370e-01-6.04140233e-03j
-1.29783586e-01-9.21967036e-03j
7.18057061e-02-7.63791515e-03j
1.60499340e-01+1.95049138e-03j
1.20216553e-02-6.68168389e-03j
-1.96191259e-01+1.68281403e-03j
-2.79472100e-01+4.29283348e-03j
-1.44024318e-01+7.13342325e-03j
8.59759642e-02-5.28185331e-03j
1.70690399e-01-1.46306844e-02j
6.20730420e-02+8.82806486e-03j
-1.76536105e-01+5.68197753e-03j
-2.55774216e-01+1.30017048e-02j
-1.74250721e-01-6.97437086e-03j
3.44824169e-02-2.17372213e-02j
1.32905777e-01+7.49630873e-04j
7.86355279e-02+3.49856478e-03j
-1.27085479e-01-2.75462653e-03j
-2.63822166e-01+2.65729879e-03j
-2.13972860e-01-1.54614372e-02j
-7.62323431e-03+4.12518864e-03j
1.59947692e-01+1.15645173e-02j
1.18046801e-01+1.79294771e-02j
-8.35405784e-02+8.14410639e-05j
-2.61503194e-01-3.07437972e-03j
-2.12649927e-01+1.63467547e-02j
3.02322578e-03-5.89046789e-03j
1.26512447e-01-2.80639202e-02j
1.02560869e-01-1.70924098e-02j
-6.87551009e-02-1.76878321e-02j
-2.48859826e-01-3.10786498e-02j
-3.11602075e-01-3.92875411e-02j
-1.34489751e-01+6.29556377e-02j
1.79422385e-01+1.07985158e-01j
2.79755246e-01+1.84955936e-02j
3.05210693e-02-1.03026817e-01j
-3.06172827e-01-7.22848878e-02j
-3.20622693e-01+2.74757220e-02j
-9.64706196e-02+5.09517867e-02j
8.58841318e-02+3.75680571e-03j
1.09385501e-01+5.28588774e-03j
-6.91706128e-04+1.98658344e-02j
-1.78581440e-01+3.55454679e-03j
-2.50386809e-01-1.38646970e-02j
-1.28777122e-01-1.28936042e-02j
1.05918262e-01+1.31632268e-02j
1.99970519e-01-1.85054760e-02j
2.90462591e-02-1.27230474e-02j
-2.22377932e-01+5.87786401e-03j
-2.75409228e-01-2.41990359e-03j
-1.48926429e-01+1.15965956e-02j
2.77484827e-02+2.60379445e-03j
1.48254650e-01+2.60529049e-04j
5.56032800e-02-4.17295912e-04j
-1.48008673e-01+7.07721002e-03j
-2.64030670e-01+1.30333760e-03j
-1.53399462e-01-9.94180497e-03j
8.26280341e-02-1.36086992e-02j
1.79106226e-01-2.03295293e-02j
6.88401704e-02-1.12133095e-02j
-1.23284538e-01-2.98278737e-03j
-2.68137380e-01-1.75123875e-03j
-2.28914989e-01-1.52770107e-02j
-3.23201901e-02-6.25567610e-03j
1.53016727e-01-1.56632971e-02j
1.11189975e-01+2.88291702e-03j
-1.17209512e-01-1.04358635e-03j
-2.48960491e-01+1.14644343e-02j
-1.89709343e-01+1.79841966e-02j
-1.18153136e-02+9.08175343e-03j
1.33136826e-01+1.31212076e-02j
1.42606307e-01-2.83298288e-03j
-6.71187148e-02+5.92713490e-03j
-2.96348265e-01+7.42325338e-03j
-2.83350066e-01+9.91053967e-03j
-4.92689163e-02-2.53836979e-03j
1.37147904e-01-5.77039065e-03j
1.31403672e-01+4.32533641e-03j
-1.58194796e-03+1.08931294e-02j
-1.61039864e-01+1.53660250e-02j
-2.32002784e-01+8.05046502e-03j
-1.07845704e-01+1.06358340e-02j
1.28895938e-01-4.52499823e-03j
1.43227512e-01-6.71375295e-03j
-9.95716684e-02+5.05079143e-03j
-2.72522625e-01-4.37614639e-03j
-2.52566233e-01-5.04394805e-03j
-1.26491980e-01-9.55131759e-03j
6.02411443e-02+8.96291844e-03j
2.84778002e-01+8.15138153e-03j
1.92767342e-01-9.36927452e-03j
-2.13763447e-01-1.23423612e-02j
-3.11588978e-01-1.29893751e-02j
-6.00535968e-02-7.36156282e-03j
-1.03731617e-01-2.22139935e-03j
-3.76772550e-01+1.16792891e-02j
-1.08444740e-01+2.10669170e-02j
5.13680412e-01+2.59920191e-03j
4.40259904e-01+2.65762571e-04j
-3.04762282e-01-2.04259077e-03j
-5.33967994e-01+2.29879008e-03j
-4.90029219e-02-1.86666749e-02j
1.52949080e-01-1.35065312e-02j
-1.41590018e-01+4.33667791e-03j
-3.17257420e-01+7.88120628e-03j
-5.62623583e-02-1.31286102e-02j
1.54094022e-01-8.34916580e-03j
1.47962002e-01+2.78488429e-02j
7.54986584e-02+2.00399854e-02j
-5.81834151e-02-5.73496119e-03j
-2.99432707e-01+3.03860582e-02j
-3.77278754e-01+3.18589321e-02j
-1.33404892e-01-5.22068844e-02j
1.87320611e-01-1.06470548e-01j
2.34516599e-01-3.03027930e-02j
8.97855024e-03+1.00023835e-01j
-2.25538094e-01+8.13071233e-02j
-2.75304503e-01-1.35833474e-02j
-8.41642518e-02-4.46896124e-02j
1.37248058e-01-6.54292734e-03j
1.36063932e-01-1.53291057e-02j
-7.19969360e-02-2.22463405e-02j
-2.42966236e-01-4.41375375e-03j
-2.39604588e-01+2.60097724e-03j
-9.37042244e-02+9.74700269e-03j
1.01451942e-01-3.59834389e-03j
1.76754860e-01+2.67757724e-03j
4.39312133e-02+2.71124411e-02j
-1.99259945e-01+1.02104350e-03j
-2.95448903e-01-8.16303928e-03j
-1.23672820e-01+6.06197989e-03j
8.77070207e-02-1.19862410e-02j
1.21500965e-01-9.66882992e-03j
1.45961069e-04-1.49409107e-03j
-1.52035772e-01-2.80302658e-03j
-2.48746147e-01+1.03305585e-02j
-1.61760464e-01-7.42084631e-03j
6.44877482e-02+1.22554816e-02j
2.06718209e-01+1.35962127e-02j
6.37462800e-02-7.52216752e-03j
-1.67832202e-01+7.05955337e-03j
-2.62546066e-01+1.46236080e-02j
-1.78258856e-01+1.47621557e-02j
-2.53881745e-03+1.24511075e-02j
1.24702325e-01-8.65449751e-03j
7.86883109e-02-1.97174867e-03j
-1.28139073e-01+8.02561175e-03j
-2.79159070e-01-1.90368354e-02j
-2.21889345e-01-2.44459947e-03j
2.32144729e-02+3.89268387e-04j
1.76353826e-01-2.46623308e-03j
1.12829479e-01-4.30214109e-03j
-9.82380761e-02+1.32597760e-03j
-2.50595384e-01-1.10664984e-02j
-2.30844272e-01-2.77787762e-05j
-5.98721726e-02-1.34144339e-02j
1.20607155e-01-8.35961721e-03j
1.29936170e-01-6.47799070e-04j
-6.57641356e-02-1.12944433e-02j
-2.40361929e-01-2.56837780e-03j
-2.39986516e-01-1.47593505e-02j
-5.15664812e-02-6.70859192e-03j
1.30880997e-01-1.10253801e-02j
1.26634639e-01+1.63590176e-03j
-5.24441819e-02+2.09335464e-03j
-2.27642498e-01+1.48165851e-02j
-2.76304324e-01+1.32075512e-02j
-1.06413527e-01+7.62357753e-03j
9.35836139e-02+4.17803307e-03j
1.57016583e-01-4.32401836e-03j
-3.80700183e-03-1.18617657e-02j
-2.18248005e-01+7.88901946e-03j
-2.70424676e-01+1.23383476e-02j
-1.02801039e-01+1.57076219e-03j
1.22684850e-01+6.21359345e-03j
1.75219801e-01-3.40602122e-03j
2.25126248e-02-5.92223364e-03j
-1.86599772e-01+3.62441900e-05j
-2.69690973e-01-3.00302135e-03j
-1.62317167e-01-1.50986183e-02j
1.36639461e-02-8.97645306e-03j
1.48834171e-01+8.17051889e-03j
6.25962039e-02+2.54666995e-02j
-1.33132715e-01-1.18475558e-03j
-2.81601169e-01+1.04927296e-02j
-1.81346546e-01+1.58886531e-02j
6.56197665e-02+6.47457018e-03j
1.99669831e-01-2.03860746e-02j
1.02911531e-01-1.59536689e-02j
-1.19859120e-01+1.30010478e-03j
-2.71391705e-01-2.45905485e-02j
-2.55731812e-01-4.07041295e-02j
-7.51452498e-02+3.78340363e-02j
1.54299892e-01+1.15905704e-01j
1.98040893e-01+4.63965795e-02j
-1.35669184e-02-8.69086828e-02j
-2.97401491e-01-8.80507778e-02j
-3.13638286e-01-1.43636276e-02j
-4.38662788e-02+4.06595563e-02j
1.60179519e-01+1.43362139e-02j
1.28901234e-01-1.24373132e-02j
-4.86154164e-02+1.65365806e-02j
-2.03826351e-01+1.88605671e-02j
-2.17808023e-01-1.34540449e-02j
-6.93168068e-02-1.52765659e-02j
1.12332164e-01+8.24884230e-03j
1.47556810e-01+2.95173952e-03j
-1.38607052e-02-1.97064318e-02j
-2.41819344e-01-4.24210148e-03j
-2.76094044e-01-3.35904494e-03j
-1.02888801e-01+5.26424258e-03j
1.08162414e-01+9.93158270e-04j
1.45182395e-01-7.30419427e-03j
1.81589000e-02-2.90471530e-03j
-2.05402407e-01+2.24064874e-03j
-2.59708610e-01+5.42352629e-03j
-1.29373432e-01-2.18871859e-02j
9.33542825e-02-7.51786236e-03j
1.63335922e-01-7.40951062e-03j
4.95800595e-02-4.22217513e-03j
-1.73804853e-01-3.93541864e-03j
-2.72141125e-01+1.32351583e-02j
-1.69387559e-01-1.59069106e-02j
4.19689954e-02-9.23186765e-03j
1.67220741e-01-6.65437207e-03j
4.44208031e-02-7.87059956e-03j
-1.57886850e-01+9.13356807e-03j
-2.85975106e-01+3.05466105e-03j
-2.07965068e-01+1.23053172e-02j
2.25962142e-02+6.34407575e-03j
