-9.43160388e-01+6.68108320e-03j
-6.03125699e-01+7.67369601e-03j
1.36972763e-01-8.53013215e-03j
5.84097405e-01-8.30839447e-03j
2.97554766e-01-2.93975186e-03j
-4.37033286e-01+2.09818469e-02j
-9.39097720e-01+9.32618568e-04j
-7.13265082e-01+1.59803146e-02j
1.87764715e-03-3.03062498e-02j
5.49851186e-01+1.24162592e-02j
3.65434128e-01-1.11833942e-02j
-3.66823488e-01-1.63244724e-03j
-9.32857387e-01+6.60075174e-03j
-7.70605744e-01+7.57503282e-03j
-8.26387133e-02+2.83360042e-03j
5.20361049e-01+2.42503468e-02j
4.22654498e-01-5.86031044e-04j
-2.52483860e-01-1.12702821e-02j
-8.56078528e-01+2.81746978e-03j
-8.47744053e-01+1.78408672e-02j
-1.83328601e-01-1.79750066e-02j
4.40416581e-01-1.39290670e-02j
4.69295131e-01+6.37772253e-03j
-1.23738691e-01+1.15339703e-02j
-8.30394245e-01-2.33833895e-02j
-8.91082739e-01+7.56696705e-03j
-2.92630855e-01+3.06341225e-03j
3.93979524e-01-2.16612982e-02j
5.24843482e-01-2.04515924e-03j
2.11900680e-03+6.53667078e-03j
-7.42965375e-01+9.70173265e-03j
-9.03698647e-01-2.15029642e-03j
-3.91778704e-01-9.04407135e-03j
3.41895583e-01-2.78288640e-02j
5.57021733e-01-2.83139048e-02j
5.62190808e-02-2.73923390e-03j
-6.27092812e-01-8.56432765e-04j
-9.59523794e-01-9.04397862e-06j
-4.88985410e-01-4.22843340e-02j
2.33475197e-01-2.28714468e-02j
5.93544396e-01+3.87985771e-03j
1.80503943e-01+1.49852840e-02j
-5.71392130e-01+1.38774343e-02j
-9.67372545e-01-3.10258904e-03j
-6.16979337e-01-7.12389043e-03j
1.51040367e-01+2.13222070e-02j
5.39724306e-01-1.25981624e-02j
2.63249380e-01+3.53580104e-02j
-4.82347969e-01-3.24335228e-05j
-9.59788571e-01+4.30003884e-03j
-6.66722579e-01-1.05391582e-02j
7.48052844e-02+3.14810160e-03j
5.59839666e-01+4.66294827e-03j
3.42918202e-01+1.61330652e-02j
-3.63183722e-01+3.84645046e-03j
-9.21007012e-01-1.15175175e-02j
-7.38808500e-01+2.97426837e-03j
-3.09029208e-02-7.16472227e-03j
5.50791643e-01+1.07842038e-02j
4.26307595e-01+2.05455032e-02j
-2.62118684e-01+5.61801183e-03j
-9.24926079e-01+4.08351631e-02j
-8.29465971e-01-7.29780900e-03j
-1.27003190e-01+9.45595739e-03j
5.05653638e-01+1.70633884e-02j
4.57857574e-01-2.38277557e-03j
-1.76826780e-01+4.93681030e-03j
-8.49140152e-01-3.80321611e-04j
-8.75166434e-01-1.39417202e-02j
-2.73432796e-01-2.90799840e-02j
4.40814713e-01-1.03196582e-02j
5.13384401e-01+4.84541166e-03j
-8.96836221e-02+2.22696802e-03j
-7.75858144e-01-1.93212743e-02j
-9.10070121e-01+1.80175638e-02j
-3.60827137e-01+1.19087283e-02j
3.35772623e-01+2.05338717e-02j
5.52648476e-01-1.94237312e-04j
4.41711636e-02-9.30014506e-03j
-7.17744490e-01-2.20781579e-02j
-9.28874734e-01+2.99548018e-02j
-4.68206403e-01-4.27992114e-03j
3.03292182e-01+9.82682632e-03j
5.71591108e-01+1.56863872e-02j
1.26937956e-01+1.61235270e-02j
-6.29849854e-01-1.05963278e-02j
-9.71748735e-01+6.32268662e-03j
-5.75701458e-01+9.64742827e-03j
1.92471840e-01-2.28541677e-02j
5.78642527e-01-2.13051785e-02j
2.56829387e-01-1.45720410e-03j
-5.05586640e-01+1.36693863e-02j
-9.41580703e-01-1.29258788e-02j
-6.38275502e-01+1.79145772e-02j
9.62807289e-02-7.43042920e-03j
5.51522754e-01+1.88679016e-02j
3.04433997e-01+2.50213972e-02j
-4.23971333e-01+9.82614613e-04j
-9.34652342e-01+1.91267294e-02j
-7.18430737e-01+1.74820531e-02j
-2.18231306e-02+2.25733366e-03j
5.39025063e-01+4.61998804e-04j
3.85355814e-01-8.57684244e-03j
-3.12093642e-01+2.07213773e-02j
-9.20566223e-01-2.82481257e-02j
-8.15440163e-01+6.44522621e-03j
-9.58649503e-02+3.11346596e-02j
4.63728519e-01+1.16720157e-03j
4.31584282e-01+1.42675618e-02j
-2.19930976e-01+5.30213173e-03j
-8.37572264e-01+3.20195466e-02j
-8.53330788e-01-1.06106494e-02j
-2.15589258e-01+4.23641405e-02j
4.65983640e-01-3.03915684e-02j
5.13103557e-01+8.43394632e-04j
-1.08773659e-01-1.40984911e-02j
-8.13699363e-01-3.88023784e-02j
-9.05862439e-01-1.51567823e-02j
-3.18868565e-01-7.49553686e-03j
3.77756050e-01+3.35104994e-02j
5.42031244e-01+1.44001676e-02j
-2.32077231e-02+1.53807937e-02j
-7.52049032e-01+6.86201963e-03j
-9.26311386e-01+1.95388854e-02j
-4.00956673e-01-3.68429332e-02j
3.17748808e-01+9.14603085e-04j
5.72219346e-01+8.49233523e-04j
7.34848967e-02+2.37608894e-02j
-6.51127413e-01-8.73190818e-03j
-9.32636496e-01-2.51750785e-02j
-5.15545672e-01-1.62533550e-02j
2.08832095e-01+8.94112608e-03j
5.64505514e-01+1.29247075e-02j
1.90760510e-01-2.93091518e-03j
-5.50056562e-01-3.61579593e-02j
-9.37452280e-01+2.38082375e-02j
-6.07540029e-01-2.11705128e-02j
1.19800015e-01-4.91255478e-04j
5.68463675e-01-3.31614820e-02j
2.95709195e-01-1.53462862e-02j
-4.38342144e-01-4.91407605e-02j
-9.61951227e-01-5.32259965e-04j
-6.74644069e-01-5.24647156e-04j
1.94459222e-02+1.49863716e-03j
5.30174388e-01-3.07649413e-03j
3.44352670e-01-3.13858109e-03j
-3.47813130e-01-1.25954487e-02j
-9.35414126e-01-4.38441461e-03j
-8.01072940e-01+4.76679250e-03j
-8.62914458e-02+1.81346879e-02j
5.40338695e-01+6.40535350e-03j
3.83646650e-01+1.60923010e-02j
-2.33849747e-01-3.05451237e-02j
-8.79322437e-01+1.12165254e-02j
-8.50293137e-01-3.74308996e-03j
-1.95840738e-01+1.43398361e-02j
4.69717516e-01+5.02131496e-03j
4.75936460e-01+4.08193320e-04j
-1.27540281e-01-3.35753054e-02j
-8.07288985e-01+1.11665212e-02j
-8.94469538e-01-1.35531618e-03j
-2.81156002e-01-7.90513937e-04j
4.19291156e-01-1.00621679e-02j
5.44359404e-01-7.45942045e-03j
-5.76343099e-02-8.04411703e-03j
-7.72108041e-01-6.59693066e-03j
-9.27941255e-01+1.47091299e-02j
-3.81346786e-01+3.81205000e-03j
3.28676963e-01-1.14201577e-02j
5.52622311e-01-1.48549183e-02j
6.69625542e-02-6.64893919e-03j
-6.77919218e-01+3.97396041e-03j
-9.70750057e-01-1.33875229e-02j
-4.78822245e-01+3.36397405e-02j
2.54781727e-01+8.58646107e-03j
5.91428757e-01+1.34716031e-02j
1.51149981e-01-1.03849393e-02j
-5.83938962e-01+3.45493167e-03j
-9.37570498e-01-1.76751068e-02j
-5.73398653e-01+1.71983296e-03j
1.86102215e-01-2.28763873e-02j
6.15495578e-01+5.68515865e-03j
2.62765763e-01+2.19159421e-03j
-5.21636459e-01+1.52337374e-02j
-9.53400869e-01+2.82727820e-02j
-6.68858533e-01+1.22485217e-02j
6.70338517e-02+1.21645802e-02j
5.88225669e-01-6.92518890e-03j
3.30389682e-01+1.00822521e-02j
-3.94649258e-01-5.96375700e-03j
-9.10932678e-01-1.06823366e-02j
-7.41770391e-01+1.00396643e-02j
-1.49288989e-02+2.76646119e-03j
5.31254614e-01-1.52737556e-02j
3.96661151e-01+2.50168004e-02j
-3.10880056e-01+1.80678737e-03j
-9.07835953e-01+4.92837028e-02j
-8.29082347e-01-3.06735529e-02j
-1.47723791e-01-1.55264966e-02j
5.13673204e-01-8.24079621e-03j
4.79605621e-01-1.58053033e-02j
-1.83740699e-01-1.03669506e-02j
-8.35614557e-01+3.28471620e-02j
-8.63276530e-01-6.85741868e-03j
-2.42315935e-01-5.96383057e-03j
4.35048721e-01-1.75160901e-02j
5.17215824e-01+1.09113018e-02j
-8.48130853e-02-2.01177871e-02j
-7.78981163e-01-1.31161016e-03j
-9.34787763e-01-2.73972525e-05j
-3.59299325e-01+2.06047103e-03j
3.53798261e-01+1.24807846e-02j
5.63371723e-01+2.96013265e-03j
2.18677318e-03+1.07665088e-02j
-7.06819885e-01-1.71659274e-03j
-9.48528033e-01+1.46850248e-02j
-4.82268848e-01-5.84351482e-03j
2.72161218e-01-5.85197707e-03j
5.74222405e-01+2.22717092e-02j
1.14671245e-01+1.82513090e-02j
-6.04896313e-01+3.80731038e-03j
-9.90116551e-01+1.37480926e-02j
-5.41188619e-01+1.20650617e-02j
1.73165412e-01-1.06054227e-02j
5.85074397e-01+1.77576526e-02j
1.90559533e-01+8.49807906e-03j
-5.56249308e-01-2.52200062e-02j
-9.61057983e-01+3.15525244e-02j
-6.35065232e-01-2.24184334e-02j
1.26347825e-01-1.23639299e-02j
5.60697102e-01+1.61337771e-03j
3.23839416e-01+1.23807810e-03j
-4.33217629e-01+6.34758532e-03j
-9.38347422e-01+1.36204742e-03j
-7.17533292e-01+1.83452060e-02j
5.34117148e-03-1.41014096e-02j
5.41034341e-01+9.13566228e-03j
3.82493946e-01-2.28214274e-03j
-3.41122663e-01+6.37153274e-03j
-8.77004390e-01+9.96223406e-03j
-8.38224391e-01-8.16239020e-03j
-1.00504291e-01+7.87222106e-03j
5.34640923e-01-1.91518268e-02j
4.28078063e-01+1.66985954e-02j
-2.24931785e-01+3.24705892e-02j
-8.63570342e-01-9.81678050e-03j
-8.41238860e-01+1.70914352e-02j
-1.77501860e-01+8.66578749e-03j
4.49396417e-01-5.57660515e-04j
5.10486017e-01+5.26217752e-03j
-1.24697762e-01+1.06372554e-02j
-8.15103467e-01-4.02502541e-03j
-8.98604581e-01+1.23216373e-02j
-3.11284498e-01+3.45166249e-03j
4.29960562e-01-2.24903073e-02j
5.32884686e-01+2.44957994e-02j
-1.65823728e-02+2.23857988e-02j
-7.30415724e-01+2.61398843e-02j
-9.34622611e-01-4.63439852e-02j
-4.29691650e-01-1.85748200e-02j
3.22858731e-01+2.27831521e-04j
5.50260900e-01+5.39655668e-03j
1.04876189e-01-1.93746227e-02j
-6.31899452e-01-1.45673304e-02j
-9.37079332e-01-1.19123396e-02j
-5.13731861e-01-6.99337424e-03j
2.42665289e-01+1.32631302e-02j
5.67777501e-01+2.10328123e-02j
1.70290907e-01+1.33453356e-02j
-5.66534216e-01-1.06772961e-02j
-9.51986810e-01-3.33306808e-02j
-6.44121274e-01-1.88692404e-03j
1.75610502e-01+6.75679377e-03j
5.52992561e-01-4.41563620e-03j
2.83248809e-01-1.17136039e-02j
-4.67971444e-01-5.72668396e-03j
-9.45993759e-01+1.80581117e-03j
-7.10327441e-01+6.03247875e-03j
5.08016324e-02-3.30061664e-02j
5.49665262e-01+2.73862405e-02j
3.54030392e-01-1.27821027e-02j
-3.77713335e-01+1.08145133e-02j
-9.23790180e-01+2.04757169e-03j
-7.73431065e-01+6.67766554e-03j
-7.03482354e-02-6.19089505e-03j
5.49764309e-01-2.14102890e-02j
4.33194869e-01+1.65904013e-02j
-2.68476160e-01+2.02731212e-02j
-8.98756212e-01-2.76028158e-02j
-8.56213759e-01-1.47855238e-03j
-1.78826583e-01-8.38644339e-03j
4.78462899e-01+1.53335376e-02j
4.81349355e-01+8.94929555e-03j
-1.38313590e-01-1.16408858e-02j
-8.21739076e-01-1.77912929e-02j
-8.57171571e-01-2.41213168e-05j
-2.78859224e-01+2.13262304e-02j
4.22482703e-01+2.79283634e-02j
5.18086069e-01+1.37033163e-02j
-5.66051465e-02-2.83914235e-02j
-7.81955607e-01+2.74776567e-02j
-8.91406708e-01+2.54875173e-02j
-3.76350937e-01+7.05464728e-03j
3.48095821e-01-4.09242822e-02j
5.42053970e-01+5.35051686e-03j
5.82208526e-02+7.82976158e-03j
-6.92397975e-01+3.53188987e-02j
-9.49148698e-01-2.10698940e-02j
-4.81821908e-01-8.89468243e-03j
2.65765807e-01-1.05080574e-02j
6.07637102e-01-4.52113783e-02j
1.14644320e-01-4.92209553e-03j
-6.25851562e-01-4.87835173e-03j
-9.88643551e-01+3.54976474e-02j
-5.75743388e-01+2.47013937e-03j
1.87782893e-01+1.08755380e-02j
6.09106177e-01-2.82666740e-02j
2.43555675e-01-3.43097795e-02j
-5.10013800e-01+1.76112322e-02j
-9.50189989e-01-2.77809471e-02j
-6.78117449e-01-9.91147776e-03j
6.62823920e-02+1.54063598e-02j
5.57608474e-01+9.94836760e-04j
3.29562209e-01+1.82011952e-02j
-3.93771666e-01+2.76671782e-03j
-9.45617392e-01-1.72683899e-02j
-7.54335121e-01+1.47370214e-02j
-2.79060785e-02-1.24453498e-02j
5.48610422e-01-2.87322534e-02j
3.77107499e-01+4.65513828e-03j
-3.08865458e-01-4.85404816e-03j
-8.94371423e-01+1.86616599e-03j
-8.03796346e-01-7.73609462e-03j
-1.57209577e-01+2.28013618e-02j
5.17202702e-01-1.66868554e-02j
4.76905525e-01+1.38219374e-02j
-2.02535322e-01-6.55398323e-03j
-8.34809804e-01+5.04682771e-03j
-8.57533485e-01+1.17250706e-02j
-2.32548860e-01+1.36645056e-02j
4.11951831e-01-2.57056092e-02j
5.01544642e-01-8.49938707e-03j
-8.16408317e-02-1.33035537e-02j
-8.00640132e-01+8.51060642e-03j
-8.87506723e-01+1.37086698e-02j
-3.52805813e-01+1.23504948e-02j
3.74517737e-01+6.63267857e-04j
5.37963928e-01+3.00279651e-03j
3.02109743e-02+2.64112855e-02j
-7.26696011e-01+1.08833079e-02j
-9.56345508e-01+1.06707657e-02j
-4.42698853e-01+5.14798205e-03j
2.75727563e-01-1.28726419e-02j
5.78502526e-01-1.30173769e-02j
1.20280518e-01-4.48646062e-03j
-6.20022362e-01-6.54341158e-03j
-9.54724344e-01-3.06301931e-03j
-5.42937260e-01+7.42750916e-03j
2.25755294e-01+1.29553808e-02j
5.77649168e-01-7.00121742e-03j
2.31388865e-01+7.49889964e-03j
-5.52407019e-01-1.92445266e-02j
-9.54026714e-01-1.14599826e-02j
-6.43742134e-01-6.20101516e-03j
1.19320115e-01-1.39846288e-02j
5.82978034e-01+3.76015257e-05j
3.02771226e-01-3.33765619e-04j
-4.26287102e-01+1.61006308e-04j
-9.80680387e-01+2.17892304e-03j
-7.28290369e-01-4.60969446e-03j
2.43459034e-02-1.68038616e-03j
5.43440168e-01+2.96927075e-02j
3.95301862e-01+4.14854912e-03j
-3.41151020e-01+5.10733723e-03j
-9.19390591e-01+2.10966355e-02j
-7.76448594e-01-8.74816794e-03j
-7.31791833e-02-1.84355728e-02j
4.98476316e-01+7.17903892e-03j
4.45177123e-01+2.80246495e-02j
-2.51917912e-01-1.01401941e-03j
-9.07493938e-01-1.83137407e-02j
-8.49154929e-01+2.15861204e-02j
-1.80449407e-01-2.66443525e-03j
4.52590873e-01-2.85561077e-02j
5.19295220e-01+1.57667312e-02j
-1.22652966e-01+1.47053085e-02j
-8.18219803e-01-1.29670614e-02j
-8.62962746e-01-1.66440652e-03j
-3.11464780e-01-7.33214617e-03j
4.03526270e-01-2.22065389e-02j
5.60582769e-01+1.70167069e-02j
-2.52116381e-02-9.07649474e-03j
-7.38055782e-01-1.80354879e-02j
-9.01026068e-01-2.88837551e-02j
-3.95945776e-01-1.60830065e-02j
3.41992755e-01+2.86670837e-02j
5.41775632e-01-1.29154904e-02j
6.91235315e-02-1.02914924e-02j
-6.94108419e-01-1.13678818e-02j
-9.45450650e-01-1.86164800e-02j
-5.19479075e-01-1.15406069e-02j
2.73339224e-01+3.78480111e-03j
5.79107381e-01-1.09894222e-02j
2.01438613e-01+9.02617396e-04j
-5.48249147e-01-1.19710219e-02j
-9.86724159e-01-1.47009718e-02j
-5.88708683e-01+6.58194713e-04j
1.45677916e-01+2.35589792e-02j
5.77822115e-01+4.90094446e-03j
2.64306482e-01+2.30299844e-02j
-4.68936861e-01-1.14201810e-02j
-9.70360306e-01-1.10299036e-02j
-6.66543706e-01-2.30878732e-02j
9.47122046e-02-2.60769081e-02j
5.41499223e-01+1.59120330e-03j
3.41892362e-01-2.32672921e-02j
-3.68547125e-01+5.98011250e-03j
-9.26596006e-01+1.11517823e-02j
-7.61663424e-01-4.11723954e-03j
-4.07719012e-02+1.65135846e-03j
5.20879971e-01+1.65445053e-02j
3.95924262e-01-2.06212244e-02j
-2.92877621e-01-4.56825780e-03j
-8.79701492e-01-1.33662393e-02j
-8.16057517e-01-3.93944365e-02j
-1.51221573e-01-9.68867572e-04j
4.80692517e-01+1.82893128e-02j
4.62330901e-01-8.88047265e-03j
-1.97277226e-01-1.15822629e-02j
-8.44928586e-01-1.98767525e-02j
-8.82035054e-01-8.02241277e-03j
-2.49120898e-01+1.31109059e-02j
4.36059788e-01+1.24225805e-02j
5.03939212e-01-1.81609987e-03j
-9.45139504e-02-1.95006103e-02j
-7.79945998e-01+8.65529067e-03j
-9.14574680e-01-1.84582246e-02j
-3.49114128e-01+2.75833232e-02j
3.43138069e-01+2.18414728e-02j
5.43069885e-01-1.23004510e-02j
2.57639430e-02+5.14251339e-02j
-6.61606392e-01-2.73407557e-02j
-9.38544902e-01+2.63579123e-03j
-4.77667840e-01-6.33961394e-03j
2.95067354e-01-1.64169618e-03j
5.49779956e-01-6.39764500e-03j
1.19582891e-01+5.59503090e-03j
-5.85406834e-01-2.18757832e-03j
-9.81320852e-01+4.59381146e-03j
-5.44507625e-01+1.26052061e-03j
2.03970584e-01+1.50526381e-02j
5.61989512e-01+3.61877130e-03j
2.44213435e-01-1.18633512e-02j
-5.24532794e-01+6.32621652e-04j
-9.49102211e-01-4.25707817e-02j
-6.54950074e-01+1.07434212e-02j
9.02273522e-02+1.26117641e-02j
5.87644906e-01+6.14051027e-04j
3.09787468e-01+1.70077684e-02j
-4.34856469e-01-1.97782672e-02j
-9.56586203e-01+7.70844449e-04j
-7.33746318e-01-3.31885033e-02j
-6.81515799e-03-8.82665964e-03j
5.60675895e-01-2.26936817e-02j
3.85503523e-01+8.96117794e-04j
-2.88981084e-01-1.29402126e-02j
-8.93491783e-01-2.71593844e-03j
-8.37416184e-01+1.23852725e-02j
-1.04107491e-01-2.47507137e-02j
5.11124332e-01-7.83427882e-03j
4.77909297e-01+5.19940208e-03j
-2.13509918e-01+6.64161164e-03j
-8.48269625e-01-7.87452483e-03j
-8.59492756e-01-1.42124869e-02j
-2.07097449e-01-2.16537219e-02j
4.47037328e-01+9.55631111e-03j
4.96577981e-01+1.69235010e-02j
-1.06040536e-01+1.30819238e-02j
-7.87498395e-01-1.08967267e-02j
-8.85641212e-01+2.37255031e-03j
-3.28137121e-01+2.63180658e-03j
3.82237400e-01+1.53622152e-02j
5.53383077e-01+1.93737544e-02j
2.01384541e-02-1.48965431e-02j
-7.13576693e-01+2.25386202e-02j
-9.34998451e-01+1.95549663e-03j
-4.53314267e-01-7.45363013e-03j
3.00972339e-01+8.11664311e-03j
5.71998782e-01+2.94021052e-03j
8.94851259e-02+3.63006285e-02j
-6.42959057e-01+2.03972686e-02j
-9.76549793e-01-1.83902117e-02j
-5.41341259e-01+3.96995823e-03j
2.34858929e-01+2.29734797e-02j
5.99496166e-01-2.85799388e-04j
1.75223153e-01+8.45072157e-03j
-5.70713322e-01-1.36167033e-02j
-9.57943144e-01-6.34315485e-03j
-6.14365214e-01+1.88415647e-02j
1.36406262e-01+1.91121923e-02j
5.72483599e-01+1.32795443e-02j
2.93451343e-01+2.97480747e-02j
-4.59946388e-01+2.29968962e-02j
-9.56104876e-01-2.38244971e-02j
-7.06763151e-01+1.12816435e-02j
3.29549887e-02+1.07554324e-02j
5.50566335e-01-3.75269896e-03j
3.34521483e-01+2.08682816e-02j
-3.31657074e-01-1.64646552e-02j
-9.13602578e-01+6.49234937e-03j
-7.93993085e-01-1.66760915e-03j
-6.52610756e-02+1.17938106e-02j
5.48531472e-01-9.13505701e-03j
4.38211095e-01+2.47421608e-02j
-2.31675503e-01-3.49721418e-03j
-8.42105364e-01+1.26570232e-02j
-8.55545623e-01-3.61450014e-03j
-1.75943159e-01-8.72650583e-03j
4.67217826e-01-7.39338198e-03j
4.86785777e-01+2.15917277e-02j
-1.19480199e-01-2.92309396e-02j
-8.11829033e-01+1.16256993e-02j
-9.10382608e-01-2.26608521e-03j
-2.40256019e-01+1.11891592e-02j
4.18076119e-01+1.71035827e-02j
5.30007795e-01-8.19221399e-03j
-4.13458234e-02-5.39058764e-03j
-7.78786345e-01+1.29368774e-02j
-9.19489403e-01+7.31938268e-03j
-3.90263338e-01-1.34410492e-02j
3.17747681e-01-1.46049327e-02j
5.67114151e-01+2.02479922e-02j
6.16664182e-02+6.73577326e-03j
-6.97401914e-01+1.84784658e-02j
-9.62099114e-01-1.85228236e-02j
-5.14440448e-01+1.58483215e-02j
2.52828682e-01-1.17793166e-03j
5.94623189e-01-1.84529138e-02j
1.63793027e-01-1.16998760e-02j
-5.87658725e-01-7.45109559e-03j
-9.52298962e-01-7.65520447e-03j
-5.87309074e-01+1.20576600e-02j
1.52552496e-01+8.76663674e-03j
5.90326867e-01-2.40479074e-02j
2.44474338e-01+3.97100314e-03j
-4.92117165e-01-6.09307393e-03j
-9.47802031e-01+1.20736830e-02j
-6.52704044e-01-1.66103517e-02j
7.34625528e-02+1.38415974e-02j
5.61963993e-01-1.48852568e-02j
3.39332467e-01+5.45643297e-03j
-3.79563083e-01-7.45301141e-03j
-9.22243183e-01+5.83697335e-03j
-7.55813130e-01-1.36898149e-02j
-3.82647261e-02+2.42931396e-02j
5.41895781e-01-6.25197449e-03j
4.08656674e-01-7.98353497e-03j
-2.60204868e-01-3.02703668e-02j
-9.14333231e-01-1.31665249e-02j
-8.07658305e-01-1.47006539e-02j
-1.58543326e-01+3.78552494e-02j
4.46601789e-01-9.52788537e-03j
4.66952518e-01+1.42484689e-02j
-1.90810321e-01+7.72503114e-04j
-8.36648899e-01+6.15833806e-03j
-8.70798171e-01-1.41474879e-02j
-2.80912391e-01-2.02590919e-04j
4.30657384e-01+5.74802847e-03j
5.33079168e-01+3.99332747e-03j
-7.38993691e-02-1.21304470e-03j
-7.70694033e-01-3.72894285e-03j
-9.17193917e-01+1.45321995e-03j
-3.74183059e-01+1.15379531e-02j
3.75735265e-01-3.21655907e-02j
5.26914240e-01-1.08021319e-03j
2.43172305e-02+2.09106294e-02j
-7.23069800e-01-6.72051522e-03j
-9.20897893e-01+2.70399936e-03j
-4.40783501e-01-3.99169983e-03j
2.81188825e-01+2.35823555e-03j
6.07289896e-01-1.01546145e-02j
1.02606622e-01-3.95235835e-03j
-6.09342593e-01+8.14561987e-03j
-9.54559802e-01-7.56030815e-03j
-5.72561224e-01+2.43257123e-02j
2.05682230e-01+2.67692026e-02j
5.72676409e-01-1.42212661e-02j
2.32428812e-01-6.85904475e-03j
-5.14213646e-01+7.17894695e-03j
-9.57211937e-01+2.67533232e-02j
-6.46350834e-01-2.66652115e-02j
8.52637096e-02+1.83021470e-02j
5.66557333e-01+1.26588716e-02j
3.26498199e-01+7.75767210e-03j
-4.29784696e-01-1.22795156e-02j
-9.51076703e-01+4.17415654e-02j
-7.06595609e-01+1.06854710e-02j
-1.15584278e-02+5.13668799e-03j
5.53527320e-01-1.31688422e-02j
4.05920054e-01-1.11051569e-02j
-3.26550574e-01-8.81693209e-03j
-9.04612098e-01-2.07222293e-02j
-7.98848821e-01+5.29157576e-03j
-1.37234385e-01-2.76169630e-03j
5.03546067e-01-3.14422541e-02j
4.53883703e-01-2.90641344e-02j
-2.42088509e-01-2.03598783e-03j
-8.54175189e-01-2.29999870e-02j
-8.86905895e-01+1.40572309e-02j
-2.17645024e-01-3.17963338e-04j
4.39335876e-01+3.51926464e-02j
5.23618827e-01+6.13460984e-03j
-1.22111702e-01-3.07514347e-03j
-8.06555928e-01-2.59127644e-02j
-9.12167644e-01+4.04584827e-03j
-3.39434349e-01+7.41216268e-03j
3.76696063e-01+1.90107783e-02j
5.30312646e-01+3.27804241e-03j
-3.87959768e-02+8.30098274e-03j
-7.35500402e-01+1.40506968e-03j
-9.08785313e-01+1.23775152e-02j
-4.41644131e-01+1.17467828e-02j
3.28702589e-01+7.44713690e-03j
5.51331692e-01+2.89435362e-03j
1.19804125e-01+2.13034119e-02j
-6.30673926e-01+6.57202055e-03j
-9.59888081e-01-2.33628657e-03j
-4.85817326e-01-1.63464195e-02j
2.33465987e-01+1.54721602e-02j
5.52599105e-01+1.33978711e-02j
1.95679261e-01+5.97800954e-03j
-5.76022308e-01-2.25872140e-02j
-9.49814191e-01+4.05701507e-03j
-6.28298501e-01-4.41472739e-03j
1.18049996e-01-1.23858840e-02j
5.87876658e-01-9.20039468e-03j
2.69525039e-01+7.79592173e-03j
-4.91809293e-01+1.37481044e-02j
-9.60719026e-01+3.40552031e-02j
-6.92021007e-01+4.29293684e-03j
2.95668951e-02+2.44952614e-03j
5.71274194e-01-8.34330164e-04j
3.64373822e-01-1.56129520e-02j
-3.74990750e-01-5.23946705e-03j
-9.33487585e-01-2.81069708e-02j
-7.82711748e-01+6.39752255e-03j
-4.85816473e-02-1.49255629e-02j
5.12982752e-01+2.91747052e-02j
4.17495332e-01-1.54050949e-03j
-2.71526396e-01-1.12321477e-02j
-8.99241427e-01-1.51332067e-02j
-7.85613063e-01-3.24169880e-03j
-1.84944416e-01-5.91205375e-03j
4.86852549e-01-9.92849494e-03j
4.85575235e-01-2.44021750e-02j
-1.62167152e-01-9.11089570e-03j
-8.22570129e-01-2.71496481e-03j
-8.66927870e-01-8.09526512e-03j
-2.61163755e-01+5.08463754e-03j
4.30645310e-01+6.26540861e-03j
5.25618950e-01-1.26043233e-02j
-1.77879022e-02-6.68976928e-03j
-7.60273244e-01-8.10026578e-03j
-9.14367672e-01-6.65817433e-03j
-3.87649488e-01-3.96748735e-03j
3.42220461e-01+2.14239200e-02j
5.80890486e-01-1.05341119e-02j
4.98638011e-02+1.32158302e-03j
-6.82904904e-01-8.97413211e-04j
-9.47310006e-01-1.24679730e-02j
-4.55853917e-01+1.15156231e-02j
2.37980693e-01-1.00957713e-04j
5.58915193e-01+9.83672332e-03j
1.45396980e-01+3.58970514e-03j
-5.59439909e-01+1.47829404e-03j
-9.59102742e-01-1.06888483e-03j
-5.95509847e-01-2.06877947e-02j
1.55457573e-01-3.57292170e-03j
5.52199675e-01-1.44677435e-02j
2.67206453e-01-8.31449953e-03j
-5.27234078e-01+7.11636035e-04j
-9.62025822e-01-2.98448646e-03j
-6.63135813e-01-4.09682373e-03j
6.06036500e-02+9.61389270e-03j
5.81498325e-01+1.16430330e-02j
3.03851469e-01+1.90167417e-02j
-3.78297391e-01+9.70184526e-03j
-9.19441827e-01+1.58336137e-02j
-7.47851783e-01+1.63855543e-02j
-3.74044080e-02-2.12400290e-02j
5.44854918e-01+2.91804811e-03j
4.17967168e-01-1.30340604e-02j
-3.01793932e-01-1.84953313e-03j
-8.52790560e-01-6.86043988e-03j
-7.96152746e-01-1.40490639e-02j
-1.26964391e-01+1.42668879e-02j
4.97182229e-01+4.27023016e-03j
4.80939907e-01-1.35700031e-02j
-2.14259220e-01-7.85668665e-03j
-8.40304754e-01+7.45409094e-03j
-8.38954536e-01+8.73706898e-03j
-2.42675436e-01-4.86868696e-03j
4.61761926e-01+1.83827659e-02j
5.06916249e-01-1.43509414e-02j
-7.71165602e-02+6.97594867e-03j
-7.76235003e-01-1.78844846e-02j
-9.17907651e-01+4.16934378e-03j
-3.31572985e-01+1.06215990e-02j
3.65876865e-01+6.77467073e-03j
5.49107409e-01+1.53954860e-02j
3.07916151e-02-2.21101992e-03j
-7.24414550e-01+7.76031579e-03j
-9.59801512e-01+6.78257006e-04j
-4.50277858e-01-2.11404978e-02j
2.95377243e-01-5.61173872e-03j
5.46671319e-01+8.05212267e-03j
1.04389652e-01-2.59268047e-03j
-6.27534247e-01-2.67680883e-02j
-9.36150712e-01+1.91613139e-03j
-5.34543235e-01+2.06400446e-02j
2.20748079e-01-3.11669271e-02j
5.88492226e-01+1.90711791e-02j
2.00290703e-01+3.13167568e-02j
-5.20356676e-01-1.99501641e-02j
-9.42690260e-01-1.97591066e-02j
-6.16305961e-01-7.40982477e-03j
1.00479588e-01+1.31996007e-02j
5.78334732e-01+1.49160021e-02j
2.86243331e-01+1.52158807e-03j
-4.32664244e-01-5.36278499e-03j
-9.01323294e-01-2.72020341e-03j
-7.49788470e-01-3.95987372e-02j
-2.70811764e-02+2.53500707e-02j
5.64806375e-01+1.56973811e-03j
3.73744345e-01-5.60132993e-03j
-3.24874156e-01-2.66942974e-03j
-9.14167977e-01-8.97700376e-03j
-8.01097956e-01+1.76398382e-02j
-9.25129863e-02-5.48166019e-03j
5.10256693e-01+7.30426345e-03j
4.36037046e-01+3.15655088e-02j
-2.23440708e-01-1.21404529e-02j
-8.56801056e-01+1.44901898e-02j
-8.44114332e-01-3.38493332e-03j
-2.20280737e-01-8.79312081e-03j
4.69230427e-01+4.80545143e-03j
4.85133133e-01+3.00265481e-02j
-1.15411542e-01+7.12166833e-04j
-7.99299149e-01-1.96996993e-02j
-8.91898238e-01-1.06307729e-02j
-3.07411282e-01+7.68824582e-03j
3.90258062e-01+1.65507528e-04j
5.36409328e-01+2.38578249e-03j
-2.41387956e-02+5.88993888e-03j
-7.42356676e-01-1.08527310e-02j
-9.22966099e-01-1.25597839e-02j
-4.18303094e-01-5.87444878e-03j
3.02584303e-01+1.98044047e-02j
5.67429218e-01-1.64952168e-02j
1.12059023e-01+1.13930504e-02j
-6.60172448e-01-1.64870970e-02j
-9.55551382e-01+1.53033594e-02j
-4.87516035e-01-1.45995318e-02j
2.45656829e-01-6.94355059e-03j
5.70476643e-01+3.07114309e-03j
1.49477809e-01-6.69013705e-03j
-5.93430689e-01-1.38815040e-02j
-9.63524938e-01+8.59042952e-03j
-6.03548539e-01+3.21244680e-03j
1.65515896e-01-2.30752851e-02j
5.54668388e-01-2.27059393e-02j
2.60693614e-01+2.96843379e-03j
-4.82502595e-01-3.38660446e-02j
-9.51035623e-01+2.86463322e-03j
-6.95526775e-01-9.10442925e-03j
7.19184989e-02-2.55573403e-02j
5.44923869e-01-1.74170094e-02j
3.34078245e-01-4.47140818e-03j
-3.64428051e-01+1.62577755e-02j
-9.11364417e-01-1.32237496e-02j
-7.55462016e-01+7.63595178e-05j
-6.97195617e-02-3.56002306e-02j
5.12210971e-01+2.94175851e-03j
3.94735665e-01+1.58679422e-02j
-2.83690782e-01+2.16230657e-02j
-8.71327638e-01-2.20938132e-03j
-8.45951485e-01+3.15763648e-03j
-1.58026941e-01-4.27878089e-02j
4.58993658e-01+1.41741393e-02j
5.01247968e-01+1.41130772e-02j
-1.69729624e-01+1.54436110e-03j
-8.47685782e-01-3.13187384e-02j
-8.87259460e-01+1.95203501e-02j
-2.68471006e-01+4.09453182e-03j
4.25436315e-01-1.06809663e-02j
5.07968983e-01-1.60934381e-03j
-6.22115412e-02+1.23739010e-02j
-7.61367662e-01+5.36840208e-03j
-8.95515300e-01-4.34006193e-03j
-4.01727967e-01-6.96169637e-03j
3.55308805e-01-8.82674736e-03j
5.39928817e-01-2.85843766e-03j
4.55506689e-02+1.66405956e-02j
-6.65788003e-01-1.18911096e-02j
-9.43622727e-01+9.97898205e-03j
-4.34786864e-01+1.01346253e-02j
2.82976033e-01+2.63530749e-02j
5.80725492e-01-1.35027007e-02j
1.45384850e-01-5.35941209e-03j
-6.02098750e-01+1.61587499e-02j
-9.61184037e-01-1.01983113e-02j
-5.41439494e-01+2.44914423e-03j
1.35244885e-01-1.51222012e-02j
5.81780596e-01-1.46660612e-03j
2.54854669e-01-8.69662975e-03j
-5.15366113e-01-1.01369673e-03j
-9.45297167e-01-2.95164006e-03j
-6.60528260e-01-2.41824814e-03j
7.88311353e-02-1.56611833e-02j
5.70013923e-01-1.65225126e-04j
3.51072908e-01-8.56783896e-04j
-4.23462292e-01-1.52133746e-02j
-9.12459375e-01-5.21100234e-03j
-7.60661182e-01-1.68744408e-02j
5.64222386e-04-1.78820890e-02j
5.63548907e-01+3.67326832e-02j
3.90429710e-01+1.04700962e-02j
-2.78379362e-01+1.23490903e-02j
-9.11483669e-01+1.46472869e-02j
-8.29740798e-01+1.29897959e-02j
-1.44185717e-01+1.51119587e-02j
4.90967890e-01-1.14315674e-02j
4.65720123e-01-4.53052723e-03j
-2.00652539e-01-1.45505911e-02j
-8.47151192e-01-2.36968620e-03j
-8.87696751e-01-1.05356016e-02j
-2.05266673e-01-3.02285255e-03j
4.05491464e-01-2.08333590e-02j
5.33891755e-01-5.23712639e-04j
-1.15689801e-01+8.48050584e-03j
-7.83698819e-01+4.77319904e-03j
-9.22512782e-01-2.00140855e-02j
-3.25306526e-01-3.14670679e-02j
3.61273611e-01-9.12008549e-03j
5.93249458e-01-4.71182158e-03j
-1.71512102e-02+5.84909027e-03j
-7.28553839e-01+1.03376261e-02j
-9.24362894e-01-7.16546710e-03j
-4.16209038e-01+4.78106089e-04j
3.21426013e-01+6.33262397e-03j
6.06939844e-01+3.03298026e-02j
7.08237991e-02-1.55716063e-02j
-6.45037254e-01+8.91004641e-04j
-9.53989822e-01-3.07491560e-02j
-5.21813203e-01-3.53265341e-03j
2.18863595e-01-5.85618676e-03j
5.98787559e-01+9.39395220e-03j
1.91734145e-01+1.82223898e-02j
-5.30402195e-01+1.85647197e-02j
-9.74564401e-01-9.28805823e-03j
-6.39564805e-01-2.60990688e-02j
1.27052100e-01+9.37795721e-03j
5.65575732e-01-1.10780491e-02j
2.89422010e-01+2.97512175e-02j
-4.57626001e-01+1.58565279e-02j
-9.58131578e-01-1.65001752e-02j
-7.00200883e-01-9.51778177e-03j
9.49139593e-03+2.85794083e-03j
5.36535778e-01+3.39247387e-02j
3.93759023e-01+2.21061604e-03j
-3.58152963e-01-2.04384883e-02j
-9.45651201e-01+1.71657757e-03j
-7.96438325e-01+3.78273665e-02j
-9.01853648e-02+1.54502774e-02j
5.30063802e-01+1.15035990e-02j
4.51323558e-01+1.80405947e-02j
-2.83919895e-01+4.88594740e-03j
-8.72751460e-01+9.99783586e-03j
-8.42848749e-01-1.10624979e-02j
-1.92334823e-01+3.29516737e-04j
4.40349571e-01-4.68775284e-03j
4.91619255e-01+1.27363231e-02j
-1.64100985e-01-9.98036362e-05j
-7.93495863e-01+1.79504531e-02j
-8.77784314e-01+2.60600028e-03j
-2.86003795e-01-1.10255811e-02j
4.00734428e-01+4.72440849e-04j
5.19384687e-01-6.59251939e-03j
-3.52796833e-02-8.73310025e-03j
-7.59018779e-01-1.45453822e-02j
-9.31899840e-01+2.54659448e-03j
-4.17654806e-01-1.82311119e-02j
3.21325342e-01-2.62037801e-02j
5.66544681e-01-1.55201359e-02j
6.57909040e-02-1.63781749e-02j
-6.73280189e-01-4.24729656e-04j
-9.47889449e-01-8.70049963e-03j
-5.19288184e-01-6.97309668e-03j
2.40753165e-01+1.59987496e-02j
5.70435350e-01-1.73489500e-02j
1.50204773e-01-6.75772079e-03j
-5.90272321e-01+1.25582423e-02j
-9.53326316e-01+2.69196679e-02j
-6.07267665e-01+5.67685164e-03j
1.42589738e-01-2.98331149e-02j
5.97537797e-01-1.94738060e-02j
2.59757521e-01-1.02865479e-02j
-4.69836087e-01-2.39679251e-02j
-9.38527289e-01+5.63846004e-04j
-6.89485019e-01-7.31898127e-03j
6.05812990e-02+1.68632469e-02j
5.42921835e-01-4.47482123e-03j
2.92740154e-01+4.39676785e-03j
-4.10211602e-01-2.31999839e-02j
-9.14224342e-01-8.81738740e-03j
-7.76077018e-01-9.07987315e-03j
-9.39343969e-03-2.53911272e-02j
5.28560620e-01+4.86403277e-03j
4.14600126e-01-1.51606479e-02j
-2.92026138e-01+3.37167640e-02j
-8.90263891e-01+5.28562200e-03j
-8.28870750e-01+1.43299488e-03j
-1.66297363e-01+9.32206132e-03j
4.85898884e-01-6.05007349e-03j
4.67841346e-01+1.41525582e-03j
-1.88008133e-01-8.64319459e-03j
-8.32997543e-01-1.06312380e-02j
-8.62520898e-01-1.85857548e-03j
-2.53567466e-01+6.46373164e-03j
4.38229385e-01+2.01038917e-02j
5.49035622e-01-2.70111196e-02j
-4.89635137e-02-1.02947579e-02j
-7.77444438e-01+1.04938374e-02j
-9.16911307e-01-2.29727165e-02j
-3.89055513e-01-1.81612323e-03j
3.73578600e-01+1.62802265e-03j
5.68399623e-01+7.07315806e-03j
4.05797945e-02-1.75896974e-02j
-7.12682172e-01-1.86471343e-02j
-9.27654612e-01-2.46565010e-03j
-4.60462263e-01-1.20154473e-02j
2.99172873e-01+3.53109857e-02j
5.50855577e-01+3.13612345e-02j
1.08144700e-01-6.22728680e-03j
-6.21559204e-01+3.72117593e-04j
-9.44853070e-01+2.19946126e-02j
-5.75893466e-01+2.88119922e-03j
1.69778101e-01-2.94892564e-02j
5.62354251e-01+2.14471868e-03j
2.27922051e-01+3.37443212e-03j
-5.36061040e-01+1.82110396e-02j
-9.73303062e-01-1.97647299e-02j
-6.73784495e-01-2.09836193e-02j
9.69346534e-02-2.09170598e-02j
5.80692348e-01+4.44844505e-03j
3.09018837e-01+1.87855031e-02j
-4.08708580e-01+5.91206556e-03j
-9.73713490e-01+8.86829812e-03j
-7.20920140e-01-3.08214534e-03j
1.77084923e-03+4.81434546e-03j
5.63703191e-01+1.14277150e-03j
4.15338009e-01+6.80163456e-03j
-3.44158046e-01-1.37451008e-02j
-8.88933506e-01-2.46623419e-02j
-7.94416735e-01+1.13943644e-02j
-1.21282664e-01-1.75433448e-02j
5.15661507e-01-1.22582129e-02j
4.47185989e-01-3.50488596e-03j
-2.04605911e-01+3.57386097e-02j
-8.47910100e-01-1.61858396e-02j
-8.47741010e-01-1.09187781e-02j
-2.25551721e-01-2.76433602e-03j
4.62354023e-01+1.36086137e-02j
5.28190813e-01-1.31251795e-02j
-1.00451842e-01-5.85938693e-04j
-8.07103274e-01-1.88133558e-02j
-9.15247581e-01-2.19924015e-02j
-3.12089772e-01-1.11804037e-03j
3.69074055e-01-1.98240366e-02j
5.15053544e-01+8.93450270e-03j
8.76827347e-03+8.28537731e-03j
-7.29189986e-01+2.34807243e-02j
-9.16500137e-01-9.05873523e-03j
-4.32778160e-01+3.39886048e-03j
2.95437100e-01+8.12940074e-03j
5.78369633e-01-9.03089148e-03j
7.10506096e-02-1.75023980e-02j
-6.31974286e-01+1.56707507e-02j
-9.71716388e-01-6.76326100e-03j
-5.56642898e-01+1.12343130e-02j
2.28455732e-01-4.30630907e-03j
5.84674271e-01-8.56957384e-04j
1.79486492e-01+2.08684368e-02j
-5.58334216e-01+2.34583467e-02j
-9.63297732e-01+1.16596839e-02j
-5.96781008e-01-2.42077389e-02j
1.35647623e-01+5.07351440e-03j
5.83878770e-01-2.28798861e-02j
3.19600075e-01-2.17106627e-02j
-4.65760001e-01+1.60184349e-02j
-9.34554090e-01+1.27356070e-02j
-6.97953895e-01+1.47982251e-02j
1.76599962e-02+2.13227095e-03j
5.42933282e-01-4.44726118e-03j
3.75917991e-01-1.42900168e-02j
-3.45488038e-01+2.64325401e-02j
-9.24833279e-01+4.96591212e-03j
-7.76526754e-01+8.15813497e-03j
-5.06710584e-02-8.22509577e-03j
4.97383995e-01-1.92161275e-02j
4.38581243e-01-9.48017151e-03j
-2.48784293e-01-1.11325534e-02j
-8.55464865e-01-3.92467533e-03j
-8.55724116e-01-3.20759691e-03j
-1.80576078e-01+7.45854413e-03j
4.85681297e-01+6.13811284e-03j
5.06618954e-01-1.89186617e-03j
-1.39436217e-01+1.64265158e-02j
-8.19576204e-01+7.39291256e-03j
-9.03111142e-01+1.08917102e-03j
-2.88381504e-01+1.88008611e-03j
4.07979006e-01+9.78798929e-05j
5.54024110e-01-1.50331331e-02j
-4.03030074e-02+1.24505636e-02j
-7.30362240e-01-2.02291574e-03j
-9.38097969e-01+3.39317993e-03j
-4.16701749e-01-1.14749910e-02j
3.36861488e-01-1.45918383e-02j
6.04598306e-01+1.57830806e-02j
3.98295957e-02-5.31889474e-03j
-6.55340560e-01+2.40900336e-03j
-9.38458394e-01+5.52969864e-03j
-5.16942754e-01+8.53573211e-03j
2.64970257e-01+1.18210497e-02j
5.43144923e-01+6.27265087e-03j
1.52705562e-01+5.29285858e-05j
-6.03971295e-01+3.30791924e-03j
-9.68015045e-01+5.07214963e-02j
-5.83770856e-01-3.30493965e-03j
1.32098289e-01-2.21992199e-02j
5.69914392e-01-1.89385359e-02j
2.69100311e-01-2.07541606e-03j
-4.90591925e-01-1.34841068e-02j
-9.13663776e-01+1.68614531e-02j
-6.75603094e-01+1.42302168e-02j
4.59287551e-02+7.69972355e-03j
5.65698921e-01+1.60388603e-02j
3.25331341e-01-1.50988167e-02j
-4.11699861e-01-1.08231609e-02j
-9.14364666e-01+1.08753471e-02j
-7.51652192e-01-1.46227063e-02j
-5.52964486e-02+8.75885413e-03j
5.18754298e-01-3.58707056e-03j
4.11094035e-01+2.06751311e-02j
-3.03280607e-01-2.04921722e-02j
-9.02205039e-01-1.03160492e-02j
-7.91104853e-01-2.65497041e-02j
-1.33344093e-01-1.36558120e-02j
4.97520012e-01+1.01490977e-02j
4.38882314e-01-6.36266408e-04j
-1.65048949e-01-3.53129433e-02j
-8.41576321e-01-3.13611824e-02j
-8.92024244e-01-2.31265199e-02j
-2.50090609e-01+1.98584632e-03j
4.40600866e-01+2.05807515e-02j
5.02391354e-01-2.50863902e-02j
-8.53624237e-02-1.20986266e-02j
-7.83909494e-01-7.58295811e-03j
-8.86738226e-01-3.89844711e-02j
-3.40959204e-01+1.55115636e-02j
3.63988385e-01-2.55523426e-04j
5.59877325e-01+1.39347313e-02j
4.35179198e-02+8.06122852e-03j
-6.78497019e-01-6.74062222e-03j
-9.29219387e-01-9.89759106e-03j
-4.77155004e-01-2.22178162e-03j
2.78637908e-01-5.16774261e-03j
5.74916836e-01-1.71038383e-02j
1.17185174e-01-6.51396971e-03j
-6.09004021e-01+8.81009417e-03j
-9.70524646e-01-3.46653987e-02j
-5.42908830e-01-2.15161374e-02j
1.83544927e-01+1.40610661e-02j
5.70586491e-01-3.56258084e-03j
2.20779406e-01+1.65518062e-03j
-4.90369808e-01+1.12362772e-02j
-9.44954623e-01+7.41031862e-03j
-6.56314325e-01-1.27176963e-02j
9.17489657e-02+1.03266612e-03j
5.59617480e-01-1.16481460e-02j
2.95773342e-01+8.57086397e-04j
-4.25200244e-01+3.00884701e-03j
-9.49865170e-01+3.68908873e-03j
-7.15297872e-01-2.78492957e-02j
3.64806013e-03-7.16626935e-03j
5.74113292e-01+3.86117981e-03j
3.80405738e-01-1.62316480e-02j
-3.54018292e-01+1.63893918e-03j
-9.32134270e-01+3.20074039e-02j
-7.92178275e-01-4.97834631e-03j
-8.08456654e-02-2.00826065e-02j
5.24495091e-01+1.84483687e-02j
4.44456790e-01-2.17696268e-02j
-2.39325014e-01-1.55870173e-03j
-8.54924366e-01-2.96801497e-02j
-8.53797955e-01-5.96205764e-03j
-2.19012422e-01-2.12762376e-02j
4.60778584e-01-8.19989187e-03j
4.83547482e-01+1.44988312e-02j
-1.09625064e-01-6.97381105e-03j
-7.92932470e-01-5.95274602e-04j
-9.09408896e-01+4.31409060e-03j
-3.27863572e-01+4.94025124e-03j
4.10307448e-01+4.55028667e-03j
5.60118390e-01-3.21531699e-02j
3.14244807e-03+6.88614597e-03j
-7.53866308e-01-1.33374462e-02j
-9.17691011e-01+1.10783793e-02j
-4.19647329e-01+8.22560526e-03j
2.95520337e-01+6.98884088e-03j
5.79398360e-01+2.19721728e-04j
1.02525555e-01-3.87560755e-03j
-6.44603080e-01+3.83614978e-03j
-9.46891058e-01-1.80831025e-02j
-5.26592921e-01+1.27569378e-02j
2.18749114e-01+6.15232642e-03j
6.05577056e-01+1.25973407e-02j
1.92088300e-01+1.09743077e-02j
-5.69944572e-01-4.12197895e-02j
-9.61443825e-01-1.53901985e-02j
-6.21687030e-01-7.46808101e-03j
1.56730832e-01+4.96099800e-03j
5.77514443e-01+4.96494507e-04j
2.70082716e-01-1.07181555e-02j
-4.73509542e-01+2.37085075e-03j
-9.62920111e-01-2.15919339e-02j
-6.97877854e-01-8.12779536e-04j
2.17164687e-02-2.97034219e-02j
5.49351412e-01+2.59486099e-02j
3.62512807e-01-1.09108724e-02j
-3.46264523e-01+2.36912050e-02j
-9.27440843e-01-1.27332543e-02j
-7.74235590e-01+8.12818956e-03j
-5.25349396e-02-1.00342453e-02j
5.11796721e-01+4.87182445e-03j
4.40106777e-01+1.02748242e-03j
-2.48097765e-01-2.07497003e-02j
-8.57118392e-01+1.67690400e-02j
-8.20745233e-01+9.84266874e-03j
-1.79151058e-01-1.97357349e-02j
5.08351100e-01-5.04216094e-03j
4.46217319e-01-1.86600808e-04j
-1.65987158e-01+3.13426156e-02j
-8.34660078e-01+5.63599495e-03j
-8.70058131e-01+1.46490964e-03j
-2.75279631e-01+1.23808082e-02j
4.07211652e-01-6.69675461e-03j
5.11412240e-01+1.10777413e-03j
-3.52642007e-02-2.68444317e-02j
-7.56546205e-01+1.24790056e-02j
-9.10116254e-01+1.62028903e-02j
-3.77049794e-01+1.71156931e-02j
3.55565224e-01-4.17484501e-02j
5.77689586e-01-1.45087668e-03j
7.31470783e-02-2.31156125e-03j
-6.73821664e-01-1.37275570e-02j
-9.74219222e-01-1.72900094e-02j
-4.82343018e-01+1.74339103e-03j
2.55816931e-01+1.90920008e-02j
5.47709675e-01-4.36245567e-03j
1.36881097e-01-1.17770624e-02j
-6.02070386e-01-1.35094571e-02j
-9.30024609e-01-1.21388650e-02j
-5.85265902e-01-2.46098565e-02j
1.62810721e-01+4.98013929e-03j
5.74704981e-01-4.04789546e-02j
2.17761764e-01+1.89428363e-02j
-4.88986662e-01-1.81578438e-02j
-9.38737372e-01+1.19898527e-02j
-6.78235424e-01+3.35776453e-02j
7.62174796e-02+1.08251279e-02j
5.64281713e-01+6.72624845e-03j
3.34034454e-01+3.20623418e-02j
-4.22154151e-01-5.08488975e-03j
-9.18628025e-01-2.37483154e-03j
-7.57627887e-01-5.32066520e-03j
-2.50635329e-02-3.67653487e-02j
5.32378708e-01+1.55963296e-03j
3.88234768e-01-1.66334658e-02j
-2.77188403e-01-1.06851640e-02j
-9.00667799e-01-1.30215465e-02j
-7.94943395e-01-2.18665880e-02j
-1.09540773e-01-1.27275516e-03j
4.71901972e-01-4.28714114e-03j
4.97061763e-01+1.66980501e-03j
-2.25748359e-01-6.48931147e-03j
-8.50482447e-01+3.24788344e-03j
-8.82217653e-01+4.73293279e-03j
-2.31742351e-01-1.25343007e-02j
4.39279225e-01+5.92961371e-03j
5.11780562e-01+3.96077795e-02j
-9.86480754e-02+9.16747031e-03j
-7.84267631e-01-2.91522115e-02j
-9.34167983e-01+4.22790815e-03j
-3.51175544e-01+2.27822856e-02j
3.97387858e-01+4.90814277e-03j
5.52572788e-01+1.48052970e-02j
3.14713694e-02-4.64250779e-02j
-7.31107492e-01+2.13503120e-03j
-9.65319356e-01-1.18819652e-02j
-4.29127248e-01+3.00286003e-03j
2.93708671e-01+6.87109978e-03j
5.63690523e-01-2.02181904e-02j
1.16352095e-01-3.24997075e-03j
-6.40464220e-01-3.46641235e-03j
-9.56645910e-01+3.16111496e-03j
-5.27679351e-01-3.37348050e-03j
2.09025485e-01-2.07896165e-02j
6.02394889e-01+1.90222327e-02j
2.07037254e-01+2.02708451e-03j
-5.57691923e-01-4.01629939e-03j
-9.46078726e-01+1.93479907e-02j
-6.56074404e-01-1.45567139e-02j
1.09842364e-01-6.39758141e-03j
5.51320436e-01+1.26834403e-02j
2.90558031e-01-5.84273784e-03j
-4.49008809e-01+1.10810163e-02j
-9.41571546e-01+6.40200161e-04j
-7.13821863e-01+3.57724736e-03j
6.82745344e-03-4.66584881e-03j
5.20386191e-01+2.23604282e-03j
3.87436150e-01+7.08664480e-04j
-3.50890662e-01-1.62880368e-02j
-9.53037666e-01-1.14116608e-02j
-7.83383731e-01+9.54699958e-04j
-8.58442530e-02+2.25862140e-02j
5.31773899e-01-1.77975403e-02j
4.57306224e-01+1.27693027e-02j
-2.18783140e-01-2.87276079e-02j
-8.64382152e-01-1.72370787e-02j
-8.45050311e-01-1.59305089e-02j
-2.04320469e-01-9.84297505e-03j
4.36186416e-01+4.09536223e-03j
5.04503831e-01-1.65327582e-02j
-1.32912043e-01-1.06275645e-02j
-8.31933592e-01-8.99363408e-03j
-8.84272861e-01+2.13811125e-02j
-2.72428113e-01+7.59573225e-03j
4.21210500e-01+1.58002630e-02j
5.18568685e-01+9.14159788e-03j
-2.08155545e-02-3.39440226e-02j
-7.52112373e-01+1.84850087e-02j
-9.05404806e-01+3.27104755e-03j
-4.06432757e-01+4.01445102e-03j
3.58552871e-01+3.92022925e-02j
5.62692730e-01-2.32684055e-02j
7.40451549e-02+2.60966017e-03j
-6.76592532e-01-3.87947250e-02j
-9.32340449e-01-7.29586409e-03j
-5.22649721e-01-1.69399950e-04j
2.34714442e-01-2.43449916e-02j
5.74661192e-01+6.16268962e-03j
1.76562122e-01+3.10032335e-02j
-5.63746526e-01-1.55925229e-02j
-9.79383869e-01+8.99050745e-03j
-5.73934271e-01+3.39706973e-03j
1.51951251e-01-7.22640268e-03j
5.60497006e-01+1.99605420e-02j
2.80126595e-01-1.48211346e-02j
-4.89074239e-01+1.36208632e-03j
-9.62844859e-01-2.99311257e-02j
-6.84223598e-01+1.00776251e-02j
7.63760063e-02-8.63325492e-03j
5.63468737e-01-9.47306040e-04j
3.57506832e-01+1.27433668e-02j
-3.99074086e-01-2.36911801e-02j
-9.07866880e-01-1.46216846e-02j
-7.57209773e-01-3.71235927e-03j
-6.82437833e-02+6.91651570e-03j
5.55212048e-01+2.79936974e-03j
4.08334134e-01+2.24791066e-02j
-2.89929892e-01-2.01749647e-03j
-8.99399532e-01-2.00689828e-02j
-8.58947512e-01-1.72491065e-02j
-1.34944985e-01-6.55219518e-03j
4.66903519e-01-6.99831506e-03j
4.74360839e-01+3.27448616e-02j
-1.75452273e-01+2.96140289e-03j
-8.36401435e-01+5.11254828e-03j
-8.74842133e-01-3.58569379e-02j
-2.72239216e-01-3.18255558e-03j
4.18838192e-01+1.45355720e-03j
5.43394201e-01+4.57540800e-03j
-5.19972765e-02+4.50833481e-04j
-7.72914211e-01-2.38055971e-03j
-9.32332031e-01+4.61993918e-03j
-3.48095894e-01-9.32124691e-03j
3.44154398e-01+1.27031486e-02j
5.38738319e-01+1.69185928e-02j
6.47063264e-02-6.82019917e-03j
-6.93464312e-01+4.05712145e-02j
-9.71950929e-01-1.60684499e-02j
-4.86063185e-01+1.43967670e-02j
2.76219246e-01+7.42704494e-03j
5.83120803e-01+1.37240652e-02j
1.25918001e-01-1.47318907e-02j
-6.12167096e-01+1.58053106e-02j
-9.65885100e-01-1.91124399e-02j
-5.53597098e-01-2.11650715e-02j
1.95617555e-01+1.88096890e-02j
5.70630784e-01+1.34039796e-02j
2.47338886e-01-1.30862415e-02j
-5.23893799e-01+4.33749587e-03j
-9.65731304e-01+1.24978929e-02j
-6.71261424e-01-9.79072994e-03j
1.14312022e-01-2.62348221e-02j
5.72472658e-01-5.87292011e-03j
3.01949414e-01+2.79024770e-02j
-4.51731737e-01+1.28182205e-02j
-9.16594884e-01-1.89692833e-02j
-7.63529320e-01-9.34702215e-03j
-2.59362378e-02+1.95934675e-02j
5.06475078e-01-1.56550188e-02j
4.16629795e-01+1.03997432e-03j
-3.20241798e-01+5.01702300e-02j
-8.95028839e-01-5.85787362e-03j
-7.69523824e-01+3.72852497e-03j
-1.48525698e-01-4.13391035e-03j
5.13338641e-01+1.74610181e-02j
4.35352920e-01+2.18670411e-02j
-2.26435057e-01-1.12714815e-02j
-8.61522571e-01+1.70906751e-02j
-8.21946576e-01+8.51131201e-04j
-2.03126801e-01+3.78812309e-02j
4.38839604e-01-2.35250283e-03j
4.99029694e-01+8.11138318e-03j
-1.14087258e-01+4.58513828e-03j
-7.82457674e-01+7.28002555e-03j
-9.02625671e-01-2.79681632e-02j
-3.22371896e-01-4.28889110e-02j
4.00109419e-01-2.92450798e-02j
5.49616371e-01-1.62993240e-02j
-1.77544619e-02-1.61231694e-03j
-7.53299760e-01+2.47893307e-02j
-9.46074117e-01-2.50403494e-02j
-4.14310770e-01+1.65613719e-02j
3.17536851e-01-2.55473694e-02j
5.71381235e-01+3.07976001e-02j
8.05292446e-02+1.03378135e-02j
-6.42706585e-01-1.13686699e-02j
-9.60841887e-01-1.45173307e-02j
-5.10911708e-01+1.40048439e-02j
2.26686856e-01-1.11672077e-03j
5.87932112e-01+1.08888916e-02j
1.93664663e-01-2.07695485e-02j
-5.66099018e-01+2.01562905e-02j
-9.77989798e-01-2.90568509e-02j
-6.45225628e-01+2.28724963e-02j
1.24893354e-01-1.38386355e-02j
5.71328277e-01-6.45822798e-03j
2.82320991e-01-2.35661287e-03j
-4.58668543e-01-2.05990035e-02j
-9.58605458e-01+8.01416893e-03j
-7.25060509e-01+2.06986453e-02j
2.60651634e-02-1.35067701e-02j
5.82715032e-01-1.77031123e-04j
3.57993458e-01+1.16461883e-03j
-3.48115749e-01-5.00449484e-04j
-9.13111419e-01+5.93328056e-04j
-7.79420040e-01+3.53635395e-03j
-9.63006170e-02-9.44665820e-03j
4.98322440e-01-1.54353546e-02j
4.36732926e-01-1.99231450e-02j
-2.64350383e-01-1.03433107e-02j
-8.68913178e-01+1.70580728e-04j
-8.56280515e-01+6.80643384e-03j
-1.71886139e-01+2.81113213e-02j
4.55620649e-01+3.93375468e-04j
4.90473913e-01-1.41253887e-02j
-1.58898992e-01-3.65630809e-03j
-8.26193968e-01-2.26893379e-02j
-9.06578172e-01-1.26321210e-02j
-3.05346177e-01+3.58185764e-02j
4.32550166e-01-2.39652875e-02j
5.37349902e-01-6.65539146e-03j
-2.37161922e-02+2.13777602e-02j
-7.41089300e-01-1.95211509e-02j
-9.36435374e-01-4.58836569e-03j
-4.31811190e-01-1.08913187e-02j
3.18001645e-01+9.87447566e-03j
5.49279322e-01-2.83818506e-02j
6.96824807e-02-7.52444609e-03j
-6.81216859e-01-1.78139472e-03j
-9.71293727e-01-1.36624370e-03j
-5.25349186e-01+2.33954547e-03j
2.46504106e-01+6.21263777e-03j
5.56270233e-01+1.87185141e-02j
1.31571985e-01+5.02162918e-03j
-5.81620337e-01-9.97213252e-04j
-9.68954771e-01+1.98127634e-02j
-5.72455256e-01-8.93457721e-03j
1.45128883e-01+2.90407116e-03j
5.89432968e-01-2.47078206e-03j
2.57228499e-01-7.27898080e-03j
-4.81272347e-01+4.93383076e-03j
-9.65741970e-01-5.22093690e-03j
-7.07456885e-01-3.66641156e-02j
3.97697675e-02-9.15818460e-03j
5.83300397e-01+1.59684513e-03j
3.24461610e-01-2.18851355e-02j
-3.95443144e-01-2.60235553e-03j
-9.12698234e-01+3.43712589e-02j
-7.43919237e-01-1.97021182e-02j
-4.64929858e-02+1.03748043e-02j
5.59672728e-01-1.24303657e-02j
4.34851399e-01-1.14908480e-02j
-2.64594066e-01-8.71362955e-03j
-8.82045121e-01+3.77582703e-02j
-8.41147994e-01-1.87047403e-03j
-1.48257209e-01-1.92063265e-02j
4.70896023e-01+2.86709404e-02j
4.55401466e-01-4.67391262e-03j
-1.98019505e-01-3.32544168e-02j
-8.42272490e-01-4.33729132e-03j
-8.66370511e-01-2.38750985e-02j
-2.53560860e-01+4.66544943e-03j
4.46183979e-01-1.24724208e-02j
5.09153302e-01+6.05446994e-03j
-6.51990380e-02-2.60805719e-02j
-7.86721573e-01+7.09116650e-04j
-9.28317878e-01+2.16538108e-02j
-3.59057317e-01-8.40481498e-03j
3.79165191e-01-9.98733459e-03j
5.62094014e-01-7.06734056e-03j
3.97525256e-02-9.58038652e-03j
-6.99678352e-01-1.35127749e-02j
-9.32984481e-01+1.79028694e-02j
-4.70683078e-01+1.15982004e-03j
2.88358130e-01+4.84976646e-03j
5.78973182e-01+4.13125377e-03j
1.17701220e-01+1.15592628e-02j
-6.24833074e-01+6.08713551e-03j
-9.51570704e-01-3.15006729e-03j
-5.58135039e-01-1.38523983e-03j
1.78139618e-01-7.67455682e-03j
5.92525988e-01+2.19543157e-02j
2.11478096e-01-3.86418732e-03j
-5.44112373e-01+2.09471998e-02j
-9.48066135e-01+9.61352942e-03j
-6.39956417e-01-4.03758301e-02j
9.03016161e-02+6.82296166e-03j
5.66853378e-01+2.17567255e-02j
3.21146499e-01-1.14771268e-02j
-4.24286842e-01+2.89379610e-02j
-9.07813850e-01+2.68772266e-02j
-7.16562861e-01+1.83848437e-04j
7.06344660e-03-2.11901762e-02j
5.30924931e-01-6.54648809e-03j
3.91052939e-01+2.13857916e-03j
-3.35138543e-01-3.25632490e-03j
-8.91721178e-01-2.00871919e-02j
-7.83256510e-01-1.58073887e-02j
-1.13753871e-01-2.50183153e-02j
5.11110280e-01+9.42051379e-03j
4.77795381e-01-9.63662167e-03j
-2.03572379e-01-2.54936884e-02j
-8.49323520e-01+1.31212965e-02j
-8.58541278e-01+9.17184021e-03j
-2.48383688e-01+7.14021496e-03j
4.62157170e-01-3.58521582e-02j
5.05081730e-01+1.80620512e-02j
-1.21145430e-01+1.06343095e-02j
-8.01132876e-01+2.76949567e-02j
-9.05594725e-01-2.45826417e-02j
-3.02621246e-01+2.05825459e-02j
3.70563300e-01+3.46783737e-02j
5.68541557e-01-1.87392214e-02j
-2.81501276e-02-5.71460000e-03j
-7.32640553e-01-4.86543279e-03j
-9.53462454e-01+1.14226574e-02j
-4.18968611e-01-7.64244139e-03j
3.09108618e-01+1.22094204e-02j
5.54357520e-01-6.41768045e-03j
6.16222425e-02+2.62381614e-02j
-6.44782998e-01+6.96527605e-03j
-9.80302267e-01+4.30599054e-04j
-5.17492087e-01-1.76434678e-02j
2.40899436e-01+2.95899830e-02j
5.87865296e-01+1.23657139e-02j
1.69345255e-01+1.71120999e-02j
-5.69119314e-01-1.12442921e-02j
-9.63451488e-01-1.49424710e-03j
-5.75557339e-01-1.54058040e-03j
1.41850068e-01-7.36572847e-03j
5.87448418e-01-6.15061723e-03j
2.85247298e-01+2.54602264e-03j
-4.70705470e-01+7.24262790e-03j
-9.30871718e-01+1.02825069e-02j
-6.75825289e-01-4.24645216e-03j
3.00509824e-02+3.06820807e-02j
5.75646335e-01+8.90805738e-03j
3.67381358e-01-2.77626598e-03j
-3.86431586e-01+9.26667935e-03j
-9.13159061e-01+2.44075302e-02j
-7.63195382e-01+8.37291517e-03j
-6.58533211e-02-3.86474797e-04j
5.31355072e-01+1.66176943e-02j
4.04853325e-01+1.96710616e-02j
-2.39433601e-01+1.77437259e-02j
-8.98725704e-01+1.86440935e-02j
-8.29008704e-01+3.00476320e-02j
-1.64243231e-01+3.41707691e-03j
4.90033251e-01+2.17656703e-02j
4.82677156e-01+8.77480210e-03j
-1.46467239e-01+1.39027361e-02j
-8.35453098e-01-7.97416657e-03j
-9.12602525e-01-3.22034344e-02j
-3.01874381e-01+1.29602200e-02j
4.10683685e-01+2.73697581e-02j
5.17119533e-01+1.15018641e-02j
-4.00335957e-02+8.25453500e-04j
-7.97700014e-01-1.28158489e-03j
-8.95502047e-01+1.44061869e-02j
-4.09873496e-01+8.42596269e-03j
3.23374615e-01-8.03902639e-03j
5.36234553e-01-1.65744024e-02j
5.35340100e-02+1.54599081e-03j
-6.90149145e-01+2.37579244e-02j
-9.57877385e-01+5.66491882e-03j
-4.82166639e-01+1.29138052e-02j
2.86646246e-01+1.10299796e-02j
5.42246111e-01+4.63965109e-03j
1.82048894e-01-3.03989379e-02j
-5.85090753e-01-4.13900867e-02j
-9.62885281e-01+7.97883956e-03j
-5.85253677e-01-2.75298214e-02j
1.73784240e-01-6.82302336e-03j
5.73828431e-01-1.81733253e-02j
2.23074060e-01+2.28864309e-02j
-5.08550421e-01+7.87150238e-03j
-9.42281463e-01+8.82108225e-03j
-6.49970849e-01-8.56564104e-03j
9.01310226e-02-3.36109213e-03j
5.69655613e-01-2.43674700e-02j
3.10672850e-01-3.25372203e-02j
-4.18539017e-01-6.80397835e-03j
-9.23723003e-01+1.16578136e-02j
-7.61595959e-01+1.30061429e-02j
-4.83770413e-02-6.82003077e-03j
5.36257319e-01+2.06393987e-03j
3.90905602e-01+1.99617148e-02j
-3.06021327e-01-1.88885324e-02j
-9.14957554e-01-1.59896138e-03j
-8.06379461e-01-1.63818297e-03j
-1.37529853e-01-4.23172528e-02j
4.76353304e-01+1.26242655e-02j
4.72471887e-01+1.73917111e-02j
-1.44767512e-01+4.71449676e-03j
-8.63815116e-01-1.27874167e-02j
-8.63245332e-01-1.00609658e-02j
-2.54065496e-01-1.58734941e-02j
4.22619533e-01-1.66964903e-02j
5.43233657e-01-7.67769312e-04j
-9.05276649e-02+7.14380276e-03j
-8.09863708e-01-1.36953232e-03j
-9.23246458e-01-1.77054609e-02j
-3.65780005e-01+6.03413502e-03j
3.80532247e-01-5.54717074e-04j
5.72583833e-01-1.10380797e-02j
1.54278550e-02-7.86999016e-03j
-7.44685519e-01-1.68882702e-03j
-9.43578290e-01+2.86032689e-02j
-4.74057167e-01-4.64421390e-03j
3.07843030e-01+2.75063352e-02j
5.77697293e-01-6.02748846e-03j
8.74926412e-02+3.41490796e-04j
-6.16719753e-01-3.00802716e-02j
-9.76752255e-01+1.97581986e-03j
-5.73258597e-01-1.25024693e-02j
1.72770471e-01+2.98480824e-03j
5.70996263e-01-2.27012705e-02j
2.02797218e-01+1.66876171e-03j
-5.47583892e-01-3.78181514e-02j
-9.62203663e-01-1.34625424e-02j
-6.34185078e-01+4.31935236e-03j
1.14947455e-01+1.22492431e-02j
5.84784062e-01-1.96470729e-02j
2.97664084e-01+1.21425106e-02j
-4.29281251e-01-3.57409578e-02j
-9.18790285e-01-2.44501516e-04j
-7.23054063e-01-3.99942212e-03j
2.90268267e-02-6.05291654e-03j
5.76684708e-01-3.18795839e-03j
3.47684754e-01+9.55475792e-04j
-3.42851075e-01+2.42229708e-02j
-9.44395049e-01+3.10162288e-02j
-7.80371017e-01+1.07525354e-02j
-8.88019329e-02+7.10284361e-03j
5.32856269e-01+7.91099757e-03j
4.34614891e-01-7.03225347e-03j
-2.53262852e-01-3.50166369e-02j
-8.61782610e-01-1.81701923e-02j
-8.67704745e-01+6.62726282e-03j
-1.92868622e-01+5.02490837e-03j
4.44184755e-01+1.22940364e-02j
5.18922181e-01-4.30898970e-03j
-1.14486251e-01+9.77399187e-03j
-7.81512007e-01+5.46977203e-03j
-8.65728439e-01-1.71418125e-02j
-3.03899170e-01+2.84402280e-03j
4.07102528e-01-7.21719544e-03j
5.56793233e-01-1.17991758e-02j
-2.44262034e-02+1.61223615e-02j
-7.42606467e-01-1.19606845e-03j
-9.07863712e-01-2.91707208e-03j
-4.41384275e-01+2.02735735e-03j
3.09164619e-01+9.66587902e-03j
5.79225020e-01+4.14882825e-02j
6.49658399e-02-1.32288783e-02j
-6.26915521e-01+4.59194307e-03j
-9.59921411e-01-1.19416282e-02j
-4.92915232e-01-7.93996732e-03j
2.38694764e-01-8.30375870e-03j
5.85432719e-01-4.79642013e-03j
1.84155873e-01-1.35703111e-02j
-5.61948086e-01+1.37733441e-03j
-9.60602602e-01-1.23664454e-02j
-5.75712761e-01-8.49618621e-04j
1.36191611e-01-1.07936564e-02j
5.82812434e-01-9.91531420e-03j
2.75802012e-01-6.61555810e-05j
-4.62838265e-01+7.04860662e-03j
-9.56921002e-01-2.11828873e-02j
-7.01948432e-01-1.02308840e-02j
4.64013298e-02-3.69139764e-02j
5.64130876e-01-9.46997734e-03j
3.72623591e-01-1.96727540e-02j
-3.59990972e-01-3.91678139e-03j
-9.13770580e-01-1.64465715e-02j
-7.69555974e-01-2.20488185e-02j
-7.63738392e-02-4.91614563e-03j
5.05010522e-01-9.88616732e-03j
4.10206560e-01+7.91716861e-03j
-2.78432825e-01+1.87303372e-02j
-8.91800631e-01+2.08714467e-02j
-8.15496406e-01+8.78044014e-03j
-1.62749608e-01+6.60516892e-03j
4.82555055e-01+2.44063680e-02j
4.92363268e-01-2.54105602e-02j
-1.67693048e-01+3.17658691e-03j
-8.39259876e-01+2.22188466e-02j
-8.74507768e-01-2.23030800e-03j
-2.67136894e-01-6.10152983e-04j
4.23375498e-01+5.50143817e-03j
5.00853591e-01+1.63860012e-02j
-5.86698677e-02-1.41408302e-03j
-7.73939284e-01+7.32760300e-03j
-9.14226473e-01-5.94546838e-03j
-4.16178626e-01-2.94242383e-02j
3.56306506e-01-2.42071259e-02j
5.51678089e-01+8.82348545e-03j
5.02806847e-02+6.24644370e-03j
-6.89695533e-01+9.77834894e-03j
-9.58925816e-01+7.84626119e-03j
-4.83391540e-01-4.65887759e-02j
3.09854178e-01+6.53486242e-03j
6.01737669e-01+8.11615329e-03j
1.45959361e-01+2.37417472e-02j
-6.28777138e-01+1.38810924e-02j
-9.45124089e-01-4.75897656e-03j
-5.76129076e-01+5.47232354e-03j
1.88580218e-01-6.83353459e-03j
6.04466074e-01+4.10265881e-03j
2.45895115e-01-5.23072958e-03j
-5.05753247e-01+1.54557661e-03j
-9.66636819e-01-2.11456421e-02j
-6.83042414e-01-3.16638771e-02j
5.52246194e-02+1.46521725e-02j
5.44233375e-01+5.25843993e-03j
2.84709077e-01+1.71299458e-02j
-4.12604328e-01+2.40903514e-02j
-9.49715050e-01-1.76400754e-02j
-7.43613027e-01+2.77315019e-02j
-1.12565032e-02-1.35732379e-03j
5.34904376e-01+2.41922329e-02j
3.95430204e-01-5.62782202e-03j
-2.71112444e-01+6.60250529e-03j
-9.05612535e-01-1.22815285e-02j
-8.08065154e-01-2.03490513e-02j
-1.21396921e-01+4.24929897e-03j
5.03389296e-01-6.79068740e-03j
4.74686356e-01+7.05102422e-03j
-2.07937898e-01-1.95422108e-03j
-8.22299361e-01-1.77318374e-03j
-8.89358118e-01+2.99599655e-02j
-2.37101413e-01-1.98555466e-04j
4.69850647e-01-1.48468635e-02j
5.39469603e-01+3.45033112e-03j
-1.00519649e-01-2.55773774e-02j
-8.14948601e-01-2.17902724e-02j
-9.16033629e-01-9.99685564e-03j
-3.23328711e-01+4.73101795e-03j
3.56096133e-01+1.93278532e-02j
5.37654944e-01-6.54713200e-03j
-4.41980828e-03+2.14616382e-02j
-7.30878267e-01+5.50294127e-02j
-9.26067046e-01-6.32050083e-03j
-4.44493514e-01-2.57308617e-02j
3.28782710e-01-9.53778425e-03j
5.86739651e-01-9.14637623e-03j
1.09923991e-01-9.20466681e-03j
-6.37434476e-01-3.72904959e-03j
-9.71136176e-01+4.25714570e-03j
-5.46125969e-01-1.93140600e-02j
2.09106931e-01+2.56256391e-02j
5.82005552e-01+4.83240051e-04j
1.76090061e-01-4.67407487e-03j
-5.73394059e-01-1.80041281e-02j
-9.70088069e-01+1.81490573e-02j
-6.15668114e-01-1.77857380e-02j
1.12305059e-01-1.89870587e-02j
5.93112292e-01+5.27585088e-03j
2.63108548e-01-1.05225003e-02j
-4.52142873e-01+6.08899023e-03j
-9.06544965e-01+1.53403308e-02j
-7.19237481e-01+5.44131607e-03j
1.40034673e-02-2.14259823e-02j
5.54006104e-01+3.49234007e-02j
3.94299470e-01-2.23867612e-02j
-3.35407355e-01-2.55559404e-02j
-8.84740851e-01+1.25764266e-02j
-7.85599602e-01-2.44671938e-02j
-1.14180774e-01-5.24494880e-03j
5.18730084e-01+9.42770105e-03j
4.34773982e-01+5.12684682e-03j
-2.26830590e-01+8.46041609e-03j
-8.57385174e-01+4.66674482e-03j
-8.48265538e-01+1.07767396e-03j
-1.74806465e-01+1.12903596e-02j
4.55049512e-01+1.65386534e-02j
4.99701834e-01-7.44931316e-03j
-9.58472748e-02-1.90666446e-03j
-8.40818901e-01-1.41034780e-02j
-8.96161503e-01-7.48549039e-03j
-2.96192086e-01+1.44505829e-02j
4.01816157e-01-1.06069456e-02j
5.33075813e-01-2.72251415e-02j
-4.22378924e-02-8.29359147e-03j
-7.32105956e-01-8.28558116e-03j
-9.38745849e-01+1.02660741e-02j
-3.98097446e-01-3.40046402e-03j
3.13023878e-01-1.44978898e-03j
5.83034005e-01+1.34500200e-02j
9.71408392e-02-5.48057685e-03j
-6.79341945e-01-2.09952917e-03j
-9.36094503e-01+1.04931076e-02j
-5.05227526e-01-2.91272337e-02j
2.76492128e-01+2.83284379e-02j
5.77165112e-01+1.69212196e-02j
1.68403947e-01-5.38059515e-03j
-5.92452428e-01+2.43713262e-02j
-9.66209817e-01+1.02479403e-02j
-6.14546755e-01+2.73705632e-02j
1.67390585e-01+1.30271743e-03j
5.92988458e-01-1.78525451e-02j
2.78083255e-01+1.78893996e-02j
-4.85224667e-01+1.10548863e-02j
-9.58794746e-01-2.26489255e-03j
-6.70459217e-01+9.66708365e-03j
4.02249152e-02-1.54644613e-02j
5.53281992e-01-9.74049726e-03j
3.37247865e-01+1.63835729e-02j
-3.91352203e-01+5.98180468e-04j
-9.14623963e-01-1.77420173e-03j
-7.72865056e-01-1.36461276e-02j
-6.79957477e-02-1.26362567e-02j
5.23038081e-01+1.89022481e-02j
4.00383488e-01+6.02087474e-03j
-2.65149715e-01+1.87268138e-02j
-8.92151765e-01-7.98659565e-03j
-8.42790489e-01-2.21276162e-02j
-1.62470845e-01-1.93920540e-02j
4.46433766e-01+7.23571650e-03j
4.99479459e-01-1.08423125e-02j
-1.67709450e-01+2.69198640e-03j
-8.32549106e-01-1.65831714e-02j
-8.94696227e-01+3.08539800e-02j
-2.54641690e-01-9.69291804e-03j
4.20686787e-01+2.71996687e-03j
4.95262341e-01+1.23691201e-02j
-4.88856706e-02+1.81799303e-02j
-7.80606965e-01-3.24922184e-02j
-9.44448129e-01+1.48762548e-02j
-3.62641816e-01-2.18115667e-02j
3.68885210e-01-4.37407217e-03j
5.67051314e-01+2.00900449e-02j
3.63404483e-02+8.69779699e-03j
-6.77611964e-01-1.71373384e-02j
-9.28166939e-01+7.19859099e-03j
-4.67131020e-01+1.54335762e-02j
2.92498125e-01-3.70784186e-04j
5.68796262e-01-1.95206059e-02j
1.35567640e-01-8.90142526e-03j
-6.22164356e-01-8.02634506e-03j
-9.63861938e-01+9.78120745e-05j
-5.85234890e-01+1.75315649e-02j
2.12811898e-01+1.71682818e-02j
6.01520625e-01-1.51265394e-02j
2.38666215e-01+4.66735609e-03j
-5.31229435e-01+1.23346424e-02j
-9.78833994e-01+4.97487778e-04j
-6.46791222e-01-2.98437188e-02j
1.07558832e-01+4.88358477e-03j
5.52520285e-01-7.15082656e-03j
2.99282504e-01-1.40419815e-02j
-4.46307361e-01-3.90312654e-02j
-9.47528205e-01-7.80200497e-04j
-7.35243210e-01+1.79927192e-02j
-1.52288503e-02-9.19262268e-03j
5.45485115e-01+3.47684944e-02j
4.12599020e-01-2.62253005e-03j
-3.16289909e-01+3.75678947e-02j
-8.83286119e-01-1.38649742e-03j
-7.89265069e-01-8.03320277e-03j
-8.53659503e-02-1.99912567e-02j
5.14578632e-01-2.60045659e-02j
4.50502689e-01-3.03678367e-02j
-2.09602325e-01+1.25048303e-02j
-8.41659606e-01+1.72997313e-02j
-8.63822464e-01+6.63480936e-03j
-2.08852550e-01+7.82424122e-03j
4.53797051e-01+2.81466419e-02j
5.01484812e-01-1.97485885e-02j
-1.26185945e-01+5.91463561e-03j
-8.18074008e-01-2.02326585e-02j
-9.08100983e-01-5.58751079e-03j
-3.44447465e-01+1.73006514e-02j
3.72304858e-01+8.42694958e-03j
5.35780573e-01-1.26235885e-02j
-6.37930368e-03-6.53945456e-03j
-7.30781238e-01+6.42025034e-03j
-9.08032972e-01+1.88048505e-03j
-4.49227667e-01+7.37494268e-03j
3.50265102e-01+2.42259426e-02j
5.64301560e-01+6.59207812e-03j
8.11912490e-02+1.22814352e-02j
-6.61296652e-01+1.10624449e-04j
-9.79679738e-01+1.06106900e-02j
-5.38051268e-01+2.41736024e-02j
2.38750337e-01+2.32844888e-02j
5.96050291e-01-1.34346044e-02j
1.96292353e-01+7.04652415e-03j
-5.75779046e-01-2.11497339e-02j
-9.34052342e-01-1.58857538e-02j
-6.31604984e-01+1.27817124e-02j
1.20475016e-01+6.83801274e-03j
5.76300937e-01+1.54929686e-02j
3.18599206e-01+6.60820346e-03j
-4.30338542e-01+4.86978707e-04j
-9.54800375e-01-2.20010570e-02j
-7.18781210e-01+8.21479023e-03j
2.50174984e-02-1.63887761e-02j
5.92128632e-01-3.86635645e-02j
3.55644136e-01-2.48382105e-03j
-3.40495193e-01+1.69432118e-04j
-9.02066126e-01-7.75162427e-03j
-7.69742353e-01+5.72775407e-03j
-7.29031622e-02+6.02348717e-03j
5.11537825e-01-2.72068419e-02j
4.09113936e-01-2.91488204e-04j
-2.70306849e-01-2.31655370e-02j
-8.51182169e-01-1.01921856e-02j
-8.34463930e-01+2.42735725e-02j
-1.60304494e-01+2.90112880e-02j
4.54853447e-01+3.57496847e-03j
5.04770033e-01-1.32565085e-03j
-1.20532189e-01+2.79648241e-03j
-8.16631431e-01+1.10838256e-02j
-8.57647085e-01+3.51773519e-02j
-2.86019712e-01-1.79189463e-02j
3.79608262e-01+3.91218304e-03j
5.16318492e-01+1.69994344e-02j
-3.81626976e-02-1.25970838e-02j
-7.45993580e-01+1.51244361e-02j
-9.24381015e-01+4.45423420e-03j
-3.66823502e-01-2.32342533e-03j
3.51153648e-01-7.82420407e-03j
5.72499735e-01+2.61940009e-02j
5.11586746e-02+2.87104757e-02j
-6.92494548e-01+1.69640919e-02j
-9.40661758e-01+6.79523007e-03j
-4.99334314e-01+1.29206895e-02j
2.40724768e-01+1.06771276e-02j
5.77625586e-01-2.40987791e-03j
1.49655001e-01-4.92998585e-03j
-5.55395828e-01+1.90908658e-03j
-9.63685750e-01+1.22274523e-02j
-5.85176027e-01-2.17528102e-02j
1.90728855e-01+3.92909244e-03j
5.73075360e-01+5.62393153e-03j
2.21294066e-01-5.34629785e-03j
-4.75675280e-01+1.19085601e-02j
-9.64561899e-01-2.56849280e-03j
-6.69794202e-01-3.67109858e-03j
7.39742339e-02+4.54194593e-03j
5.71104546e-01-1.61169016e-04j
3.17752567e-01+1.18600502e-02j
-4.03615679e-01-2.44368778e-02j
-9.12416096e-01-9.79108302e-03j
-7.67823774e-01+1.66408761e-02j
-4.35653653e-02-8.34657034e-04j
5.46765406e-01+2.32186600e-02j
4.00377943e-01+3.42881347e-03j
-2.96913327e-01+1.53805119e-02j
-9.28810921e-01-2.05858282e-02j
-8.34008968e-01-1.80833490e-02j
-1.30497135e-01-1.55835589e-02j
4.88108293e-01-1.91029192e-02j
4.60126398e-01+2.05969644e-02j
-2.15002066e-01+1.51374016e-02j
-8.50818207e-01+4.09642127e-03j
-8.82012221e-01+1.56949015e-03j
-2.41865717e-01-1.09827413e-02j
4.40052011e-01+1.93340802e-02j
5.19304726e-01+2.37609205e-02j
-9.31291401e-02+2.62917604e-02j
-7.92108547e-01+6.80047895e-03j
-8.88453351e-01+7.66075375e-03j
-3.41770287e-01-9.67807956e-04j
3.49120703e-01+5.98606331e-03j
5.64437847e-01-2.96993581e-02j
2.45471982e-02-4.91483892e-03j
-7.13914370e-01-1.91859952e-02j
-9.47410908e-01+1.97142899e-03j
-4.67303520e-01-6.46733965e-03j
2.77747064e-01-5.47627841e-03j
5.68039067e-01-7.44692496e-03j
1.25273623e-01-4.08088021e-04j
-6.17538873e-01-9.65721059e-03j
-9.57850558e-01-2.15513437e-02j
-5.58264714e-01-5.88273216e-03j
2.14685416e-01+1.13452076e-02j
5.87668637e-01+1.22161061e-02j
2.18000538e-01+7.03780426e-03j
-5.57449647e-01-3.53019166e-02j
-9.50529215e-01-8.38319508e-03j
-6.16024522e-01-2.35272595e-02j
9.94848953e-02+5.92034497e-03j
5.65556325e-01+1.01508683e-02j
2.89455345e-01-1.67561077e-02j
-4.23000986e-01+8.60188191e-03j
-9.09364221e-01+1.54638764e-02j
-7.37438656e-01+8.42970002e-03j
-1.03579213e-04+3.01133344e-02j
5.45042038e-01-2.71551591e-02j
3.99925540e-01+3.61635623e-03j
-3.40557979e-01-3.24792648e-03j
-9.22151233e-01-6.55441866e-07j
-8.03585603e-01+2.42752131e-02j
-1.30222953e-01-1.90762573e-02j
5.13442539e-01-1.00760300e-02j
4.36531889e-01-5.02999579e-03j
-2.45560903e-01+1.71043450e-03j
-8.70499175e-01+2.94644250e-02j
-8.18395600e-01+1.18898744e-02j
-2.15514781e-01+1.30616198e-02j
4.78847888e-01+2.47914135e-02j
5.00407010e-01+8.33590268e-03j
-1.26177426e-01+2.74615208e-04j
-8.16157174e-01+1.90048168e-02j
-8.95613228e-01-7.72944286e-03j
-2.89739470e-01-3.81177169e-02j
3.90148709e-01+8.96433493e-05j
5.30927416e-01+3.19841804e-03j
-1.08582758e-02-2.97903540e-03j
-7.57551360e-01+2.40545728e-02j
-9.30488390e-01+1.43586286e-02j
-4.04064211e-01-6.01271020e-03j
3.03957318e-01-3.25220210e-03j
5.53737229e-01+1.80504985e-02j
7.87597791e-02+2.62171997e-02j
-6.48310361e-01-5.54943211e-03j
-9.37970184e-01-1.27104081e-02j
-5.44250724e-01+2.56497591e-02j
2.28197078e-01+6.22495710e-03j
5.84381136e-01+1.65531911e-02j
1.89418560e-01-2.54828491e-03j
-5.78078337e-01-2.56797419e-03j
-9.45313925e-01+2.11622890e-02j
-6.18042439e-01-1.53523689e-02j
1.46314658e-01+4.68062031e-03j
5.58666952e-01+1.09287929e-02j
3.00870522e-01-3.67754410e-03j
-4.95968646e-01-2.11858293e-02j
-9.79701024e-01+3.72757104e-02j
-6.95195427e-01-3.81122734e-03j
5.88492740e-02-2.42884446e-02j
5.48602096e-01+1.89918156e-02j
3.56129648e-01+3.34808502e-03j
-3.54520823e-01+1.54786769e-02j
-9.34031133e-01+6.67357267e-03j
-7.82007053e-01+2.11897439e-03j
-7.29210679e-02+7.24862220e-03j
5.25196336e-01-4.90084350e-03j
4.51902230e-01+4.50820170e-03j
-2.43610992e-01+1.71951555e-02j
-8.81239312e-01-7.18343205e-03j
-8.04933507e-01-1.39256059e-02j
-1.90794829e-01+2.34880850e-03j
4.68996677e-01+1.21404459e-02j
4.80252065e-01+2.72279400e-02j
-1.42819693e-01-2.61641170e-02j
-8.03592524e-01-2.20149013e-02j
-8.62752458e-01-4.33622751e-03j
-2.95298908e-01+2.76513440e-03j
4.43167697e-01-6.01344973e-03j
5.40471510e-01+1.34302456e-02j
-6.64854816e-02-1.57794518e-02j
-7.69984095e-01-3.81968151e-03j
-9.14857801e-01-3.66509445e-03j
-3.96969762e-01-2.12389506e-04j
3.46846114e-01+1.43766004e-02j
5.56246674e-01-2.61634840e-03j
6.72431540e-02+7.57578260e-03j
-7.05823367e-01-2.31108742e-02j
-9.60048233e-01-1.15360230e-02j
-4.60099640e-01-1.06002028e-02j
2.47387687e-01-4.95914505e-03j
5.64131431e-01-2.33735403e-02j
1.65379330e-01-5.38400220e-03j
-6.12651982e-01+9.13384428e-03j
-9.40275491e-01-1.87787500e-03j
-5.70159449e-01+3.17663333e-03j
1.54875804e-01-2.80371041e-02j
5.71869826e-01-8.00124772e-03j
2.50357623e-01-5.16872985e-03j
-4.82866879e-01+1.27634898e-02j
-9.49480869e-01+1.14294970e-02j
-6.77825397e-01-2.90691497e-03j
8.07114531e-02-4.50221694e-03j
5.49677756e-01+7.03202989e-03j
3.53174938e-01-1.09557591e-03j
-4.10301687e-01-2.01568196e-02j
-9.30499155e-01-1.16178201e-02j
-7.64596356e-01-8.03189626e-03j
-4.55342841e-02+1.43394017e-03j
5.68294780e-01+1.34221875e-02j
4.30598872e-01-1.40621338e-02j
-2.82171109e-01-3.34505346e-03j
-9.00244912e-01+9.24355227e-04j
-8.11575571e-01-9.08906509e-03j
-1.36251722e-01-5.04514581e-03j
4.92769408e-01+1.68430085e-02j
4.70364943e-01+1.03048811e-02j
-2.05394402e-01-3.25990511e-03j
-8.32515461e-01+3.11201502e-02j
-8.81512584e-01+4.01761531e-03j
-2.29336027e-01-3.68857147e-03j
4.04728940e-01-3.94692506e-03j
5.09803038e-01+2.10520280e-02j
-1.08486463e-01+6.56173925e-03j
-7.77238187e-01-2.02656762e-02j
-9.34935198e-01+1.22140625e-02j
-3.68467746e-01-1.33051903e-02j
3.55899668e-01-3.79865629e-02j
5.63968849e-01+2.27982996e-02j
1.46212666e-02-1.44461582e-02j
-7.30537098e-01-2.12132275e-02j
-9.30953605e-01-7.98681589e-03j
-4.56074877e-01-3.32685844e-02j
2.97878400e-01-1.75303400e-02j
5.76036404e-01+1.89293583e-02j
1.16908846e-01-1.31982080e-02j
-6.34043804e-01+2.52513697e-02j
-9.78531397e-01+1.34844948e-02j
-5.29497706e-01-1.33128767e-03j
2.04667408e-01-7.06723824e-03j
5.66708286e-01-1.20580987e-04j
2.09624212e-01-3.46040496e-03j
-5.41039439e-01-2.82865908e-03j
-9.43725445e-01+1.74126498e-02j
-6.30020614e-01+1.93593700e-03j
1.06316745e-01+9.93270345e-03j
5.55527388e-01+4.10647442e-04j
3.24500291e-01+1.45506275e-02j
-4.31373938e-01+1.95407944e-02j
-9.44805870e-01+1.98319509e-02j
-7.24470803e-01-1.59287562e-02j
4.25091746e-02+2.55701920e-03j
5.25656231e-01-1.10314464e-02j
3.71950828e-01-1.38638106e-02j
-3.48389381e-01+5.86169101e-03j
-9.06927256e-01-2.37482224e-02j
-7.78642704e-01+4.45082854e-04j
-1.17156890e-01-1.19745885e-02j
4.99103703e-01-1.67207821e-02j
4.45964310e-01+2.63509364e-02j
-2.50281430e-01+1.65656261e-02j
-8.48655184e-01-1.14302704e-02j
-8.66861719e-01+6.96977191e-03j
-2.23294982e-01+6.36354295e-03j
4.57090013e-01-2.32712459e-02j
5.21065975e-01+7.45346491e-03j
-1.09601569e-01+3.55946115e-03j
-8.09085785e-01-2.57613669e-02j
-9.02668555e-01+2.20829780e-03j
-3.58126156e-01+1.90312746e-03j
4.18403146e-01+1.73288936e-02j
5.55692755e-01+2.11469281e-02j
-6.69623461e-04+5.70940881e-03j
-7.29462678e-01+1.09117498e-02j
-9.09594123e-01+1.22706160e-02j
-4.16997006e-01+6.00330207e-03j
3.19916764e-01+8.83630088e-04j
5.56775490e-01+4.45044626e-03j
7.87281075e-02-9.63820553e-03j
-6.63552829e-01-5.33392172e-03j
-9.54349594e-01-2.93353736e-02j
-5.13800346e-01+9.95859210e-03j
2.57804282e-01+3.72337625e-03j
5.91773378e-01-3.95512386e-03j
1.58448413e-01-1.53518028e-02j
-5.81159784e-01-1.48549670e-04j
-9.79228356e-01+2.84800325e-02j
-6.09113668e-01+1.13126265e-02j
1.52680370e-01+2.17362872e-02j
5.65351108e-01+1.40028277e-02j
2.73763045e-01+1.63868217e-02j
-4.76398469e-01-5.46665846e-03j
-9.67616310e-01+2.71961275e-03j
-6.69265820e-01+1.30346338e-02j
1.68708166e-02+3.30686551e-03j
5.46249811e-01-4.26953880e-03j
3.30060159e-01-3.01472282e-02j
-3.78609106e-01-7.02306539e-03j
-9.01979099e-01+4.16890382e-02j
-7.52897309e-01-1.21282861e-03j
-5.58902824e-02+1.14323821e-02j
5.35501746e-01-2.81077798e-02j
4.06507390e-01+1.17164191e-02j
-2.67690202e-01-4.43129933e-03j
-8.89277319e-01+9.58985924e-03j
-8.24725041e-01-1.43077934e-02j
-1.49500685e-01-2.37302231e-02j
4.66880153e-01+7.22820735e-03j
4.84764233e-01+3.62619263e-03j
-1.74644284e-01+3.80118955e-03j
-8.28530848e-01+1.80931927e-02j
-9.05694557e-01+6.27586650e-03j
-2.68062433e-01-9.78309839e-03j
3.92817109e-01+8.03613901e-03j
5.14933320e-01-1.37203779e-02j
-4.85848915e-02-4.27382727e-04j
-7.75234136e-01-1.89858533e-02j
-9.07412476e-01-1.45333028e-02j
-3.70521685e-01-1.89402569e-03j
3.56134795e-01-2.38060777e-02j
5.58302170e-01-1.14056395e-03j
4.34864251e-02+2.11896069e-03j
-7.10189972e-01-2.82060102e-03j
-9.19115371e-01-3.69451316e-02j
-4.76163642e-01-2.27323613e-02j
2.62203841e-01+1.96101556e-02j
5.66307007e-01+1.19650225e-03j
1.44204339e-01+7.27767041e-03j
-5.94290204e-01+2.27825982e-02j
-9.42897206e-01+3.65364300e-03j
-6.05911641e-01+1.14498103e-02j
1.82236517e-01+9.16585446e-04j
5.51599467e-01-2.11914034e-03j
2.36998125e-01-1.54241055e-02j
-5.17239355e-01+4.57511967e-03j
-9.42273950e-01+1.43939615e-02j
-6.76477667e-01-1.93620937e-02j
9.79004448e-02+2.99700499e-03j
5.76936636e-01+1.73957268e-02j
3.08152412e-01-2.03595663e-02j
-4.09683725e-01-1.25067206e-02j
-9.21241750e-01-3.33523975e-02j
-7.43099551e-01+1.27199354e-02j
1.31685207e-02+4.50375080e-03j
5.40028981e-01-3.40058018e-03j
3.91464844e-01+5.23614072e-03j
-3.04897636e-01+2.61000957e-02j
-9.02640151e-01-1.86692282e-02j
-8.09190031e-01-8.96814059e-03j
-1.10605361e-01-1.57065806e-02j
5.04812707e-01-1.84672610e-03j
4.74122688e-01-1.34497456e-02j
-2.16171821e-01+3.02588289e-03j
-8.60049967e-01+1.70003306e-02j
-8.66140455e-01-4.00662111e-02j
-2.16755084e-01+1.15893908e-02j
4.53282459e-01+5.06892724e-03j
5.36050218e-01+3.07099772e-02j
-1.09028420e-01-6.82057143e-03j
-8.03845593e-01-6.73406785e-03j
-9.28156009e-01-1.29310819e-02j
-3.06357768e-01+4.47607541e-04j
3.64647312e-01+1.34734472e-02j
5.25322471e-01+2.96860808e-02j
1.37001889e-02+1.39696992e-02j
-7.55730340e-01+1.50742581e-03j
-9.67084570e-01+2.85755752e-03j
-4.18397147e-01+5.99305316e-03j
2.96639635e-01+3.84606872e-04j
5.65794916e-01+8.66024197e-03j
1.30424380e-01+2.61106582e-03j
-6.16021297e-01+1.58618722e-02j
-9.76647814e-01-1.35808347e-03j
-5.37552222e-01+5.63283464e-03j
2.04542983e-01-1.74249549e-02j
5.73731880e-01+1.07767884e-02j
1.93327050e-01+3.54369208e-02j
-5.44562830e-01+7.57273177e-03j
-9.65593804e-01-9.34998585e-03j
-6.41882764e-01-1.19003268e-02j
1.34751228e-01+1.08777737e-02j
5.72834908e-01-1.60247454e-02j
2.84241071e-01+9.22497629e-03j
-4.77690909e-01+7.64759239e-03j
-9.40661611e-01-2.52448420e-03j
-7.27876895e-01+1.58448574e-03j
1.82345661e-02+3.40210067e-02j
5.81203444e-01+1.16318707e-02j
3.67659425e-01+1.33743805e-02j
-3.59245751e-01+8.17389889e-03j
-9.07265603e-01-3.26806103e-03j
-7.91239857e-01+1.24942636e-02j
-8.28217837e-02+1.22981687e-02j
5.09526248e-01+2.40608405e-02j
4.28909052e-01+4.24870830e-03j
-2.36797563e-01+5.89792385e-03j
-8.87966114e-01-3.00700566e-03j
-8.60282911e-01-1.59856719e-03j
-1.80921448e-01+1.05084276e-02j
4.55323266e-01-1.55025509e-02j
5.05692765e-01-5.06815015e-03j
-1.32208236e-01-6.00360004e-03j
-8.29081397e-01+1.27209211e-02j
-8.73668742e-01-2.50101328e-02j
-3.03845263e-01+1.08631116e-02j
4.02220986e-01+1.45997051e-02j
5.46271991e-01+2.07267780e-02j
-5.71921542e-02+2.64098097e-02j
-7.53241824e-01-1.10869736e-02j
-9.35126380e-01-4.53715541e-02j
-4.07568773e-01+9.91386620e-03j
3.32526029e-01+7.45174733e-03j
5.63859585e-01+9.80088963e-03j
5.51455670e-02+4.05656736e-02j
-7.07408965e-01-4.60802719e-03j
-9.55503328e-01-1.69552208e-03j
-4.97185412e-01-1.79076447e-02j
2.65817503e-01+9.09386300e-03j
5.96375449e-01-8.55796074e-03j
1.84938461e-01+2.55935671e-04j
-5.97561679e-01-2.07091070e-03j
-9.60838778e-01+8.92375185e-03j
-5.83167549e-01-1.11902356e-02j
1.86994674e-01-4.66468985e-03j
5.64251373e-01+4.18841166e-03j
2.54874766e-01-1.35935953e-02j
-4.93852449e-01-1.63353967e-02j
-9.48163648e-01+7.12439972e-03j
-6.77085906e-01-1.67252858e-02j
7.67818053e-02+2.36259144e-02j
5.83969106e-01+9.89122172e-03j
3.72734761e-01-8.92753849e-03j
-4.02256731e-01-1.52710511e-02j
-8.87432000e-01-1.38539818e-02j
-7.21092823e-01+1.46345450e-02j
-5.85632429e-02+1.10451496e-02j
5.30549515e-01+2.04406310e-02j
4.41087278e-01-1.00516277e-02j
-2.92032974e-01+6.63408729e-03j
-8.99352923e-01+5.87708722e-03j
-8.08519417e-01-9.49401042e-03j
-1.22748827e-01-8.04178558e-03j
4.81522928e-01-7.38358701e-03j
5.01763355e-01+2.14280944e-02j
-1.60052775e-01-9.63618552e-03j
-8.44128026e-01-6.61112735e-03j
-8.88044848e-01+1.45773719e-02j
-2.80608381e-01-7.97404854e-03j
4.36406014e-01-1.73985933e-02j
5.04495626e-01+1.60185158e-03j
-6.12413824e-02-1.74381822e-02j
-7.55798921e-01+1.68447041e-02j
-8.97125128e-01+8.86601400e-03j
-3.50828486e-01+3.46155827e-02j
3.39547429e-01-1.20667980e-02j
5.49497543e-01+4.12046283e-02j
2.83652121e-02+4.64610308e-02j
-7.09945181e-01-1.50984505e-02j
-9.49961798e-01-3.68584587e-03j
-4.45857311e-01-2.21948851e-02j
2.60782877e-01+1.46722634e-03j
5.78037019e-01-1.48271717e-02j
1.02084903e-01+1.23581364e-02j
-6.14478128e-01+1.01093615e-02j
-9.63072011e-01-2.88765086e-02j
-5.77165335e-01-1.99318388e-02j
1.89931677e-01+1.33736188e-02j
6.00251570e-01+7.33175054e-03j
2.52241639e-01-4.45743720e-03j
-5.31596680e-01-1.45977502e-02j
-9.49278325e-01+9.13825666e-04j
-6.28258818e-01+1.66022803e-02j
9.47519349e-02-8.86109476e-03j
5.69549767e-01+1.04414111e-02j
3.25605586e-01-6.44849387e-03j
-4.20348280e-01-2.25410540e-02j
-9.29224942e-01+1.39180927e-02j
-7.65234766e-01-7.69195357e-03j
-1.66501748e-02+7.36625297e-03j
5.60992819e-01+2.24769996e-02j
3.88185367e-01-1.15174664e-02j
-3.33840012e-01-1.13791736e-02j
-9.11146229e-01-2.29640542e-03j
-8.03431286e-01+8.07079688e-03j
-1.23357110e-01-4.04694593e-03j
5.16515691e-01-5.78977127e-03j
4.76601043e-01+8.93257569e-03j
-2.01567045e-01+3.48158832e-02j
-8.63204505e-01-2.78542808e-03j
-8.81154524e-01+4.00236708e-02j
-2.06030181e-01+2.08931829e-02j
4.59144144e-01-7.52448167e-03j
5.22290935e-01+2.40383866e-02j
-1.36422566e-01-9.50651615e-03j
-8.08479395e-01-1.01967978e-02j
-9.05951192e-01+2.46143533e-02j
-3.23003285e-01+2.43585948e-02j
4.02014498e-01+1.99306426e-02j
5.45986221e-01+2.07909099e-02j
-1.87833295e-02-3.13467506e-02j
-7.25874980e-01+2.09649731e-03j
-9.32943561e-01-9.30056897e-03j
-4.35516804e-01+1.13228699e-02j
3.30599854e-01+2.01643976e-02j
5.46788198e-01-1.03645274e-02j
9.91560288e-02-2.80293334e-02j
-6.52153184e-01-5.49442531e-03j
-9.49699151e-01-3.26534880e-02j
-5.34632814e-01+1.34535216e-02j
2.17346166e-01+1.05788193e-02j
5.73065608e-01-3.18876867e-05j
1.58817223e-01-1.43257730e-03j
-5.54119216e-01-1.27020170e-02j
-9.45371889e-01-1.62089255e-03j
-6.33524131e-01+6.84414815e-03j
1.43377046e-01+6.72696769e-03j
5.76970724e-01+1.45068536e-02j
2.78001897e-01+2.35964134e-03j
-4.64078589e-01-9.13797452e-03j
-9.74525224e-01-2.39416019e-02j
-7.01823121e-01-1.96955894e-03j
3.17504946e-02+1.64875119e-02j
5.45626308e-01+1.41785165e-02j
3.46492128e-01-2.20536164e-02j
-3.65555352e-01+1.02178591e-02j
-9.20070572e-01-4.02917122e-02j
-7.69183069e-01+1.00894468e-02j
-7.29742936e-02-1.42007669e-02j
5.24907627e-01+1.21025696e-02j
4.51806749e-01+7.83976699e-03j
-2.62755594e-01+4.05986232e-03j
-8.74480609e-01+1.81888827e-02j
-8.52592274e-01-2.05147691e-02j
-1.74371449e-01+1.96122982e-02j
4.78259272e-01-6.61375630e-03j
4.39449665e-01-2.28904678e-02j
-1.47705569e-01-7.83756266e-03j
-8.09581514e-01+8.12481643e-03j
-8.73546252e-01+8.17261544e-03j
-2.77956653e-01+1.27465391e-02j
4.45759780e-01-3.02937914e-02j
5.50840847e-01-1.84563949e-02j
-4.05499506e-02+1.32642781e-02j
-7.50736427e-01-9.81407230e-03j
-9.37130005e-01-5.22626024e-03j
-3.89036980e-01-5.42355959e-03j
3.53935690e-01+5.83266048e-02j
5.66468371e-01+6.49591725e-04j
6.05856637e-02-1.65165496e-02j
-7.05595738e-01+4.90762704e-03j
-9.55288095e-01+1.82613627e-02j
-5.05893650e-01+3.82005630e-03j
2.76342170e-01+2.26223063e-03j
5.82381589e-01-3.43641225e-03j
1.55825412e-01+5.26713762e-03j
-6.03481183e-01+5.55375703e-03j
-9.24763250e-01-3.71323378e-03j
-5.78463801e-01-2.01297497e-03j
1.55354243e-01-8.06367462e-03j
5.68490240e-01-1.65811008e-02j
2.57329288e-01+1.00554790e-02j
-5.00563765e-01-1.13874776e-02j
-9.33317283e-01-1.73180030e-02j
-6.77029884e-01+1.71968525e-02j
1.02896714e-01+1.82733803e-02j
5.46846289e-01+1.46034956e-03j
2.95367424e-01+1.80599109e-02j
-3.86474826e-01-2.95891776e-02j
-9.46238830e-01-2.67952761e-03j
-7.29251631e-01-1.48646643e-02j
-2.24489569e-02-1.48319119e-02j
5.47934920e-01-1.55083133e-02j
4.13014897e-01+1.70916402e-02j
-2.58703801e-01+1.39404855e-02j
-9.12977987e-01-6.46224372e-03j
-7.96040600e-01-1.85922757e-03j
-1.60368523e-01-4.86145250e-03j
4.80774752e-01-1.45501755e-02j
4.74162493e-01+1.03609438e-02j
-1.83027129e-01+1.51917537e-02j
-8.29076790e-01+1.40778931e-02j
-8.61528693e-01-8.07268781e-03j
-2.20052172e-01-1.07942957e-02j
4.46627816e-01+4.02447839e-03j
5.28444890e-01-1.53323301e-02j
-7.91725287e-02+7.73012391e-03j
-7.73564858e-01-1.78336554e-02j
-9.06311388e-01-3.05715282e-02j
-3.26724086e-01-1.73023802e-02j
3.73257523e-01-1.77049515e-02j
5.45944093e-01-2.60853712e-02j
4.01036563e-02-8.32532277e-03j
-7.35162161e-01-5.91916921e-03j
-9.37813317e-01-1.09747851e-02j
-4.32040498e-01+3.33577316e-02j
2.89249660e-01+1.99968678e-02j
5.94643377e-01+1.22608377e-02j
1.07725224e-01+2.93357392e-02j
-6.32097124e-01+1.55791754e-02j
-9.62209613e-01-3.20358824e-04j
-5.25415090e-01-7.62653173e-03j
1.83939635e-01+1.88084416e-02j
5.90735417e-01-5.77654636e-04j
2.11686722e-01+6.92605310e-03j
-5.26534464e-01-6.05327137e-03j
-9.55513889e-01+1.59332828e-02j
-6.45914643e-01-1.17348838e-02j
7.04416141e-02+2.14110045e-02j
5.53074383e-01+3.07030826e-02j
3.06167267e-01-1.11702614e-02j
-4.36197530e-01-1.03551571e-03j
-9.29159119e-01-9.67589159e-03j
-7.22064322e-01+9.20122665e-03j
-4.52115067e-03-7.45059748e-04j
5.32607227e-01+1.68866057e-02j
3.92593509e-01+1.87277366e-02j
-3.41284824e-01-1.39065367e-03j
-9.04403938e-01+5.11800191e-03j
-8.07492285e-01+1.65573889e-02j
-1.10345711e-01-1.68464734e-02j
5.34812901e-01+1.11689836e-02j
4.18691654e-01-5.62216716e-03j
-2.09536671e-01-6.64874351e-03j
-8.68995364e-01-4.47170190e-03j
-8.71785126e-01-8.83129573e-03j
-2.34496789e-01-2.31282380e-02j
4.67387986e-01-1.85111686e-02j
4.79962041e-01+1.18626311e-02j
-9.23263090e-02-1.99091545e-03j
-7.94386525e-01+1.56782044e-02j
-8.99666020e-01-3.00326437e-02j
-2.93949278e-01-8.23481459e-03j
3.94478597e-01+2.05022554e-02j
5.47378889e-01-2.50035959e-02j
-3.46339380e-02+1.12850793e-03j
-7.40931865e-01-4.92401583e-03j
-9.15270961e-01-2.63277376e-02j
-4.00465731e-01+1.76326725e-03j
3.17925810e-01+1.38632156e-02j
5.57488857e-01+8.08890504e-03j
6.97026764e-02-1.77494279e-02j
-7.01554550e-01+3.14964485e-02j
-9.44402598e-01-2.46755918e-03j
-5.02081137e-01+1.55665939e-02j
2.40350465e-01+1.14108343e-02j
5.61416571e-01+5.82959843e-03j
1.52448496e-01+2.24557049e-02j
-5.82408543e-01+1.98219777e-02j
-9.87024526e-01-5.16527026e-03j
-6.44155755e-01+1.07330701e-02j
1.26865185e-01-2.10710189e-02j
5.80501536e-01+3.83927317e-03j
2.68378061e-01-9.11672767e-03j
-4.60742187e-01+8.88888883e-04j
-9.28860335e-01-1.90826881e-02j
-7.24215742e-01-1.26195593e-03j
3.26449339e-02+6.67297620e-03j
5.60791028e-01+1.19018434e-03j
3.49909838e-01+3.55953721e-03j
-3.76621409e-01+2.89317718e-02j
-9.38358703e-01+5.40269684e-03j
-7.89850102e-01+1.90961756e-02j
-7.42094987e-02-1.74046860e-03j
5.32115276e-01-1.06285818e-02j
4.27958971e-01+1.92751955e-02j
-2.76888196e-01+3.18452364e-03j
-8.53784918e-01-8.37315653e-03j
-8.45753687e-01-9.45534732e-03j
-1.67731797e-01+2.37431264e-02j
4.44796068e-01-9.67253952e-06j
4.63632345e-01-4.31204801e-03j
-1.41856256e-01+2.87332981e-03j
-8.57739696e-01-6.39677605e-03j
-8.68068349e-01+1.07542284e-02j
-2.47544493e-01-1.71438076e-02j
4.32224803e-01-1.50529084e-02j
5.05863928e-01+1.63303717e-02j
-6.11539834e-02+2.85909598e-03j
-7.98260215e-01-1.41395424e-02j
-9.24016112e-01+9.61016424e-03j
-3.93089651e-01+1.68809005e-04j
3.54097979e-01+2.45382738e-02j
5.71704552e-01+1.35749119e-02j
4.15675738e-02-5.78796510e-03j
-6.88988628e-01-9.34422385e-03j
-9.48447855e-01-1.28520856e-02j
-4.85033064e-01+1.79057733e-02j
2.63289155e-01+8.98087045e-03j
6.04638895e-01-1.58920778e-02j
1.31533587e-01+2.12536159e-03j
-6.17653044e-01-1.66776252e-03j
-9.55643518e-01+3.11342944e-02j
-5.74679894e-01-1.22291604e-02j
1.77503869e-01-1.11573191e-03j
5.50458233e-01-8.69977013e-03j
2.40893979e-01-2.09249492e-02j
-5.28307240e-01-3.78781997e-02j
-9.59837354e-01+3.06163524e-03j
-6.73276774e-01-2.91887717e-02j
6.94636488e-02-1.17095238e-02j
5.79392443e-01-3.52210731e-02j
3.09957591e-01+6.71073331e-03j
-3.85455580e-01+2.39498753e-03j
-9.44889396e-01+1.92202557e-02j
-7.78527966e-01-1.88802145e-02j
-1.30565119e-02-3.65434956e-02j
5.29466051e-01+1.29293229e-02j
3.99993745e-01+1.01345205e-02j
-2.95665726e-01+8.45894570e-04j
-8.81104275e-01+2.09781531e-02j
-7.75803299e-01+3.10231846e-02j
-9.99581984e-02+2.75375459e-02j
4.70949218e-01-1.02021747e-02j
4.58445112e-01+1.79389380e-02j
-1.83819865e-01-6.49923433e-03j
-8.39905569e-01-6.42278593e-03j
-8.70283649e-01-1.78801003e-02j
-2.31284030e-01+1.00403710e-02j
4.53258811e-01-1.45226364e-02j
5.38264235e-01-9.10744125e-03j
-7.37831472e-02+3.96651246e-03j
-7.70797619e-01+1.99727512e-02j
-9.33188319e-01+4.99606538e-03j
-3.29684343e-01-1.26329932e-03j
3.84375463e-01+1.21553038e-02j
5.79255329e-01+3.35477610e-03j
1.14906535e-02-7.45162958e-03j
-6.93718203e-01-1.38086498e-02j
-9.11449460e-01+1.57486495e-02j
-4.27688248e-01+1.18727831e-02j
3.22080318e-01-4.10214245e-03j
5.40616499e-01+8.73311519e-03j
8.40424720e-02+9.16525911e-03j
-6.42730020e-01+1.61660981e-02j
-9.56644842e-01+1.17063444e-02j
-5.35713593e-01+2.51693107e-02j
2.03655855e-01+3.94488607e-03j
5.88761660e-01+6.95317371e-03j
2.06388517e-01-2.83963412e-02j
-5.58316361e-01-5.63163967e-03j
-9.68128938e-01+4.54895544e-04j
-6.18840099e-01+7.57925540e-03j
1.00134667e-01+1.44329767e-02j
5.58888640e-01+1.96379691e-02j
2.89214646e-01+6.41117309e-03j
-4.39417217e-01+4.49055577e-03j
-9.63634394e-01-1.26672211e-02j
-7.03486367e-01+1.82460052e-02j
-8.62793921e-04-1.97505767e-03j
5.67363021e-01-5.24268802e-03j
3.95798555e-01+1.54394625e-03j
-3.06145045e-01-2.67566316e-03j
-9.08714044e-01+6.43559772e-03j
-7.84682652e-01-2.06664963e-02j
-6.77546476e-02+2.15172080e-02j
5.24993846e-01-3.41405947e-03j
4.55167775e-01-2.07620964e-02j
-2.28616868e-01+5.84954851e-04j
-8.72834018e-01+5.60925294e-03j
-8.67968571e-01+6.45914670e-03j
-1.85011729e-01-1.30856183e-02j
4.67864641e-01+1.32771329e-02j
4.83829120e-01-2.00029315e-03j
-1.21542852e-01+2.34988710e-02j
-8.52244754e-01+1.43538282e-02j
-9.12762937e-01-8.16275208e-04j
-2.88331926e-01+3.24081283e-03j
4.06154781e-01-7.29555005e-03j
5.46319752e-01-4.17758144e-03j
-1.60362024e-02-6.43137302e-03j
-7.78941075e-01-3.77622439e-03j
-9.10294372e-01-6.67049018e-03j
-4.12350031e-01-4.23608904e-03j
3.36471671e-01-1.45434414e-02j
5.64652956e-01+1.88134073e-02j
8.38889465e-02+1.42116578e-02j
-6.95280450e-01-1.86800162e-03j
-9.64723477e-01+1.40562989e-02j
-4.95939816e-01-1.10394333e-02j
2.44107534e-01-7.86649139e-03j
5.69624641e-01+1.73999937e-02j
1.78809420e-01-1.19947823e-02j
-5.69547493e-01+1.80356989e-02j
-9.53224254e-01+4.25490652e-03j
-5.96456937e-01+4.33138807e-03j
1.97228033e-01+7.19454311e-03j
5.83999404e-01-1.29820265e-03j
2.60293611e-01-3.19049915e-03j
-4.80520129e-01+5.43105434e-03j
-9.63249241e-01-1.74949391e-03j
-6.64648094e-01+1.12400279e-02j
6.01029888e-02-8.64268585e-03j
5.53470399e-01-1.98205891e-03j
3.57802341e-01-3.65845835e-02j
-3.83849858e-01+2.02920504e-02j
-9.28135645e-01-1.53276870e-02j
-7.66904711e-01-2.58139592e-03j
-6.28219121e-02-1.90805986e-02j
5.42893714e-01-3.31719194e-03j
3.88044475e-01-2.31004511e-02j
-3.13762365e-01-9.34204137e-03j
-8.59725969e-01+7.77725156e-03j
-8.08348694e-01+7.58410575e-03j
-1.57864954e-01+1.75189824e-02j
4.56987074e-01+2.02798370e-02j
4.54142868e-01-1.39641240e-02j
-1.71747612e-01-1.56929029e-02j
-8.38986603e-01+1.42604457e-02j
-8.70958175e-01-5.88595178e-03j
-2.76990966e-01-2.75138092e-02j
4.35828849e-01-9.04888512e-03j
5.17729358e-01+4.67382749e-04j
-8.37014822e-02-2.54448312e-02j
-7.80638845e-01+1.41500779e-02j
-8.83602945e-01+1.23369059e-02j
-3.76370801e-01+1.88752495e-02j
3.91144121e-01-7.15711024e-03j
5.51764149e-01-1.60364503e-02j
3.69819670e-02+1.71455631e-02j
-7.01716405e-01-7.07243041e-03j
-9.50226174e-01+9.35130083e-04j
-4.77658910e-01+1.70464712e-02j
2.86519276e-01+2.24657633e-02j
5.53427727e-01-9.21869530e-03j
1.25721380e-01-3.52970920e-02j
-6.06086976e-01+7.36750092e-03j
-9.68533405e-01-1.34283100e-02j
-5.65280056e-01-2.12635324e-02j
1.72556059e-01-5.20838668e-03j
5.77270016e-01+1.78526819e-02j
2.63559297e-01+2.01028017e-02j
-5.09560056e-01-6.58035955e-03j
-9.56675448e-01+3.03625411e-03j
-6.42536965e-01+1.05486788e-03j
6.57679099e-02-1.26119133e-02j
5.76970989e-01+1.51200663e-02j
3.15708578e-01-1.02219169e-02j
-3.90919274e-01+1.95181344e-02j
-9.41623650e-01-8.97469853e-03j
-7.36270676e-01+5.56660535e-03j
-1.30166114e-02+1.63016096e-02j
5.58512559e-01-3.72104679e-05j
3.79009573e-01-1.76859634e-02j
-3.16235944e-01-3.38957026e-02j
-9.01005343e-01-8.45214726e-03j
-8.15677403e-01+3.93479024e-03j
-1.04751362e-01-2.67183087e-02j
4.96135199e-01-3.20268529e-02j
4.43996413e-01-9.44713183e-03j
-2.10557268e-01+2.08549630e-02j
-8.45548350e-01-1.96454853e-02j
-8.57506997e-01+1.38344632e-02j
-2.22557040e-01-6.51735377e-03j
4.38766977e-01-2.20787723e-02j
5.06814873e-01+2.94519588e-02j
-1.26041079e-01-6.40722799e-03j
-7.88030641e-01-4.05722463e-03j
-9.20956095e-01-4.46905216e-03j
-3.10313417e-01-3.95268652e-03j
3.82518627e-01+1.44236717e-02j
5.44710199e-01-2.54619519e-02j
-1.01429070e-02+6.85416730e-03j
-7.42577533e-01+2.82990081e-02j
-9.14328301e-01-1.92426701e-02j
-4.41068746e-01-7.84366009e-03j
2.99440607e-01+5.21340061e-03j
5.49993159e-01-1.73324396e-02j
7.87602241e-02+3.42350055e-03j
-6.50262412e-01-2.03895478e-02j
-9.53350806e-01-1.19271868e-02j
-5.49812246e-01-1.15230996e-02j
2.28409350e-01+6.07810893e-03j
5.93951458e-01-2.26382090e-02j
2.11859613e-01-1.87491141e-03j
-5.93471312e-01+6.65735701e-03j
-9.33933782e-01-1.82546406e-03j
-6.01790699e-01+1.24247803e-02j
8.64497835e-02-3.33993540e-03j
5.68224928e-01+1.56525675e-02j
2.74265587e-01+2.44280283e-02j
-4.55616325e-01+4.38590732e-02j
-9.44009593e-01-1.43787971e-02j
-7.04708194e-01-1.45590555e-02j
2.38340102e-02-8.91332371e-04j
5.50050061e-01+1.62931670e-02j
3.61559338e-01-8.40755741e-03j
-3.47596054e-01-1.99358047e-02j
-9.31333712e-01-7.51522317e-03j
-7.95773062e-01-1.76631670e-02j
-7.34707006e-02-3.66852034e-03j
5.23449289e-01-1.01592639e-02j
4.57019855e-01+2.16108708e-02j
-2.53309738e-01+6.56759484e-03j
-8.85113528e-01+7.99191446e-03j
-8.13610475e-01+9.94280392e-03j
-2.18795517e-01-2.23665616e-02j
4.92868988e-01+2.02689763e-02j
4.98483262e-01-1.69922452e-02j
-1.50584198e-01+2.60885254e-02j
-7.89264691e-01-4.42742930e-02j
-9.05511786e-01+1.09952335e-02j
-3.13153658e-01-1.04602537e-02j
4.36174988e-01+1.70629292e-03j
5.37100687e-01-2.13106428e-02j
-3.32490729e-02-1.76664723e-02j
-7.68210334e-01+2.41210091e-02j
-9.31413511e-01+6.48234848e-03j
-3.88295203e-01-1.01684766e-03j
3.47069083e-01+1.73499300e-02j
5.78470681e-01+1.48303861e-02j
8.94878441e-02+1.58765337e-02j
-6.75023532e-01+8.32265600e-03j
-9.76975280e-01+6.41651248e-03j
-4.77945298e-01-2.51199154e-02j
2.67784296e-01+1.27167468e-02j
5.86589042e-01+5.48155558e-03j
1.52534548e-01-1.50579617e-02j
-5.98984619e-01-1.80472833e-02j
-9.58886361e-01-1.04191018e-03j
-5.96560018e-01+6.17477474e-03j
1.63160290e-01+1.19810438e-02j
5.76209355e-01-8.72407620e-03j
2.45251352e-01+1.57254134e-02j
-4.82270795e-01-1.73324428e-02j
-9.62747141e-01-1.66767586e-02j
-6.78768579e-01-2.18334779e-02j
7.13065834e-02-1.96380877e-02j
5.64687775e-01-8.38296975e-03j
3.43175512e-01-3.14544753e-03j
-3.91021954e-01-1.07970454e-02j
-9.28731281e-01+1.02130566e-02j
-7.60165047e-01+5.10303658e-04j
-5.31467347e-02+8.96161719e-03j
5.23294822e-01-4.03244848e-02j
4.13068030e-01+2.00104283e-02j
-2.95079614e-01+8.66435834e-03j
-8.63988917e-01+2.41282004e-02j
-8.01742439e-01-9.95492268e-03j
-1.46339568e-01-2.85248839e-03j
4.76582446e-01+1.64361406e-02j
4.97693418e-01+7.50516813e-03j
-1.63141875e-01+1.99538308e-02j
-8.28299918e-01-3.27907438e-03j
-8.92589709e-01-3.48914517e-03j
-2.26053379e-01+1.78669546e-02j
4.22514886e-01-7.33385948e-03j
5.18453289e-01+2.92108993e-02j
-4.38986926e-02+1.17777864e-03j
-7.75791177e-01+9.25928956e-03j
-9.04646671e-01-3.15218059e-02j
-3.49930672e-01+8.31615484e-03j
3.48900929e-01-3.94143352e-03j
5.53221227e-01+1.19996572e-02j
3.75982987e-02+3.45121588e-02j
-7.01292975e-01-1.51670981e-02j
-9.70202208e-01-1.27982784e-02j
-4.55177067e-01+7.98728389e-03j
3.23419832e-01+1.25978106e-02j
5.84778318e-01+2.66831345e-03j
1.40324913e-01+1.54346492e-02j
-5.99255336e-01+9.33104760e-03j
-9.47645079e-01-3.45402818e-02j
-5.48383869e-01-3.13563211e-02j
2.01021655e-01-1.55930658e-02j
5.69053429e-01-1.14280260e-02j
2.07070700e-01-2.42137637e-02j
-5.21912911e-01+3.07562714e-02j
-9.55742507e-01+1.32596225e-02j
-6.62769184e-01-1.41650394e-02j
5.14413679e-02+7.08167893e-03j
5.86832556e-01-1.79823054e-03j
3.15920398e-01-2.83090926e-02j
-4.16096461e-01+1.70797464e-02j
-9.28730724e-01-4.87876271e-03j
-7.27156084e-01-4.77721818e-03j
-2.57454335e-02-1.24769326e-02j
5.40012213e-01+4.23167479e-03j
3.73818893e-01+2.90619564e-03j
-3.25730280e-01-4.08133703e-02j
-9.31875372e-01-2.29164398e-02j
-8.05088935e-01-1.42408282e-02j
-1.18325981e-01-2.14212667e-02j
5.17753173e-01-2.30827720e-02j
4.74375447e-01-1.88266850e-03j
-2.19380416e-01-1.98823531e-02j
-8.40541591e-01-6.38405836e-03j
-8.48906473e-01+1.13250587e-02j
-2.35801930e-01+3.38385129e-02j
4.36765968e-01+1.74619057e-02j
4.95344606e-01-1.94233368e-02j
-1.00913541e-01-1.35622805e-03j
-8.00778490e-01+2.07562822e-02j
-9.00785194e-01-1.56266190e-02j
-3.23597383e-01+1.43564455e-02j
3.80887542e-01-2.55135098e-02j
5.25433467e-01-3.71831433e-03j
1.21214300e-02-2.50832003e-03j
-7.42494885e-01-1.81145710e-02j
-9.56632403e-01+1.84635813e-02j
-4.33634307e-01+2.82925701e-04j
3.22714504e-01+2.70942127e-02j
5.84257756e-01+1.59183046e-03j
8.79795204e-02+2.63530545e-02j
-6.73913897e-01-1.16017314e-03j
-9.32706826e-01+1.31743428e-02j
-4.95443323e-01+7.36563181e-03j
2.25164931e-01+1.86318292e-02j
5.58365629e-01-1.58354038e-02j
1.83216622e-01-6.50006696e-03j
-5.79807932e-01-8.75802205e-04j
-9.40241895e-01+1.72623834e-02j
-6.17863008e-01-1.31860593e-02j
1.35966016e-01+1.08118552e-02j
5.69164892e-01+4.34435094e-03j
2.68498136e-01+3.09883572e-02j
-4.79918881e-01-7.53671517e-03j
-9.36204104e-01+2.78546978e-03j
-6.75517104e-01-6.51335746e-03j
3.22981022e-02-2.21081828e-03j
5.54096619e-01-3.95096615e-03j
3.61220252e-01-2.59911514e-02j
-3.69176902e-01-1.95690681e-02j
-9.32812254e-01+1.27494033e-02j
-7.65599811e-01+1.58115062e-02j
-6.07203846e-02-2.32372283e-03j
5.13282202e-01+1.85570908e-02j
4.03388334e-01-1.69023335e-03j
-2.86752100e-01+3.67860995e-03j
-8.90109281e-01+1.40532168e-02j
-8.69826096e-01+1.34540053e-02j
-1.73392594e-01-1.54754046e-02j
4.66934469e-01-7.86002362e-03j
4.85975563e-01+1.58959378e-02j
-1.34599983e-01-1.08774923e-02j
-8.30768219e-01-2.19210787e-02j
-8.81183540e-01+1.10111967e-02j
-2.75482483e-01-1.30459350e-02j
4.18870342e-01+2.39680522e-02j
5.48028049e-01-8.31848825e-03j
-7.67761567e-02+2.17213601e-02j
-7.70455986e-01+2.03049807e-02j
-9.21373099e-01-2.84060712e-02j
-3.86272147e-01-2.07856068e-04j
3.05385957e-01+2.74434664e-02j
5.46031956e-01-3.09291058e-02j
5.76579057e-02+7.07727073e-03j
-6.79961987e-01+2.02948621e-03j
-9.51823924e-01+6.76145750e-03j
-4.83567777e-01+2.85508129e-02j
2.83507307e-01-7.89641442e-03j
5.83149375e-01-1.67124558e-02j
1.76483379e-01+9.20497616e-03j
-6.07295835e-01+2.24333742e-02j
-9.88504371e-01+1.11716546e-02j
-6.07355782e-01-6.02377516e-04j
1.71333841e-01-1.67560696e-02j
5.38588845e-01-2.10741795e-02j
2.46405748e-01+3.97767767e-03j
-5.03293445e-01-3.32756109e-02j
-9.54408545e-01+7.40841289e-03j
-6.64805392e-01+2.83062025e-03j
7.70653701e-02-1.52789075e-02j
5.73979521e-01+9.36410308e-03j
3.40592054e-01+1.27206433e-02j
-4.12368411e-01+1.23446420e-02j
-9.41039485e-01+1.04759022e-02j
-7.53712219e-01+1.63650369e-02j
-5.02956466e-02+6.44894075e-03j
5.41648387e-01+1.90896452e-02j
3.77294814e-01-4.12113575e-03j
-3.10100565e-01-1.69522916e-02j
-8.99102972e-01+7.80641943e-03j
-8.42750875e-01-1.14852269e-02j
-1.37622221e-01-1.32988509e-02j
5.08136113e-01+1.94438033e-02j
5.05838546e-01-4.37253477e-03j
-1.92489407e-01-8.13604049e-03j
-8.64434949e-01-2.52349258e-03j
-8.38529605e-01-2.05265960e-03j
-2.75875004e-01-9.40345379e-03j
4.57144494e-01-4.07547347e-02j
5.34060547e-01+1.63200611e-02j
-8.45693674e-02+2.95067004e-03j
-8.21788612e-01-6.05016508e-03j
-9.30031020e-01+5.11319363e-03j
-3.52655797e-01-7.01321333e-03j
3.78337210e-01-9.17871313e-03j
5.52910825e-01-2.37325010e-02j
-2.97799167e-04-1.32633158e-02j
-7.34283803e-01+3.14910891e-02j
-9.22359029e-01+1.86208981e-02j
-4.47712005e-01-1.03702106e-02j
2.76843090e-01-2.99257914e-03j
5.94884657e-01+1.06316260e-02j
1.15532558e-01-1.92453206e-02j
-6.46026937e-01+2.47566573e-03j
-9.50831483e-01-3.08533098e-02j
-5.49490203e-01+2.92462407e-03j
2.00407848e-01-5.42863808e-03j
5.66122913e-01-1.13140786e-02j
2.03319622e-01-2.19087641e-02j
-5.40059759e-01-1.48839300e-02j
-9.48519259e-01+1.99617505e-02j
-6.40917491e-01-1.81466495e-03j
1.04044422e-01-6.87860680e-03j
5.84967002e-01+1.17899424e-02j
3.02730438e-01-1.66163101e-02j
-4.24868922e-01-1.54533130e-03j
-9.42760632e-01+1.15101197e-02j
-7.33128374e-01-8.00686295e-03j
-1.07642854e-03-2.02302616e-03j
5.64043798e-01-1.07597316e-02j
3.92927673e-01-4.49442930e-03j
-3.06688151e-01-1.87426094e-02j
-9.01992013e-01+2.02169340e-03j
-7.92508598e-01+4.78585690e-03j
-7.82745173e-02+1.74821011e-02j
5.21566262e-01+6.76588425e-03j
4.38604872e-01-2.92288357e-03j
-2.21016013e-01-8.38330127e-03j
-8.73272683e-01-1.30493799e-02j
-8.54522499e-01-9.61569858e-03j
-1.82651865e-01-2.16516788e-03j
4.75597009e-01+8.12019561e-03j
4.71379371e-01+1.30626065e-03j
-1.37127455e-01-1.78327259e-02j
-8.05161399e-01+6.08908270e-04j
-8.83210515e-01+1.75525903e-02j
-3.23717701e-01+9.77638073e-03j
3.94427736e-01-2.61756509e-02j
5.15554779e-01-1.16431927e-02j
-3.54597982e-02-7.56489961e-03j
-7.26089596e-01+2.05057564e-02j
-9.50371597e-01+4.23484821e-03j
-4.06125558e-01+3.90944793e-02j
3.53512718e-01-1.96260909e-03j
5.99068810e-01+6.85249568e-03j
9.15564115e-02-1.06737308e-02j
-6.60166394e-01+1.50469942e-02j
-9.45969219e-01+2.47301957e-02j
-5.16937472e-01+3.10985839e-02j
2.53538038e-01-9.80627377e-03j
5.98407051e-01-3.70621159e-03j
1.63921328e-01-6.47117456e-03j
-5.76225577e-01-8.92592073e-03j
-9.58417312e-01+1.49598657e-02j
-6.11201467e-01-6.05067670e-03j
1.62783167e-01-1.00344521e-02j
5.63611726e-01-1.59753894e-02j
2.86495928e-01+7.69970035e-03j
-4.96913324e-01-1.71539897e-02j
-9.57683127e-01+2.17600199e-02j
-6.93553419e-01-2.03869384e-03j
4.27940259e-02+1.26734929e-02j
5.61892323e-01-8.73460261e-03j
3.54840077e-01-5.94117022e-04j
-3.43277339e-01-1.81608314e-02j
-9.23056650e-01+1.04063627e-02j
-7.66719795e-01-2.03024507e-02j
-2.79079939e-02-2.27529213e-02j
5.57873178e-01-2.38702874e-02j
4.36252993e-01+4.57843020e-02j
-2.66398945e-01+2.22011955e-03j
-8.97436907e-01+1.75092857e-02j
-8.66290796e-01-2.15269885e-02j
-1.57696706e-01+3.96747565e-03j
4.83404038e-01-4.44813099e-03j
4.73389074e-01-9.91343768e-04j
-1.67504807e-01-1.27180252e-02j
-7.92533320e-01-4.34894888e-03j
-9.10314300e-01+2.19205762e-04j
-2.69554246e-01-1.00888015e-02j
4.41625547e-01+2.73976769e-02j
5.25287703e-01+8.35225037e-03j
-7.25198727e-02+2.05314308e-02j
-7.76974749e-01-3.71962853e-02j
-9.08726310e-01+1.99350590e-02j
-3.52157019e-01+8.43559200e-03j
3.37458965e-01+2.12204316e-02j
5.64160614e-01+5.97926234e-03j
4.55377841e-02+9.95810418e-03j
-6.92834895e-01+1.06328040e-02j
-9.24149620e-01+5.50415994e-03j
-4.76221811e-01-1.48118967e-02j
2.89318542e-01+2.91268463e-02j
5.70801606e-01-5.56979696e-03j
1.41810208e-01+8.93216868e-03j
-6.19684140e-01-9.67607407e-03j
-9.58893213e-01-1.46279285e-02j
-5.53588338e-01+1.21587880e-02j
1.75155720e-01+3.89864019e-04j
5.83268995e-01+5.71291613e-03j
2.28786146e-01+3.19592289e-03j
-5.22223499e-01+1.47922126e-03j
-9.67040781e-01+1.57138273e-02j
-6.60685538e-01+1.11878386e-02j
8.84624372e-02+4.08450215e-03j
5.71303269e-01-1.18229657e-02j
3.55247131e-01+2.84072844e-03j
-4.33407781e-01-2.20180827e-02j
-9.53044247e-01-1.10834347e-02j
-7.24012527e-01-7.43359086e-03j
-1.96040859e-02+1.59546470e-02j
5.57746640e-01-1.31799336e-02j
3.82568028e-01-2.19683754e-02j
-3.12545956e-01-3.53186806e-02j
-9.11267224e-01-1.34575716e-02j
-8.14169001e-01-1.67662595e-02j
-1.40197295e-01+4.35551197e-03j
4.86381534e-01-4.27545142e-03j
4.44691006e-01-7.02614181e-03j
-2.22400609e-01+3.21127188e-02j
-8.44070319e-01+3.24243255e-03j
-8.78317033e-01+1.83156130e-02j
-2.40338683e-01-9.01506931e-04j
4.70054860e-01-2.85731308e-03j
5.07311099e-01-1.22265206e-02j
-1.01235220e-01+7.38538308e-04j
-8.03216958e-01-7.04186976e-03j
-9.15433387e-01+9.43760054e-03j
-3.43185529e-01+8.10515644e-03j
3.83664147e-01-2.17698451e-04j
5.63166467e-01-1.31825609e-02j
-2.65346826e-02+1.59909443e-02j
-7.03434250e-01-7.92207784e-03j
-9.41030116e-01-3.52917746e-03j
-4.62841723e-01-2.74623697e-02j
2.85855187e-01+1.46992666e-02j
5.69042740e-01-2.49845538e-03j
1.25586327e-01+3.98282713e-03j
-6.36903516e-01-4.17379687e-03j
-9.33518488e-01-1.86736241e-02j
-5.46892664e-01+6.07076114e-03j
1.66103788e-01-1.89615965e-02j
5.86651679e-01+1.30516836e-02j
2.16655314e-01+1.09044001e-04j
-5.25964868e-01-2.50184354e-02j
-9.67278412e-01+1.40180291e-02j
-6.35800640e-01-2.16899735e-02j
1.21495305e-01+1.81814029e-02j
5.70482009e-01-1.95884721e-03j
2.93461117e-01-2.69674188e-03j
-4.50704567e-01-6.59869522e-03j
-9.29168505e-01+9.75835194e-03j
-7.08005679e-01-3.44920130e-03j
3.70608490e-02+7.49870719e-03j
5.59996098e-01+1.61814294e-02j
3.53216874e-01+1.24514971e-03j
-3.43344289e-01+7.04319844e-03j
-9.19958013e-01-1.93416561e-02j
-7.92999241e-01+1.43149236e-02j
-9.47395169e-02-5.22210973e-03j
5.15736425e-01+1.92415262e-02j
4.51030879e-01+1.26036761e-02j
-2.48919771e-01+2.47082543e-03j
-8.86868667e-01+6.76799798e-03j
-8.59880941e-01+8.42918936e-03j
-2.04867304e-01-5.93739976e-02j
4.57181374e-01+3.69573465e-03j
4.81712637e-01-3.36398256e-03j
-1.52968946e-01+1.55256424e-02j
-7.84857440e-01+1.71889001e-02j
-8.97910121e-01-1.96119841e-02j
-3.10935540e-01+1.69836033e-02j
3.99486774e-01+1.42777599e-02j
5.25726600e-01+6.68419935e-03j
-2.15353269e-02-1.82982996e-03j
-7.64853139e-01+1.64991144e-03j
-9.25921482e-01+2.26844003e-02j
-3.95562409e-01+1.10733543e-02j
3.48585880e-01+2.01086979e-02j
5.81073989e-01-1.47174300e-02j
9.72135755e-02+6.95754237e-03j
-6.73023059e-01-2.04506709e-02j
-9.78827946e-01-1.01002115e-02j
-4.78714996e-01+2.10359933e-02j
2.67928405e-01+2.09834483e-03j
6.02918281e-01-8.47858885e-03j
1.47400157e-01+4.97584825e-04j
-5.97110235e-01-2.55080251e-02j
-9.52166474e-01-3.16906734e-02j
-6.18316667e-01+3.20108712e-02j
1.53262837e-01-9.00952658e-03j
5.72464519e-01+8.71616250e-03j
2.70851673e-01-1.54651823e-02j
-4.82061325e-01+3.62319731e-03j
-9.87431757e-01+8.30857429e-03j
-6.87517950e-01-1.44761366e-03j
6.92789225e-02+2.41853780e-02j
5.58323350e-01-8.38001851e-03j
3.63947345e-01-7.65078809e-03j
-3.89754654e-01+7.35825825e-03j
-9.15011420e-01+3.42397026e-02j
-7.65426626e-01-1.15142861e-02j
-5.08667290e-02-7.63524780e-03j
5.09748090e-01-5.20857251e-03j
3.82288603e-01+1.33230704e-02j
-2.81459561e-01-9.98546262e-03j
-9.04982048e-01+2.09140968e-02j
-8.17217953e-01-2.21650802e-02j
-1.19073259e-01+8.17510516e-03j
5.01797827e-01-1.94623719e-02j
4.90721876e-01-1.03136074e-02j
-1.67180922e-01+1.92230012e-02j
-8.27806674e-01-1.54634381e-02j
-8.86958560e-01-2.12220727e-02j
-2.75097077e-01+2.16209632e-02j
4.60149978e-01-1.74942958e-02j
5.28142187e-01-4.49893020e-02j
-9.09151713e-02+3.14500967e-03j
-7.66193171e-01-2.36025259e-02j
-8.88329803e-01-1.66698820e-03j
-3.47841530e-01-9.92019966e-03j
3.60774090e-01+2.80269235e-02j
5.68844031e-01-5.00171395e-03j
4.94597753e-02-1.45084745e-02j
-7.07093648e-01+7.95103262e-03j
-9.36347092e-01+2.60085088e-02j
-4.92122195e-01+1.69778516e-02j
2.83528648e-01-4.20344111e-03j
5.99040806e-01+1.41359499e-02j
1.55871600e-01+2.61101517e-02j
-6.51041137e-01+6.58924062e-03j
-9.58374448e-01+1.85777184e-03j
-5.41570790e-01+5.29625745e-04j
1.98475664e-01+1.69060976e-02j
5.76597888e-01-9.02893011e-03j
2.17527559e-01+1.28440967e-02j
-4.98847747e-01-9.68716871e-03j
-9.34770141e-01-3.03472427e-02j
-6.62681865e-01-1.63058452e-03j
1.06592244e-01+7.45582848e-03j
5.77765812e-01+1.20246677e-02j
2.90692209e-01-1.27849542e-02j
-4.14680624e-01-1.91105773e-02j
-9.41765723e-01-1.20946551e-02j
-7.05520148e-01-1.84793292e-03j
-5.07116157e-02-2.49021368e-03j
5.60645668e-01-1.48525804e-02j
3.86068454e-01+1.79447997e-02j
-3.17282737e-01+4.47925226e-02j
-9.11030173e-01-1.00565760e-02j
-7.92195169e-01+2.31799326e-02j
-1.08796379e-01+1.97736674e-02j
5.15050288e-01-1.11057199e-02j
4.40460278e-01-1.42501492e-02j
-2.27776429e-01+1.58892016e-03j
-8.46330817e-01-2.68869818e-02j
-8.71893517e-01+7.96162537e-03j
-1.92011947e-01+1.39376815e-02j
4.45971498e-01+3.74631854e-03j
4.99669386e-01+1.57749570e-02j
-9.83942826e-02+1.93365743e-02j
-7.89856601e-01-7.21119192e-03j
-9.09379680e-01-3.49968083e-03j
-3.20305589e-01-9.89742097e-03j
4.16386563e-01+8.69739840e-03j
5.18921947e-01+1.73574796e-02j
3.55775152e-03+1.88560559e-02j
-7.33338260e-01+6.66706207e-03j
-9.24462755e-01+1.60915574e-03j
-4.32397815e-01-1.53521208e-02j
3.09754272e-01+2.02027279e-02j
5.75659574e-01+4.69069612e-04j
1.02911522e-01+3.25246302e-03j
-6.25533799e-01+2.37591111e-02j
-9.61487139e-01-7.48577646e-03j
-5.36686141e-01+1.97960451e-02j
2.30123303e-01+4.43100786e-03j
5.67467297e-01+7.19123230e-03j
2.02012729e-01-3.18423634e-02j
-5.44489304e-01-3.43297051e-03j
-9.60797450e-01+1.85810879e-02j
-6.24777885e-01-2.21925522e-02j
1.32272794e-01-1.67458575e-02j
5.44306496e-01-1.10415305e-02j
2.58698907e-01-1.84304191e-03j
-4.86597704e-01+5.45876063e-03j
-9.84401354e-01-2.37856950e-04j
-7.20590933e-01+7.75448892e-04j
2.79467368e-02+1.86110033e-03j
5.62912014e-01+9.78794365e-03j
3.73900888e-01+6.75283528e-03j
-3.34513352e-01-3.61689718e-03j
-9.08349039e-01-3.04571881e-03j
-7.60065611e-01-2.80027444e-02j
-7.00741593e-02-1.60608814e-02j
5.04390739e-01-3.60900140e-02j
4.41149114e-01-9.70108065e-03j
-2.62251687e-01+1.97666091e-03j
-9.04141676e-01-1.06660023e-02j
-8.38058577e-01+3.57673003e-02j
-1.82569527e-01-1.14057547e-02j
4.91546732e-01-1.83006602e-02j
4.62522690e-01-3.15558374e-03j
-1.63344890e-01+6.98754526e-03j
-8.32552529e-01+7.27271989e-03j
-9.03849537e-01-5.67749812e-03j
-2.64554157e-01+1.55694191e-02j
4.17351625e-01-2.27823347e-03j
5.47356839e-01+2.60888145e-03j
-2.63197782e-02+2.52174304e-03j
-7.67356120e-01-9.78899180e-03j
-9.48046954e-01+1.93655926e-02j
-4.09583619e-01-9.26409874e-03j
3.42131394e-01-1.77613298e-02j
5.64896078e-01+1.01563284e-02j
2.33525228e-02-1.79350594e-02j
-6.76719242e-01-1.29811638e-02j
-9.58699470e-01-5.77184376e-03j
-4.84773719e-01-1.31381029e-02j
2.70726653e-01+2.17679595e-03j
5.46434564e-01-3.94449685e-03j
1.38532285e-01-1.01632827e-02j
-5.76454241e-01-7.01838588e-03j
-9.70102330e-01+1.75629955e-02j
-6.03566857e-01+4.49595438e-03j
1.62953082e-01+7.48103070e-03j
5.92610443e-01-1.61087664e-02j
2.34784811e-01+1.90588169e-02j
-4.80153057e-01-9.85488905e-03j
-9.63114799e-01-2.29698109e-03j
-6.67255919e-01+1.67884033e-06j
7.21538698e-02+9.86661848e-03j
5.58149218e-01-1.09903575e-02j
3.39720460e-01+1.05157398e-02j
-4.20313467e-01-1.43966042e-02j
-8.93539700e-01+3.97422694e-05j
-7.61942583e-01-9.40356667e-03j
-3.70168160e-02-7.79410139e-03j
5.14661411e-01-3.29387023e-03j
4.14911702e-01+1.12215172e-02j
-3.02847827e-01+2.92019591e-02j
-9.18000053e-01-1.15602965e-02j
-8.16686063e-01+8.74024763e-03j
-1.47517607e-01+1.34369923e-02j
4.70094230e-01-1.35705469e-02j
4.55113595e-01-5.74734929e-03j
-1.78887485e-01+1.67341526e-02j
-8.45485737e-01-3.89170213e-03j
-8.61550610e-01+1.29719122e-03j
-2.51940775e-01-1.80982058e-02j
4.25518564e-01-4.41547435e-03j
5.26979087e-01+2.44048186e-02j
-8.21753119e-02+1.10670012e-02j
-7.77897647e-01+3.16479185e-03j
-9.12259939e-01+1.54874450e-02j
-3.52181288e-01+9.27852511e-03j
3.60978964e-01-9.65377814e-03j
5.44606359e-01-7.95706448e-03j
2.44611311e-02+5.31054058e-03j
-7.33655958e-01-4.39342792e-02j
-9.44816236e-01+5.60332293e-03j
-4.68394259e-01-1.88918147e-02j
2.91705459e-01-8.96062786e-03j
5.79501632e-01+7.16383380e-06j
1.20893941e-01-8.08470938e-03j
-6.26226341e-01+1.03928100e-02j
-9.54320754e-01-9.55375304e-03j
-5.63708947e-01-5.66950410e-04j
1.62253958e-01-1.96351135e-02j
6.17672202e-01-7.39904901e-03j
2.11956435e-01+6.49718974e-03j
-5.09557907e-01-2.83985137e-02j
-9.48739142e-01+2.96446781e-03j
-6.14283045e-01+2.94788037e-04j
1.02265535e-01+1.83342672e-02j
5.81580846e-01+7.22223558e-03j
3.13681983e-01-4.77194170e-03j
-4.24230612e-01+6.50912823e-04j
-9.51330911e-01+7.28351601e-03j
-7.43907594e-01+1.18333879e-02j
-4.02757318e-03+1.49633859e-03j
5.58321102e-01-1.41962223e-02j
3.79537024e-01+6.47771168e-03j
-3.54242896e-01+1.97601740e-02j
-8.96140019e-01+2.09986378e-02j
-7.91656313e-01-5.12909028e-03j
-9.80319478e-02+1.78172562e-02j
5.26804355e-01+1.10790183e-02j
4.45937474e-01-5.35466652e-03j
-2.22202779e-01-9.19760360e-03j
-8.52574877e-01-3.94826966e-04j
-8.49540634e-01-3.19314022e-02j
-2.08585324e-01+7.20202336e-03j
4.75314583e-01-2.46011343e-02j
4.88037610e-01-5.31688145e-03j
-1.12744425e-01+1.77947414e-02j
-7.92414463e-01-2.81588611e-02j
-8.85718517e-01+1.58807068e-02j
-2.92728562e-01+2.95610675e-03j
3.93332220e-01-2.06870119e-02j
5.31352594e-01+8.88299286e-03j
5.18458058e-03-1.23422812e-03j
-7.60259531e-01+2.05128348e-04j
-9.18569726e-01+7.95335267e-03j
-4.19338653e-01-1.03678421e-02j
2.99913085e-01-1.91603011e-02j
5.67124243e-01+1.21457443e-03j
1.08454108e-01-2.00825824e-02j
-6.62258949e-01+3.28832878e-02j
-9.47353168e-01+6.02084964e-03j
-5.46965124e-01+1.20141932e-02j
2.69187597e-01-8.31527745e-03j
6.09419754e-01+1.11353998e-02j
1.91093875e-01-6.17719790e-03j
-5.94827920e-01+4.08251882e-03j
-9.82186703e-01-1.30993753e-03j
-6.30829959e-01-1.05478165e-02j
1.36082483e-01+6.86946884e-04j
5.65499472e-01-5.82880722e-03j
2.70503861e-01-4.08127324e-03j
-4.72921367e-01+1.24744001e-02j
-9.34847174e-01-1.04242979e-03j
-7.01575490e-01-6.16654158e-03j
4.16330619e-02-5.38409943e-03j
5.65114651e-01+1.31594939e-02j
3.48780263e-01-1.54856480e-02j
-3.82176942e-01+9.27293654e-03j
-9.10738729e-01+2.55317554e-03j
-7.54722174e-01-2.74306431e-02j
-8.03581059e-02+1.44910255e-02j
4.98059920e-01+6.53910175e-03j
4.28459742e-01+7.28051972e-03j
-2.84842404e-01+1.24416617e-03j
-8.78748095e-01-2.52023822e-03j
-8.39543686e-01+9.18881920e-03j
-1.61453375e-01-1.19134030e-02j
4.77909137e-01-4.25102185e-02j
4.70185985e-01+7.67535227e-03j
-1.37011094e-01+1.06651135e-02j
-8.50752085e-01-1.69410886e-02j
-9.00104204e-01-1.10283228e-02j
-2.85126224e-01+4.73349764e-03j
4.00296045e-01-1.68427093e-02j
5.46138453e-01+2.14806408e-02j
-4.10008434e-02-9.36440686e-03j
-7.83515124e-01+1.40346669e-02j
-9.33728744e-01-2.00625689e-02j
-3.94541540e-01+1.26370721e-02j
3.30821415e-01-1.76239077e-02j
5.81717525e-01+4.03732922e-03j
5.77146350e-02+1.93746013e-02j
-6.80434117e-01-6.44770679e-03j
-9.56817840e-01-1.67473738e-02j
-4.65785858e-01+2.33109861e-02j
2.57369315e-01-5.47080447e-03j
5.88405493e-01-2.64436117e-02j
1.64503088e-01-1.00309862e-02j
-6.30001027e-01-1.83848184e-02j
-9.48956961e-01+1.03547549e-02j
-5.49693896e-01+4.28822167e-03j
1.80528393e-01-2.49988661e-02j
5.75117683e-01-1.86412061e-02j
2.52259014e-01-7.96845330e-03j
-5.13045660e-01+3.48912490e-03j
-9.76611566e-01+2.39843455e-02j
-6.76698385e-01-1.40535132e-02j
7.06183573e-02+1.17088256e-02j
5.82815787e-01+2.65057459e-02j
3.28567425e-01+8.46371416e-03j
-4.18537509e-01+1.09355997e-02j
-9.21776899e-01+2.80209106e-03j
-7.76479295e-01-1.08777276e-02j
-7.56584895e-03+3.68327487e-03j
5.42608260e-01+5.55141920e-03j
3.82481649e-01-2.73449970e-03j
-3.03152765e-01+1.40964199e-02j
-8.83905224e-01+1.28115930e-02j
-8.32148347e-01+7.06065553e-03j
-1.22653156e-01+1.48194071e-02j
5.02211943e-01-2.30656611e-02j
4.43395769e-01-2.43380621e-03j
-2.18273952e-01-2.38355842e-03j
-8.40540974e-01+3.07163576e-03j
-8.87737769e-01-1.56605209e-02j
-2.42200323e-01+7.57705150e-03j
4.43058272e-01+9.83388474e-03j
4.99809236e-01-3.39053456e-03j
-9.67961061e-02+5.98285885e-03j
-7.88206049e-01-7.42054520e-03j
-9.10339045e-01+1.71708629e-02j
-3.34724688e-01-6.37317363e-03j
3.67653433e-01-8.53233594e-03j
5.55989206e-01-6.13591381e-04j
3.14962871e-02+6.63823463e-03j
-7.09304818e-01-5.45541892e-03j
-9.58642286e-01+2.47200502e-02j
-4.42553874e-01-1.23973839e-02j
3.04578854e-01-1.34231629e-02j
5.69979656e-01-1.71442354e-02j
1.45801744e-01+5.41660526e-03j
-6.44223910e-01-2.64297586e-02j
-9.75494872e-01-2.65646128e-02j
-5.38557757e-01-3.25219401e-02j
2.21343713e-01-1.59207639e-02j
5.68215902e-01-1.24908947e-02j
2.06238631e-01+8.37525208e-03j
-5.49731606e-01-9.63573443e-03j
-9.47575919e-01-4.96620539e-06j
-6.30033591e-01+1.05847720e-02j
1.20819035e-01+1.35729072e-02j
5.80646182e-01-1.22099689e-02j
2.67608494e-01-1.42408268e-02j
-4.38073425e-01+1.37585220e-03j
-9.20651707e-01+1.54473866e-02j
-7.20825961e-01-9.13791088e-03j
2.38084903e-02-1.82268540e-02j
5.50245975e-01+5.70496977e-03j
3.77185063e-01-1.13392275e-02j
-3.30684804e-01-9.86843782e-03j
-9.37499398e-01-8.23905640e-03j
-7.68040253e-01+1.11943489e-02j
-1.00479121e-01-3.88631986e-02j
5.00608758e-01+1.66905858e-03j
4.49603508e-01-2.48409528e-02j
-2.51557513e-01-1.99192969e-02j
-8.67406892e-01-9.22251363e-03j
-8.23648857e-01+2.27365178e-02j
-1.86733649e-01-1.39515753e-02j
4.68932525e-01-1.67731824e-03j
4.83580848e-01-9.83746518e-03j
-1.51678199e-01-9.77348358e-03j
-8.26878413e-01+1.65055658e-02j
-8.96340790e-01+1.51850815e-02j
-3.16748662e-01+9.83242289e-03j
3.99684288e-01+1.13936033e-02j
5.33540258e-01+7.43428650e-03j
-3.70108036e-03+3.41140155e-02j
-7.49680561e-01+5.43143126e-03j
-9.28400607e-01-1.91562805e-02j
-4.26373717e-01-1.59702668e-02j
3.15511611e-01-4.01712537e-03j
5.55599170e-01+6.94542248e-03j
8.98444126e-02-2.29891584e-03j
-6.63966824e-01-6.69987831e-03j
-9.56613244e-01-1.63736276e-02j
-4.95495479e-01+7.69013145e-03j
2.51884672e-01-2.42323964e-03j
5.79736444e-01-3.43020438e-04j
1.94237955e-01+9.53788866e-03j
-5.80159186e-01+1.42637022e-02j
-9.42339948e-01+3.45219920e-03j
-6.03348337e-01+1.00495069e-02j
1.52331839e-01-2.01431015e-02j
5.67851999e-01+4.17414634e-03j
2.67027688e-01+1.15992238e-02j
-4.92112891e-01+2.17237196e-02j
-9.50539282e-01-6.57263950e-03j
-7.00283911e-01+4.70577746e-03j
7.45641521e-02-1.74933520e-02j
5.95454309e-01+4.82736211e-03j
3.43702473e-01+1.54712540e-02j
-3.76920813e-01-1.02753576e-02j
-9.31943327e-01+7.41955206e-03j
-7.76653640e-01-6.81006232e-03j
-7.64752964e-02+8.37423379e-03j
5.47781666e-01-1.88593078e-02j
3.97269621e-01-2.21479658e-02j
-2.89391694e-01+2.22603656e-02j
-9.07218599e-01+2.56230401e-02j
-8.14887544e-01+2.15116598e-02j
-1.83429084e-01-2.39386678e-02j
4.78554700e-01+5.50175132e-04j
4.82472342e-01-1.83470177e-02j
-1.80972637e-01-1.46493575e-02j
-8.40837186e-01-6.24576954e-04j
-8.70489066e-01-3.50588126e-02j
-2.86071164e-01+2.71656014e-02j
4.12981367e-01+1.30410489e-03j
5.20785318e-01-3.61708925e-04j
-6.79526265e-02-7.37342804e-03j
-7.90005232e-01+4.79204900e-03j
-9.23447409e-01+7.64515952e-03j
-3.45845867e-01+1.93739486e-02j
3.54526033e-01+1.48217210e-02j
5.59739180e-01+1.60087813e-02j
5.14333640e-02-2.48808127e-03j
-6.93578670e-01-1.80942190e-02j
-9.29886526e-01-5.30576814e-03j
-5.11393493e-01-5.92541048e-03j
2.66644935e-01-3.58554701e-02j
5.73372900e-01-1.77739304e-03j
1.14340450e-01-1.03768901e-02j
-6.11337836e-01-4.90133904e-03j
-9.47821262e-01+1.93665576e-03j
-5.59695442e-01-2.94648376e-02j
2.09537541e-01-1.82670015e-02j
5.89547810e-01+3.61063175e-02j
2.50024505e-01-7.61939562e-04j
-4.98691000e-01+6.81509488e-03j
-9.57649171e-01-1.01881376e-02j
-6.66994158e-01-1.71030395e-02j
8.80891351e-02-4.92314296e-03j
5.58079760e-01+2.68821280e-03j
3.21418001e-01-9.60952793e-03j
-4.33166449e-01+1.68453825e-02j
-9.39529682e-01-9.85909546e-05j
-7.65420662e-01-2.84106011e-02j
-2.02661543e-03-1.58744912e-02j
5.46512749e-01+1.98637789e-03j
4.15188275e-01+2.58170536e-02j
-3.20566306e-01+2.08520960e-02j
-9.29224239e-01-8.97887483e-03j
-7.96253029e-01-6.71807916e-03j
-1.21611699e-01+2.79370922e-02j
5.32423534e-01-2.82435734e-03j
4.49959942e-01-1.15384943e-02j
-2.14406334e-01+2.29650459e-03j
-8.46583779e-01-2.78628056e-02j
-8.57619823e-01-1.25723258e-02j
-1.93507393e-01+7.45191307e-03j
4.55268382e-01+2.18025141e-03j
5.12280832e-01+7.71326139e-04j
-9.71292569e-02-2.37019280e-02j
-8.10902269e-01-1.68493541e-03j
-9.22106452e-01+8.17565699e-04j
-3.28185389e-01+1.99343318e-02j
3.91719590e-01+2.87641067e-02j
5.25845721e-01+1.88555583e-03j
-2.90274109e-03-1.22415411e-02j
-7.33098374e-01+1.88078940e-03j
-9.51794625e-01-3.87121774e-03j
-4.45844267e-01-2.09332567e-02j
3.12913131e-01-1.92249976e-02j
5.73621002e-01+2.47686492e-02j
9.28120404e-02+2.32241447e-02j
-6.31769737e-01+8.45461283e-03j
-9.51821438e-01+1.52500696e-02j
-5.43374468e-01+3.65295622e-04j
2.13449248e-01+4.65736215e-02j
5.53414978e-01+1.33707444e-03j
2.03746707e-01+8.21603690e-03j
-5.64471628e-01+2.41644513e-03j
-9.66226697e-01+1.98364323e-02j
-6.18000226e-01-2.38453097e-02j
1.14266288e-01+1.51952075e-02j
5.82882382e-01-2.25158040e-03j
2.85077532e-01+4.64403391e-03j
-4.43325045e-01+1.32661997e-02j
-9.61767264e-01+2.84278826e-03j
-7.14258392e-01-1.39195726e-02j
4.08530479e-02-1.44526479e-02j
5.40647896e-01+1.72374081e-03j
3.62529464e-01+4.07276767e-03j
-3.72337945e-01+3.78454804e-03j
-9.20176809e-01+4.09259923e-03j
-7.98468418e-01+1.24930834e-02j
-6.00531547e-02-2.47926681e-03j
5.38592141e-01-1.25483967e-02j
4.54949293e-01-2.53315494e-02j
-2.46116678e-01-1.96233325e-03j
-8.74103352e-01+1.62027979e-02j
-8.76017717e-01+1.45095163e-02j
-1.74666985e-01+1.07304494e-02j
4.54791784e-01-5.27885948e-03j
4.61381107e-01-1.17976564e-02j
-1.27370087e-01+1.28879024e-02j
-8.04717966e-01+1.12419900e-02j
-8.98837623e-01-1.85122445e-02j
-2.95291137e-01-1.93067003e-02j
4.27532234e-01+1.52851931e-03j
5.11286936e-01-8.05237786e-03j
-1.81110412e-02+1.69305517e-02j
-7.15456932e-01-2.14888153e-02j
-9.41198244e-01+1.57417049e-02j
-3.76974330e-01-4.03634813e-03j
3.49247950e-01-9.50841578e-03j
6.16640582e-01+1.05023723e-02j
7.98633161e-02-8.07655512e-03j
-6.68206923e-01+1.60651254e-03j
-9.53965432e-01+2.95454710e-02j
-4.84001673e-01-1.85767645e-03j
2.64128824e-01+1.01859106e-02j
5.56508385e-01-1.45283659e-03j
1.64045242e-01-7.02109817e-03j
-5.88065129e-01-2.62901161e-04j
-9.90070206e-01-1.79492221e-03j
-5.82925871e-01-6.17451842e-03j
1.52644975e-01+7.61999091e-03j
5.81955356e-01+5.44020965e-04j
2.64298028e-01+9.40069058e-03j
-4.99361292e-01-6.45307828e-03j
-9.30597847e-01+2.30042087e-02j
-6.91412058e-01+1.36565927e-03j
7.66756827e-02-1.11059569e-02j
5.47665838e-01+1.31415730e-02j
3.18113850e-01-1.95472046e-02j
-4.25062588e-01+5.94436264e-03j
-9.26508400e-01-5.32970435e-03j
-7.76776799e-01-5.32387763e-03j
-5.27087665e-02+1.01937435e-02j
5.28678732e-01+1.53524308e-02j
4.19681976e-01-3.66703156e-03j
-2.77318052e-01-1.01861779e-02j
-8.78360910e-01+2.32122757e-02j
-8.44375034e-01+2.00054072e-04j
-1.31812746e-01+1.53612511e-02j
5.18771037e-01+3.02482398e-03j
4.99905388e-01-1.72165756e-03j
-1.74058242e-01-2.00597718e-02j
-8.59059927e-01-9.44912060e-03j
-8.74870825e-01+1.06961283e-03j
-2.75380485e-01+4.49543492e-04j
4.42840441e-01-1.34882425e-03j
5.04135959e-01+5.89150647e-03j
-6.92521883e-02+2.44652744e-03j
-7.82747473e-01-7.21343860e-03j
-9.12424350e-01-2.04447813e-02j
-3.38776994e-01-7.52500403e-03j
3.72629390e-01+8.37790721e-03j
5.76852465e-01-9.44074174e-03j
-1.28767889e-03-1.94180146e-02j
-7.01301583e-01+1.16502286e-02j
-9.59818205e-01+1.03659676e-02j
-4.64319007e-01-5.60985366e-02j
2.78120226e-01+3.01991070e-02j
5.53991519e-01-2.52581400e-02j
1.37980589e-01-1.10010967e-02j
-6.01791355e-01-1.04988213e-02j
-9.69679666e-01+2.60743243e-02j
-5.31105285e-01+6.07362965e-03j
2.05820261e-01-2.13681724e-02j
5.65524591e-01+1.30368917e-02j
2.21880600e-01+2.19811782e-02j
-5.23674250e-01+8.45807378e-03j
-9.50445890e-01-8.82684714e-03j
-6.43246764e-01-8.37427658e-03j
1.13961468e-01+3.77594270e-03j
5.63286404e-01-5.68932797e-03j
2.90556182e-01-1.09104767e-02j
-4.20899290e-01+3.36160000e-02j
-9.35727665e-01+8.31245299e-03j
-7.12338780e-01-1.86883608e-02j
2.01817623e-02-2.67815335e-02j
5.13542060e-01-1.33084776e-02j
3.65393778e-01+2.84918144e-04j
-3.43388518e-01-2.09421563e-02j
-9.08772408e-01-4.96173157e-03j
-7.65370103e-01+6.79837515e-03j
-1.20401227e-01+3.76541750e-03j
5.09297531e-01-6.79997370e-03j
4.53678293e-01+9.68983366e-03j
-2.12956654e-01-7.47723297e-03j
-8.56815516e-01+1.13859510e-02j
-8.71554856e-01+2.46184406e-04j
-2.14868496e-01-4.95836040e-03j
4.47064353e-01+9.54175985e-03j
4.93594478e-01+3.20745275e-03j
-1.09782576e-01+1.73771121e-02j
-8.05495248e-01+6.87886316e-03j
-9.01204586e-01+6.75456453e-03j
-3.34341024e-01+6.59218680e-03j
3.88280202e-01-3.32757456e-03j
5.70887845e-01-4.27968117e-03j
5.69064758e-03-6.03158937e-03j
-7.36513905e-01+1.28248523e-02j
-9.53642387e-01-1.62666296e-03j
-4.02506329e-01-1.08274791e-02j
3.26102045e-01+7.94187830e-03j
5.74432522e-01-1.14073541e-02j
8.34376648e-02+4.41269558e-03j
-6.51169592e-01+1.18663535e-02j
-9.45237632e-01+9.90547912e-03j
-5.30884349e-01-3.28906084e-02j
2.33382114e-01+5.67247895e-03j
6.04922022e-01+1.84248840e-02j
1.99863039e-01+9.17967230e-03j
-5.44383006e-01+3.15843106e-03j
-9.43263492e-01+3.32147319e-02j
-6.32099547e-01+7.50863138e-03j
1.43354927e-01+1.30477912e-02j
5.58682341e-01+1.46622844e-02j
2.74689263e-01-3.55469895e-03j
-4.81280067e-01+4.15711092e-03j
-9.48726556e-01+2.70845150e-02j
-6.84132741e-01+5.75649883e-04j
2.24366561e-02+4.84078551e-03j
5.52154610e-01-6.03638016e-04j
3.22158015e-01+3.15758923e-02j
-3.79770689e-01+8.46337370e-03j
-9.13652188e-01+7.13543541e-03j
-7.72611643e-01-2.62001028e-03j
-3.85890220e-02+1.40627389e-02j
5.43351400e-01-1.26844881e-02j
4.08918904e-01+6.92680731e-03j
-2.39465629e-01+1.06166952e-02j
-8.81691476e-01-1.14644792e-02j
-8.42230424e-01-1.57769229e-02j
-1.73870212e-01-1.75828793e-02j
4.63709546e-01+1.13992341e-02j
4.89960055e-01+9.97987434e-03j
-1.60830075e-01-4.47134374e-03j
-8.33245657e-01-8.16622937e-03j
-8.82541204e-01-2.52106956e-02j
-2.84102352e-01-4.66402047e-03j
4.53325403e-01+1.14562795e-02j
5.22509606e-01+9.16316001e-03j
-3.17486604e-02-3.83492226e-03j
-7.61315570e-01-1.78765916e-02j
-9.27616124e-01-2.70917575e-02j
-3.91568910e-01-5.42998331e-02j
3.61925537e-01-8.06044268e-03j
5.32092441e-01+2.85774914e-03j
4.84600803e-02+3.39693075e-03j
-6.68020052e-01-2.23098888e-02j
-9.57892309e-01+1.59358012e-04j
-4.98530341e-01-4.23671721e-08j
2.27491078e-01+9.96489341e-03j
5.66454178e-01-6.37793691e-03j
1.44317484e-01+6.25170169e-03j
-5.71854151e-01-5.36818683e-03j
-9.38743642e-01-7.49844007e-03j
-6.13467120e-01+2.42360669e-02j
1.64383195e-01-1.11325991e-02j
5.68440463e-01-1.90990804e-03j
2.58333849e-01+3.49600347e-02j
-4.97321550e-01+1.32447422e-02j
-9.45166179e-01+3.48071032e-03j
-6.92935475e-01+1.79330103e-02j
7.95141485e-02-3.27018037e-02j
5.35064112e-01+1.66852122e-02j
3.18521366e-01-8.74395482e-04j
-3.74140719e-01-2.87159838e-03j
-9.20735352e-01-5.00673231e-03j
-7.70456297e-01+4.59216949e-03j
-2.72584666e-02-2.70071654e-02j
5.46369479e-01-3.93167879e-03j
3.82732519e-01-1.39039035e-02j
-2.83087550e-01+2.95469161e-02j
-9.14397842e-01+1.72660954e-02j
-8.15563468e-01+1.69385047e-02j
-1.20983362e-01+1.64129642e-02j
4.61570626e-01+3.49816433e-02j
4.52883556e-01+3.41884015e-03j
-1.74445235e-01-5.66523743e-03j
-8.64732916e-01+1.14987364e-02j
-8.58407775e-01+1.10413129e-02j
-2.31654946e-01+1.56035803e-02j
4.33293862e-01-2.15665605e-03j
5.05055950e-01-9.20926458e-03j
-9.77152541e-02+2.16399685e-02j
-7.87106947e-01-1.65593235e-02j
-9.17617049e-01-5.73395569e-03j
-3.87611692e-01+3.36725947e-03j
3.54905741e-01-4.64882296e-03j
5.18132576e-01+1.07341296e-03j
1.98759783e-02-4.79605752e-03j
-7.07382964e-01+1.03504632e-02j
-9.32681268e-01-1.26957638e-02j
-4.49921466e-01-1.11346031e-02j
3.05296166e-01-7.16958883e-03j
5.73630647e-01+7.28999534e-03j
1.50990240e-01+1.61928415e-02j
-6.04854204e-01-4.76943832e-03j
-9.49961241e-01+1.08366719e-02j
-5.45460770e-01+4.79734014e-03j
2.10971324e-01-1.75845609e-02j
6.07869353e-01-1.17645206e-02j
1.93700809e-01-1.42456899e-02j
-5.50176525e-01-1.32883155e-02j
-9.54578490e-01+4.99141654e-03j
-6.57183627e-01+7.46862879e-03j
1.39663746e-01-7.54666110e-04j
5.82668815e-01-1.60590155e-03j
2.74588050e-01-1.12521997e-02j
-4.59792784e-01+1.54147238e-02j
-9.69342022e-01-4.76446494e-03j
-7.18327669e-01+2.01058914e-02j
-3.60543952e-03+5.44499386e-03j
5.60378042e-01+8.17428996e-03j
4.04664728e-01+2.61239932e-02j
-3.19989576e-01-8.22872867e-03j
-9.35160848e-01-7.29464275e-03j
-7.82555873e-01-2.82229744e-02j
-8.53162807e-02-3.16607669e-03j
4.88957337e-01+9.23716650e-03j
4.51590767e-01+8.43423683e-03j
-2.47870109e-01-5.46052558e-03j
-8.71789291e-01-2.52666895e-02j
-8.56278426e-01-1.08574559e-02j
-2.08755104e-01-2.72040749e-03j
4.97582730e-01-9.98850191e-04j
4.99098647e-01+1.63345836e-02j
-1.00131757e-01-8.13181174e-03j
-8.15042871e-01-1.48995630e-03j
-9.06526476e-01-4.26069190e-03j
-3.11253992e-01-1.64228085e-02j
3.98826729e-01+1.58068520e-02j
5.61736338e-01-3.04078753e-03j
-2.38847680e-02-2.17016940e-02j
-7.50708380e-01-4.30980156e-03j
-9.39631323e-01+5.77092647e-03j
-4.07150619e-01-1.21549642e-02j
3.23149854e-01+1.56259225e-02j
5.66820527e-01+2.99484982e-02j
8.37517216e-02+5.45960472e-03j
-6.74704179e-01+2.78672163e-03j
-9.49689873e-01+1.25812484e-02j
-4.81832807e-01+2.62375401e-02j
2.14426509e-01-2.13695810e-02j
5.74258338e-01+6.34059156e-03j
1.67387863e-01-1.66785088e-03j
-5.91312306e-01-1.02415081e-02j
-9.55399783e-01-2.64033564e-02j
-6.02667242e-01+5.96745307e-03j
1.58926856e-01+1.01593975e-02j
5.56821713e-01-1.83340647e-02j
2.86491691e-01+1.48525156e-02j
-4.78491961e-01+2.22833699e-02j
-9.45384088e-01+3.53476607e-02j
-7.05324955e-01+7.75305342e-03j
3.61998229e-02+2.07756201e-02j
5.63105022e-01-2.00937366e-02j
3.46350267e-01-5.99835507e-03j
-4.05148142e-01+2.09911571e-02j
-9.41321278e-01-8.02073277e-05j
-7.72784569e-01+1.05699821e-02j
-4.63036864e-02-1.19531935e-02j
5.61154919e-01-4.50506303e-03j
4.29724269e-01+1.72693017e-03j
-2.66241362e-01-1.12437933e-02j
-8.87482275e-01-2.81040961e-02j
-8.29644757e-01-1.07630744e-02j
-1.63056241e-01+1.20674976e-02j
4.77946964e-01+7.44751887e-03j
4.54250232e-01-1.05627440e-03j
-1.58591130e-01-8.19131873e-03j
-8.29464528e-01+9.59282594e-04j
-8.86611113e-01-4.76199216e-03j
-2.82183897e-01-6.97031140e-03j
4.07386656e-01-4.47784668e-03j
5.11193548e-01-1.47979376e-02j
-5.08103557e-02+2.14085763e-02j
-7.60766579e-01+2.81335998e-02j
-9.24419538e-01+9.69839468e-04j
-3.58519760e-01-6.78714887e-03j
3.38969090e-01+2.56340711e-02j
5.75925062e-01-3.32182349e-02j
7.10936714e-02-2.48456341e-04j
-7.18151361e-01+6.51947580e-03j
-9.32047969e-01-2.20668779e-02j
-4.55774731e-01-6.52499937e-03j
2.59605019e-01-2.02671708e-02j
5.54551464e-01-1.26284308e-02j
1.59040433e-01-3.43288453e-03j
-6.24764110e-01-2.09287893e-02j
-9.42265947e-01+4.48815916e-03j
-5.63677269e-01-1.42718235e-02j
1.67607336e-01-1.71884990e-02j
5.61254858e-01+7.59981211e-03j
2.48606588e-01-9.63217993e-03j
-5.03090900e-01+1.20887130e-02j
-9.25078870e-01-1.62018499e-03j
-6.76179364e-01-1.77656858e-02j
7.42401901e-02+1.30348705e-02j
5.66314570e-01-4.35628374e-03j
2.90690475e-01-7.10203795e-03j
-4.29992654e-01+2.14731475e-02j
-9.12493835e-01+1.27957033e-02j
-7.37780710e-01+1.60278856e-02j
-4.13255476e-03+2.77912808e-02j
5.35757865e-01+1.79823820e-02j
3.69285236e-01+2.28900527e-02j
-3.24332481e-01-7.87481393e-04j
-9.04115228e-01-1.06291995e-02j
-8.31357150e-01-2.32407737e-02j
-1.29128969e-01+3.21899556e-02j
4.83368876e-01-1.49398567e-02j
4.49979918e-01+5.87587311e-03j
-1.83889433e-01+8.06665174e-03j
-8.57329775e-01-1.06220064e-03j
-8.47645347e-01-3.48310703e-02j
-2.58450905e-01-3.58863648e-02j
4.35240252e-01-2.34416806e-02j
4.87827977e-01+2.00304465e-03j
-6.73669785e-02+6.72711548e-04j
-8.08658686e-01+1.13260360e-04j
-8.97404309e-01+8.13294657e-03j
-3.27776016e-01-1.83967827e-02j
3.69023955e-01-7.90798193e-03j
5.54306309e-01-1.03013200e-02j
2.28371131e-02-8.47163486e-03j
-7.14263073e-01-1.79629873e-02j
-9.12167309e-01+2.44232920e-03j
-4.32779414e-01+9.25367578e-03j
2.85470722e-01+2.19500195e-03j
5.79327372e-01+1.18524637e-02j
1.42695033e-01-6.07439684e-03j
-6.36460798e-01-2.68477272e-03j
-9.76037489e-01-1.36541974e-02j
-5.18468386e-01-2.56171448e-03j
2.43146591e-01-1.60153945e-02j
5.78286443e-01+9.04254786e-03j
2.00676371e-01-4.91572010e-03j
-5.37711361e-01-9.96770838e-03j
-9.62038802e-01+1.42741571e-02j
-6.27409346e-01-2.68976609e-02j
1.26912444e-01+1.39246620e-03j
5.75513079e-01-1.63622075e-02j
3.13548821e-01+4.52182997e-03j
-4.34767838e-01-1.83735254e-02j
-9.53047093e-01+6.76975505e-03j
-7.09672826e-01-1.43607059e-02j
1.70286593e-02+1.45061315e-02j
5.64113141e-01-1.13527246e-02j
3.82761982e-01-1.92793335e-02j
-3.38315397e-01+1.46963545e-02j
-9.10696146e-01+1.65749138e-02j
-7.52434173e-01+2.54548944e-04j
-7.73510729e-02+6.23389823e-03j
5.08124130e-01-4.44775495e-04j
4.34593434e-01+1.09870312e-02j
-2.27275063e-01-4.14538213e-03j
-8.73582976e-01+2.30649455e-02j
-8.40725416e-01+5.80507725e-03j
-1.91751727e-01-2.67712999e-02j
4.99336354e-01+2.75368626e-03j
4.59790986e-01-1.41337980e-02j
-1.60053379e-01+1.12118621e-02j
-8.15341270e-01+6.68573147e-03j
-8.93141380e-01+1.61775037e-02j
-2.88320382e-01+2.88339769e-02j
3.86182646e-01-2.79345030e-02j
5.63674275e-01-1.56239504e-02j
-4.79752562e-02+2.27682859e-02j
-7.57127560e-01+3.25888830e-03j
-9.64216019e-01+7.60110369e-04j
-4.05297334e-01+2.95411847e-02j
3.46296799e-01+7.58153419e-03j
5.78221438e-01+3.00864287e-03j
8.80067592e-02+1.38037655e-02j
-6.53932443e-01+8.63570486e-03j
-9.46638489e-01+1.57334262e-03j
-5.29677531e-01+1.23185213e-02j
2.57668351e-01+9.60626612e-04j
5.79838118e-01+1.04710967e-02j
1.45565494e-01+1.75260310e-02j
-5.87281601e-01+3.63232390e-03j
-9.36475068e-01-1.81602078e-02j
-5.72146780e-01-7.19105531e-03j
1.80053351e-01-1.52556002e-02j
5.80619591e-01-3.98430397e-03j
2.62574551e-01+1.58869048e-03j
-4.75325435e-01+4.80630970e-03j
-9.59253467e-01+8.61352380e-03j
-6.77532555e-01+1.58058160e-02j
7.64265307e-02-1.57695294e-03j
5.35693708e-01-8.62698257e-03j
3.31591561e-01+7.76226764e-03j
-4.04956207e-01+2.14941692e-02j
-9.13539024e-01-2.16586317e-02j
-7.59317834e-01-4.04845263e-03j
-6.89196097e-02-1.31841891e-02j
5.26695528e-01+2.56611287e-02j
4.19318425e-01-2.52103223e-02j
-2.82092668e-01-2.14185550e-02j
-8.92866333e-01-1.02124398e-02j
-8.24145249e-01+6.57572667e-03j
-1.82871154e-01-2.94049532e-03j
4.95117338e-01+7.85438611e-03j
4.87545101e-01-9.01450163e-03j
-1.70053383e-01-1.62702991e-02j
-8.41689843e-01-6.14529311e-03j
-8.94932804e-01-1.46207624e-02j
-2.73902728e-01-2.80098591e-04j
4.14947291e-01+1.63451135e-03j
5.22976663e-01+1.90839452e-02j
-6.62829898e-02-5.70950657e-03j
-7.88393607e-01+1.66050427e-02j
-9.02825108e-01-7.02788747e-03j
-3.66620616e-01-1.28870805e-02j
3.62508689e-01+1.56717292e-03j
5.30898666e-01+1.40575544e-02j
3.92250285e-02-2.77674493e-02j
-6.88670262e-01-4.67949447e-02j
-9.49090081e-01+7.27360909e-03j
-4.68439280e-01-2.78877375e-03j
3.00035704e-01-5.73877426e-03j
5.70263110e-01-2.83870200e-03j
1.09355298e-01-3.37725429e-03j
-6.10853056e-01-4.19009746e-03j
-9.47026399e-01-2.98638429e-02j
-5.59064566e-01+1.45929603e-02j
2.15274436e-01-3.54495283e-02j
5.43666233e-01-1.47583333e-02j
1.99836931e-01+7.40104110e-03j
-5.37921367e-01+2.73610098e-03j
-9.80584953e-01+1.33182731e-02j
-6.58273012e-01+6.68642905e-03j
8.51633362e-02-1.22811477e-02j
5.95097618e-01-1.46856025e-03j
3.34737830e-01-5.21320973e-04j
-3.89400844e-01-5.97709180e-03j
-9.57020945e-01+4.96686779e-03j
-7.45130103e-01-2.48942614e-02j
3.63565347e-03+2.08155402e-02j
5.35149642e-01+1.37112839e-03j
3.73231733e-01+2.55478160e-02j
-3.16508077e-01+3.23280742e-02j
-8.86001983e-01-7.16906187e-03j
-8.25872818e-01-2.96295090e-02j
-1.26910574e-01-9.13743902e-03j
5.11698517e-01+1.99065415e-04j
4.72866871e-01-7.99860581e-03j
-2.28670464e-01+7.99199056e-03j
-8.64515984e-01+2.95993000e-02j
-8.65021264e-01-1.69350819e-02j
-2.06753348e-01+2.25157701e-02j
4.35969253e-01-5.33861594e-03j
5.15631285e-01-2.48967405e-03j
-1.16293526e-01+6.97723466e-03j
-8.18236505e-01+8.03669651e-03j
-9.16611556e-01+3.57788275e-03j
-3.48390376e-01-7.08889930e-03j
4.24079526e-01+2.62829742e-02j
5.38033732e-01-1.43832273e-02j
1.53187549e-02+5.13012912e-03j
-7.39301329e-01+9.33481096e-03j
-9.52900102e-01-1.69359571e-02j
-4.22606715e-01+6.46056782e-03j
2.94592426e-01+2.72246741e-02j
5.67143341e-01+1.28297045e-02j
1.12310476e-01-1.79163426e-02j
-6.58143498e-01+1.35501647e-02j
-9.53454143e-01-3.05287628e-02j
-5.17951104e-01-1.81577570e-02j
2.38615524e-01-1.66917873e-02j
6.08729223e-01-5.80606399e-04j
2.02174422e-01+7.61786802e-03j
-5.90374867e-01-3.36773294e-03j
-9.54237850e-01-1.75582890e-02j
-6.19526913e-01-1.06400417e-02j
1.22323321e-01-6.33101719e-03j
6.08251610e-01-1.53540807e-02j
2.82350964e-01+9.22210891e-03j
-4.78683096e-01-5.54894790e-03j
-9.31230733e-01+1.47823006e-03j
-6.70125741e-01+5.69381129e-03j
4.00644766e-02+4.14379555e-03j
5.67661150e-01+3.59431234e-03j
3.63473810e-01+2.38016173e-02j
-3.69613870e-01-5.86893825e-03j
-8.99962523e-01+3.44402872e-02j
-7.76228180e-01+4.21217605e-03j
-9.02741726e-02-6.88157501e-03j
5.29404364e-01-4.32995894e-03j
4.27073249e-01-1.09684739e-02j
-2.38114276e-01+8.99273722e-03j
-8.79229749e-01+3.29094910e-02j
-8.48051309e-01-2.30435770e-02j
-1.86791287e-01+4.98544862e-03j
4.71979304e-01-2.78444165e-03j
5.02857396e-01-7.43243870e-03j
-1.45806949e-01+1.19114217e-02j
-8.19819923e-01+8.89635766e-03j
-9.22094209e-01-7.12879468e-04j
-2.65037379e-01-2.75326598e-03j
4.16749278e-01+6.68525767e-04j
5.13595013e-01+1.34259982e-02j
-6.60546586e-02+2.14229952e-02j
-7.57331865e-01-3.33339234e-03j
-9.31598961e-01+7.83615053e-03j
-3.87452419e-01+2.69457193e-03j
3.25716875e-01-1.22773686e-02j
5.58791073e-01+9.87525192e-04j
7.20316642e-02+3.25255460e-03j
-6.52256570e-01+1.14416683e-02j
-9.59025767e-01+2.37402711e-02j
-4.86437288e-01+3.89230341e-03j
2.61456832e-01-1.35254939e-02j
5.71317080e-01+3.31699414e-02j
1.47951421e-01+1.86174034e-02j
-6.22306698e-01-5.39541657e-03j
-9.57216282e-01+2.61310849e-02j
-5.59018303e-01-2.21015300e-02j
1.47773342e-01-9.40250845e-04j
5.79342822e-01+8.35883984e-03j
2.36715013e-01-2.88046708e-03j
-5.01311255e-01+6.51841697e-03j
-9.63784331e-01-1.10000598e-02j
-6.83076886e-01+1.77559407e-03j
7.51353360e-02+7.45713762e-03j
5.44047949e-01-2.17428926e-02j
3.53192067e-01+1.02821558e-02j
-3.82078443e-01-4.14725027e-02j
-9.22096355e-01-1.68639367e-02j
-7.34293891e-01-1.78625817e-03j
-3.44744761e-02-3.08761479e-02j
5.25316666e-01+9.42649777e-03j
4.04065662e-01+1.42258066e-04j
-2.81123274e-01+1.35553394e-02j
-9.22944005e-01+8.16192128e-04j
-8.18084283e-01+2.30059587e-02j
-1.64485582e-01-3.37600267e-02j
4.83377384e-01+1.39827448e-02j
4.86259520e-01+1.32051301e-02j
-1.96994983e-01+7.70487010e-03j
-8.57182596e-01-1.14112570e-02j
-8.71097656e-01-1.67952398e-02j
-2.55044522e-01+1.50268574e-02j
4.31575177e-01+2.27142309e-02j
5.25052120e-01-1.34892534e-02j
-7.52004010e-02-3.55878367e-03j
-7.73514680e-01-1.24857984e-02j
-9.21624502e-01-1.96688267e-03j
-3.42552980e-01+5.85537745e-03j
3.72551860e-01+2.42749766e-02j
5.23997190e-01-6.54398645e-03j
3.20260909e-02-3.38214604e-02j
-7.10847028e-01+2.24980823e-05j
-9.58532280e-01+1.27515133e-02j
-4.44292658e-01+1.32960309e-02j
2.61011102e-01-2.35291169e-03j
6.04046867e-01+5.19989236e-03j
1.31000514e-01-5.17278743e-03j
-6.14142681e-01-9.10558512e-03j
-9.38900611e-01+2.34091114e-04j
-5.53131217e-01-1.70958678e-02j
2.03132705e-01-9.67258389e-03j
5.68374216e-01-4.59532859e-04j
2.13156180e-01+6.41417877e-03j
-5.24986623e-01-2.32309086e-02j
-9.89937875e-01+8.65425827e-03j
-6.41748274e-01-3.65289241e-02j
1.04904426e-01-8.50747895e-03j
5.69624764e-01-8.65252762e-03j
3.02025289e-01+1.06089426e-02j
-4.32440385e-01+1.16866346e-02j
-9.31738908e-01-8.24961619e-03j
-6.93617847e-01+3.58824695e-03j
-3.46426550e-02+1.02897448e-02j
5.37185787e-01-1.98873613e-03j
3.90447363e-01+1.73834044e-02j
-3.13579838e-01-4.68812796e-03j
-9.30144463e-01+1.98724725e-02j
-7.92625297e-01+1.88891897e-02j
-8.74758084e-02+1.06783001e-02j
5.48067300e-01-5.46711071e-03j
4.52230932e-01-9.89865140e-03j
-2.15353036e-01-3.84865691e-03j
-8.48234152e-01-1.62679982e-02j
-8.53221680e-01-4.45968889e-02j
-2.04853547e-01-2.37503215e-03j
4.34163992e-01+2.24552660e-02j
5.24991752e-01+2.53885288e-03j
-1.27821192e-01+5.58539956e-03j
-7.89546406e-01-2.16822419e-02j
-8.99134737e-01-2.48233553e-02j
-3.31878618e-01+2.42917196e-02j
4.06841126e-01+1.35918926e-02j
5.34723098e-01-1.62075201e-02j
-1.05421074e-02+6.38580168e-03j
-7.35686845e-01-6.17689706e-03j
-9.26493444e-01-1.38414891e-02j
-4.07792400e-01-1.04266769e-02j
3.08807873e-01+2.71551540e-02j
5.75933612e-01-2.36800448e-03j
8.07693776e-02-7.90642662e-03j
-6.80053190e-01-1.55370395e-02j
-9.68527741e-01-3.35081008e-04j
-5.40086629e-01+1.86380088e-02j
2.21479785e-01+2.53950029e-03j
5.77327858e-01+1.02269288e-02j
1.77014622e-01-1.04668024e-02j
-5.43530914e-01+9.46560791e-04j
-9.33081339e-01+2.72044161e-02j
-6.31302640e-01-7.23542187e-03j
1.12746679e-01+4.20922990e-03j
5.77775677e-01+2.30084468e-02j
3.12522245e-01-1.89482647e-02j
-4.52001697e-01-3.89348014e-03j
-9.48976615e-01+3.59996026e-03j
-6.91343245e-01-1.49668536e-02j
3.62660708e-02+1.16808199e-02j
5.69344011e-01-1.89301527e-02j
3.41332075e-01-8.02290660e-03j
-3.86850392e-01+9.40434619e-03j
-9.12280158e-01-8.26667108e-03j
-7.59056942e-01-3.51982362e-02j
-6.22604970e-02-1.04645334e-02j
5.39931596e-01-3.83215759e-03j
4.24373793e-01-1.77729588e-04j
-2.86307761e-01+3.11455138e-02j
-8.92692761e-01+1.24037606e-02j
-7.91336633e-01+1.20941962e-02j
-2.06233280e-01+3.37385183e-03j
5.09471784e-01-1.48551453e-02j
4.84957201e-01-3.73821012e-03j
-1.69986773e-01-2.69007608e-03j
-8.36459091e-01-2.46980683e-02j
-8.66198483e-01+2.04353149e-02j
-2.71563244e-01-2.59082453e-02j
4.04779385e-01-1.49006375e-02j
5.25662393e-01-1.38460594e-02j
-6.13439510e-02-6.77482823e-04j
-7.41980155e-01+4.71080173e-03j
-9.15136201e-01-4.49081341e-04j
-3.75221687e-01-3.21296939e-03j
3.41756490e-01-1.89524381e-03j
5.72170697e-01+4.19583928e-03j
3.81289712e-02-4.62216020e-03j
-6.75402691e-01-1.21397438e-02j
-9.44401693e-01-6.41903056e-04j
-4.76623571e-01+2.04651779e-03j
2.80550619e-01+1.68194333e-02j
5.84977972e-01+2.72849278e-03j
1.46974310e-01-1.52757088e-02j
-6.00835511e-01-2.91104985e-03j
-9.54095928e-01+6.25388355e-03j
-5.97439758e-01+2.89357355e-02j
1.76641221e-01+4.31005758e-03j
5.56822697e-01+3.14884250e-02j
2.46618303e-01-2.46656994e-03j
-5.13063786e-01-1.36037368e-02j
-9.43019365e-01-1.15774429e-02j
-6.41039369e-01+1.79955290e-02j
6.10518950e-02+1.03843105e-02j
5.64452299e-01+1.42560580e-02j
3.46498108e-01+2.37195026e-03j
-4.19340315e-01-1.38318969e-02j
-8.90880382e-01+2.60724693e-02j
-7.63151704e-01-1.16408337e-02j
-3.03552728e-02+1.75408520e-02j
5.24733522e-01-1.59365157e-02j
4.03422788e-01+4.79384795e-03j
-3.23468841e-01+1.92628149e-02j
-9.12642502e-01+9.36247532e-03j
-8.05828622e-01+6.02042241e-03j
-1.40916097e-01-6.37518209e-03j
4.65583560e-01-1.75321460e-03j
4.64603759e-01+3.41992516e-02j
-1.98293059e-01+1.75907001e-03j
-8.50526761e-01+2.45219638e-03j
-8.48432655e-01+5.19193570e-03j
-2.43216251e-01-2.28773991e-02j
4.58955323e-01+5.75753841e-03j
4.83648556e-01-1.58380359e-02j
-9.53808853e-02-8.47259510e-03j
-8.07490309e-01-4.40869413e-04j
-9.27477413e-01+1.44946467e-02j
-3.31883662e-01+1.95157238e-02j
3.47322771e-01+1.26822043e-02j
5.28479795e-01-2.00927693e-02j
1.17865268e-02+8.55324076e-03j
-6.98904743e-01-7.51533451e-03j
-9.05134932e-01-4.80429814e-03j
-4.60528676e-01-2.19188262e-03j
3.05680202e-01+2.28855770e-03j
5.67419805e-01-2.35346251e-02j
1.21882051e-01+1.78963286e-02j
-6.46390921e-01+2.74432084e-04j
-9.99854927e-01+1.70329872e-02j
-5.42250018e-01+2.29696002e-03j
1.91793058e-01+1.30353125e-02j
5.44213769e-01-3.41684118e-02j
2.15728654e-01+2.31563041e-03j
-5.55698908e-01+1.56358495e-02j
-9.57418877e-01-1.40848126e-03j
-6.27872078e-01-1.27253172e-02j
9.58448752e-02+2.04512112e-03j
5.70618613e-01+4.50915873e-03j
2.74809558e-01-6.04681038e-03j
-4.35800399e-01-9.49989070e-03j
-9.38342980e-01+7.34948133e-03j
-7.25512212e-01+3.96482227e-03j
3.69862119e-02+2.07027039e-02j
5.32040157e-01+2.88511127e-03j
3.67389407e-01-9.68953787e-03j
-3.35213339e-01+2.84797614e-03j
-9.12017586e-01-1.27040566e-02j
-8.10027931e-01+8.02887004e-03j
-1.27260804e-01-1.01380928e-03j
5.27364406e-01-7.13482254e-03j
4.22271194e-01+7.71444364e-03j
-2.34165051e-01-3.52580212e-02j
-8.79614788e-01+9.24755845e-03j
-8.42922489e-01-1.97903161e-04j
-1.88465921e-01-2.04617446e-02j
4.44264884e-01+2.09534762e-03j
5.01443811e-01-1.31135614e-02j
-1.34454502e-01+1.53392061e-02j
-8.01209566e-01+6.83672026e-03j
-8.97299736e-01+5.22778861e-03j
-3.06749400e-01-6.17851824e-04j
3.83317711e-01+9.90565545e-04j
5.34361482e-01-1.26674041e-02j
-2.16203386e-02-2.98572568e-03j
-7.38716350e-01+1.81956743e-02j
-9.44041736e-01+1.72837573e-02j
-4.19878532e-01-5.18206690e-03j
3.22126193e-01+1.27218649e-03j
5.81909878e-01+7.50325824e-03j
6.86814000e-02+3.27413471e-03j
-6.91742630e-01+6.91491288e-03j
-9.50238655e-01-1.60043044e-02j
-4.93683714e-01-1.56659293e-03j
2.41214321e-01+4.11387819e-02j
5.77889766e-01-4.30871150e-03j
1.85467430e-01-1.59479680e-02j
-6.01726189e-01-1.21765814e-02j
-9.62937788e-01-2.05753330e-02j
-6.06079447e-01-2.15548080e-02j
1.31286968e-01-1.18847908e-02j
5.43257559e-01-7.43117868e-03j
2.65161609e-01+1.55204910e-03j
-4.67328665e-01+8.26220803e-04j
-9.35674796e-01-1.78607778e-02j
-7.18715432e-01-1.26323639e-02j
5.67606040e-02+3.85197149e-03j
5.85239367e-01-1.22246423e-02j
3.10659385e-01+1.37185084e-02j
-3.70424493e-01-6.67182719e-03j
-9.02728266e-01+1.43133728e-02j
-7.71173771e-01+8.63809769e-03j
-5.26031086e-02-1.72298290e-02j
5.30169799e-01+1.25706177e-02j
4.01706854e-01+2.24733157e-02j
-2.87050873e-01-3.36738577e-02j
-8.78280046e-01-2.26088248e-02j
-8.37927267e-01-2.41640596e-02j
-1.57660857e-01-1.22713741e-02j
4.58062003e-01+8.19352151e-03j
4.70630516e-01+1.89075846e-03j
-1.69042706e-01-9.68491894e-03j
-8.31582806e-01-4.20275370e-03j
-8.88164199e-01+8.22164047e-03j
-2.86427098e-01+1.44209595e-02j
4.39143827e-01+2.21743327e-02j
5.39761355e-01-2.14940380e-03j
-5.58186696e-02+1.23158614e-03j
-7.95201302e-01+1.69669095e-02j
-8.94927440e-01-2.43639047e-02j
-3.76895381e-01+6.35521410e-03j
3.73854834e-01+1.64493477e-02j
5.67239196e-01+2.58617378e-02j
4.01634253e-02-7.09733990e-03j
-6.84617996e-01-2.70168234e-02j
-9.25028368e-01-1.93656456e-02j
-4.54627487e-01+4.52805479e-03j
2.77290847e-01-1.06531245e-02j
6.02959863e-01-1.09767892e-02j
1.21545571e-01-7.52721983e-03j
-6.25972785e-01-2.54197466e-02j
-9.34725278e-01+1.30618096e-02j
-5.66552108e-01+7.25045519e-03j
2.01297127e-01-1.95017637e-02j
5.91477192e-01-1.78642250e-02j
2.66273768e-01-2.41849092e-02j
-5.24170767e-01+5.27961713e-03j
-9.64007636e-01+1.91146504e-02j
-6.74066792e-01-2.00426836e-02j
1.02115347e-01-6.80690183e-04j
5.43603880e-01+1.01227318e-02j
3.11175150e-01+5.51338425e-03j
-4.18445683e-01-1.30877148e-02j
-9.27641965e-01-1.14819719e-02j
-7.13837120e-01+1.01056961e-02j
-1.83987520e-02-1.11946856e-02j
5.70964050e-01+1.60268937e-03j
3.76965459e-01-2.37772241e-03j
-3.10767932e-01-1.09601170e-02j
-9.04180255e-01+3.76335424e-03j
-8.06253151e-01-2.48482439e-03j
-1.42785179e-01-1.16187583e-02j
4.92689337e-01+1.04522130e-02j
4.45334002e-01-4.10383795e-03j
-2.00527210e-01+1.19008969e-03j
-8.66370677e-01+4.69474546e-03j
-8.43944632e-01+1.44264450e-03j
-1.95511723e-01+3.20498750e-03j
4.58609968e-01-2.80309630e-02j
5.05999630e-01-1.67648307e-02j
-1.34960333e-01+1.46858182e-02j
-7.88529381e-01-1.11256339e-02j
-9.13239228e-01+1.19236101e-02j
-3.49320307e-01-8.60178954e-03j
3.67576298e-01-4.15222555e-02j
5.33250174e-01-2.31915570e-02j
1.16959448e-02+7.79111218e-03j
-7.00101176e-01+1.95153880e-02j
-9.45832692e-01-1.67715079e-02j
-4.49041951e-01+1.18515796e-03j
2.96289935e-01+6.91582681e-03j
5.73684752e-01-1.88858037e-04j
8.36196353e-02-3.00411694e-02j
-6.49617179e-01+1.99592979e-02j
-9.84112113e-01+4.82650253e-03j
-5.56295854e-01-1.18846360e-02j
2.10301493e-01+3.28961029e-02j
5.97761322e-01+1.31380894e-02j
2.00296381e-01+1.82876278e-02j
-5.48522035e-01-1.41217058e-02j
-9.33139430e-01-1.47880096e-02j
-6.17448046e-01-2.42988055e-03j
1.46405704e-01+5.70395958e-03j
5.78235887e-01-4.10245270e-04j
2.85740242e-01+1.75148892e-02j
-4.47456332e-01-2.11228760e-03j
-9.44116652e-01-3.68463565e-03j
-7.10358710e-01-2.97055962e-03j
3.45021913e-02-4.13364684e-03j
5.41832242e-01+1.47554526e-02j
3.61864945e-01-1.98614108e-03j
-3.47883588e-01+1.75870544e-03j
-9.30679879e-01-2.76691751e-02j
-7.62877775e-01+1.94340321e-03j
-6.60491967e-02+5.39269738e-03j
4.99879427e-01-1.20254112e-02j
4.25256478e-01+2.01801672e-02j
-2.34637905e-01+7.71702966e-04j
-9.05818142e-01+6.77916862e-03j
-8.57688066e-01-1.06679004e-02j
-1.73468477e-01+1.78664094e-02j
5.03903836e-01+5.53653265e-03j
4.78950214e-01-1.30291278e-03j
-1.28792842e-01+2.01183897e-02j
-8.35890080e-01-1.88136676e-02j
-8.94567293e-01-4.10456522e-03j
-3.06779169e-01-1.28997426e-02j
4.09119751e-01+2.08791666e-02j
4.86942146e-01+3.33777590e-02j
-4.34898322e-02+6.06584753e-04j
-7.46098414e-01-4.94092436e-03j
-9.21008041e-01+2.91843078e-02j
-3.91570137e-01+1.92051677e-02j
3.73323259e-01-6.61208265e-03j
5.52531428e-01+2.14782716e-02j
5.85492070e-02+1.16458824e-02j
-6.78878612e-01+1.75028727e-02j
-9.17491691e-01-3.13148791e-02j
-5.09631531e-01+5.22123483e-03j
2.80186857e-01-1.22237470e-02j
5.72743611e-01-6.41445455e-04j
1.83518990e-01+1.05721351e-02j
-5.88980741e-01+6.28404322e-03j
-9.35809875e-01+1.30424500e-02j
-6.18110817e-01+3.46291078e-04j
1.52559612e-01-8.86084271e-03j
5.88723184e-01+1.96326110e-02j
2.72187529e-01+6.86644426e-03j
-4.48342983e-01+4.32975429e-03j
-9.21997343e-01-2.33813022e-02j
-6.76706100e-01+1.67187908e-02j
6.67604065e-02+9.86601809e-03j
5.60042673e-01-5.50977192e-03j
3.51909301e-01-7.46883302e-04j
-3.79675275e-01-9.01740944e-03j
-9.61775715e-01-1.73988671e-02j
-7.67459619e-01+3.77451257e-03j
-1.78087130e-02-2.34060295e-02j
5.13827174e-01-1.06345641e-03j
4.01762236e-01+4.31920208e-03j
-2.67542466e-01+4.80063600e-03j
-9.07130015e-01+2.06936352e-03j
-8.46535067e-01+7.65904959e-03j
-1.71123411e-01+5.87021931e-03j
5.07602401e-01+2.80279057e-03j
4.76466343e-01-7.35915399e-03j
-1.68316751e-01+2.38063109e-03j
-8.14985130e-01+2.18616636e-02j
-8.99763899e-01-6.61904239e-03j
-2.72074109e-01-2.04801974e-02j
4.31718192e-01+7.30265623e-03j
5.12675839e-01-3.92304963e-02j
-5.82986972e-02+1.57972074e-02j
-7.66882265e-01-4.30699809e-03j
-9.35795553e-01-1.93923900e-02j
-3.65883622e-01-2.02190941e-02j
3.67533997e-01+2.41063548e-04j
5.39162492e-01-6.82360355e-04j
2.18237003e-02-9.14014376e-03j
-7.04459617e-01+9.95495056e-04j
-9.48239547e-01+2.74051448e-02j
-4.64881120e-01+1.83757069e-02j
2.82144417e-01+1.29359296e-02j
5.36256686e-01+1.74771960e-02j
1.37904914e-01-3.34033747e-03j
-6.05007752e-01-1.71960553e-02j
-9.76690338e-01+1.38762435e-02j
-5.75422902e-01+7.59366188e-03j
2.08026958e-01+3.11742333e-02j
5.80083767e-01-9.57761884e-03j
2.08161230e-01+2.44267359e-02j
-5.22865582e-01-5.91855017e-03j
-9.36148945e-01+1.31662348e-02j
-6.46783354e-01-1.66660751e-02j
1.09513578e-01-2.90034644e-02j
5.69828228e-01-2.34709596e-02j
3.01158730e-01-2.34031447e-02j
-4.25673179e-01-1.77423538e-02j
-9.20742056e-01-1.52348019e-02j
-7.16340643e-01-2.70655331e-02j
5.80861397e-03-4.55781463e-03j
5.20423977e-01+7.96829011e-04j
3.72149057e-01+2.36869092e-02j
-3.42850341e-01-1.00299850e-02j
-8.76547483e-01-1.41078550e-02j
-7.98058077e-01-2.79118556e-02j
-1.09223343e-01-2.59371000e-02j
5.27549321e-01+2.81540415e-02j
4.51109194e-01-9.85010335e-03j
-2.36760931e-01-1.85557369e-02j
-9.03752542e-01-3.80068403e-02j
-8.80431636e-01-1.17251811e-02j
-1.98898227e-01-1.69062610e-02j
4.80371452e-01+2.28834996e-02j
5.19980029e-01+3.54916702e-02j
-1.06836693e-01-1.74451391e-02j
-7.64424113e-01-2.26444978e-03j
-9.03945678e-01+1.25145888e-02j
-3.30985390e-01-3.43012160e-03j
4.01867870e-01+5.75538154e-03j
5.48482007e-01-1.29183019e-02j
-1.68458875e-02+7.24360185e-03j
-7.50433929e-01+2.02118121e-03j
-9.46588351e-01-1.69189633e-02j
-4.02088441e-01-2.73525139e-02j
3.00621742e-01+2.15274679e-02j
5.24533074e-01-1.32119149e-02j
1.10572956e-01+1.00776289e-02j
-6.63852997e-01-2.84050421e-02j
-9.37514747e-01+1.45816597e-03j
-5.19717446e-01-1.20188598e-02j
2.58417486e-01-1.39713866e-03j
5.86646219e-01-5.30724973e-04j
1.98446596e-01-3.79755078e-02j
-5.61268037e-01-4.27518553e-03j
-9.57120244e-01+6.54315829e-03j
-6.05868145e-01+1.47127651e-02j
1.49843696e-01-1.33188465e-02j
5.68022484e-01+5.85951635e-03j
2.52669358e-01-3.28524645e-03j
-4.36925924e-01+3.85047403e-02j
-9.50843210e-01-1.46745588e-02j
-7.02103901e-01-5.60195695e-03j
1.68243314e-02+1.26273607e-03j
5.57557409e-01+8.64657091e-03j
3.53127459e-01-7.90570880e-03j
-3.49335603e-01+2.88915712e-03j
-9.04462352e-01-1.37358140e-02j
-7.95857499e-01+2.62932546e-02j
-6.67441067e-02-1.21207564e-02j
5.30608866e-01-1.27357153e-02j
4.16341134e-01-2.77056905e-04j
-2.65818145e-01+3.68587109e-04j
-8.87356074e-01+6.23138102e-03j
-8.57665435e-01+6.70776756e-03j
-1.87976889e-01+1.49209431e-02j
4.72133874e-01+2.13014134e-03j
4.95440395e-01+1.97015575e-03j
-1.31398111e-01-3.27172096e-03j
-8.39011266e-01+1.16249378e-02j
-8.80636526e-01-8.61114601e-03j
-2.69149446e-01+4.48772584e-03j
3.86410021e-01+8.88861010e-03j
5.14041622e-01+1.30981263e-03j
-4.10611220e-02-1.01311013e-02j
-7.59607472e-01-1.09664166e-02j
-9.46147123e-01-1.04530465e-02j
-3.80179286e-01-1.95649035e-05j
3.51508463e-01-2.41242504e-02j
5.83347793e-01-2.76294687e-02j
5.77732450e-02+4.15986513e-03j
-7.26668667e-01+3.51913344e-03j
-9.58392995e-01+2.73402537e-03j
-4.89783645e-01+8.60580846e-03j
2.52710791e-01+3.47826127e-03j
5.84958502e-01-1.71616139e-02j
1.69917587e-01+2.72879149e-02j
-5.76412621e-01-1.71195414e-02j
-9.67829297e-01+3.99130767e-02j
-5.70614645e-01-9.23082102e-03j
1.66195643e-01-1.09629956e-02j
5.85872525e-01+1.19806375e-02j
2.52024802e-01+3.36924757e-02j
-5.03629619e-01-3.51218139e-02j
-9.45875738e-01+1.18219077e-02j
-6.95686411e-01-4.50668332e-02j
5.23237211e-02+1.10898561e-02j
5.62207166e-01+3.27788467e-03j
3.23646565e-01-1.10664870e-02j
-4.17330620e-01+1.22432031e-02j
-9.39260671e-01+1.23497205e-02j
-7.40270496e-01+9.52146303e-03j
-5.12180792e-02-1.42766996e-02j
5.31677628e-01-2.54477107e-03j
4.11239025e-01-9.15574175e-03j
-2.76670420e-01+2.96446009e-02j
-9.08616268e-01-8.87342024e-03j
-8.13779287e-01+3.52230456e-03j
-1.31859408e-01+1.32315618e-02j
5.15831458e-01-3.87855400e-02j
4.44032759e-01-1.05574442e-02j
-2.03408080e-01-5.97772571e-03j
-8.49529099e-01+4.93305176e-03j
-8.84601678e-01+9.59185276e-03j
-2.36686175e-01+1.32747117e-02j
4.28274056e-01+4.70367873e-03j
4.86764774e-01+7.23359930e-04j
-5.31748342e-02+1.72322899e-02j
-7.81975868e-01-5.31664079e-03j
-9.26546684e-01+1.29027379e-02j
-3.46274257e-01-2.15184848e-02j
3.29614619e-01-1.60710908e-02j
5.31918145e-01+1.79365615e-02j
3.23682068e-03-4.38415985e-03j
-7.14976483e-01-2.28492261e-02j
-9.21767899e-01+2.47102019e-03j
-4.69455865e-01-3.48385502e-02j
2.92270040e-01+7.20935672e-03j
5.64147686e-01-1.15966757e-02j
1.03926959e-01-3.14447096e-02j
-6.13238542e-01-1.84157230e-02j
-9.47566249e-01-3.26485247e-04j
-5.62956170e-01+3.19001603e-03j
2.40151965e-01-3.04227099e-03j
5.98972258e-01+6.83133902e-04j
2.28436335e-01+1.13303335e-02j
-5.40655408e-01-1.94884462e-02j
-9.72424858e-01-2.20207070e-02j
-6.63102229e-01-7.70896551e-03j
1.03881110e-01+7.21298486e-03j
5.55341709e-01-8.29917314e-03j
3.14871307e-01-7.91473834e-04j
-4.45247921e-01+3.55302188e-02j
-9.33155634e-01+4.31970377e-03j
-7.30402204e-01+1.74777171e-02j
-9.98709246e-03+2.37838428e-03j
5.61680998e-01+3.57213050e-03j
3.78100842e-01-9.85416270e-04j
-3.29916772e-01+8.50343257e-04j
-9.05240387e-01-3.60583329e-03j
-8.09386313e-01-7.26692274e-03j
-1.23664039e-01-3.03299904e-02j
5.44100391e-01+1.47632584e-02j
4.47045598e-01+2.67992538e-03j
-2.33855833e-01+1.90830310e-02j
-8.58419932e-01+1.50924620e-02j
-8.65758999e-01+5.68706044e-03j
-2.03947285e-01-1.02007290e-02j
4.69380843e-01+7.80978212e-03j
4.92214966e-01+9.27059515e-03j
-1.32495459e-01-1.01555949e-02j
-7.94754289e-01+1.57379593e-02j
-8.98265552e-01-1.33655970e-02j
-3.00074491e-01-6.43980208e-03j
3.93025309e-01+1.76691962e-02j
5.19728515e-01+2.28274550e-02j
8.12448503e-03+1.24876640e-02j
-7.40123907e-01-1.75594556e-02j
-9.10648271e-01+8.83089908e-03j
-4.10533188e-01+3.48868700e-03j
3.21931870e-01-2.80803731e-02j
5.34301508e-01-5.85190749e-03j
6.88517850e-02+4.73861413e-04j
-6.50721214e-01+1.82319037e-02j
-9.39395079e-01+1.24602457e-02j
-4.95259864e-01-1.35796304e-03j
2.15610807e-01-3.32808568e-02j
6.01734329e-01-8.44571686e-03j
1.89256501e-01-6.59962509e-03j
-5.67679578e-01-1.83348560e-03j
-9.69113142e-01+1.73321039e-02j
-6.02103503e-01+1.37760706e-02j
1.63334909e-01+4.03541174e-03j
5.88072321e-01+9.87813645e-03j
2.33663172e-01-2.30400653e-02j
-4.74927888e-01+6.72445981e-03j
-9.48748440e-01-4.04601097e-03j
-6.98000625e-01+2.64531098e-02j
5.25776007e-02+1.45524941e-03j
5.54168004e-01-1.15272574e-02j
3.31340045e-01-2.42770291e-02j
-3.41009155e-01+6.45543317e-03j
-9.32437861e-01+6.57575775e-03j
-7.56428128e-01+5.04909191e-03j
-4.77541630e-02-2.59052020e-02j
5.45154047e-01+4.15452152e-03j
4.23755498e-01-1.57755473e-03j
-2.78307068e-01+3.74381858e-03j
-8.50917942e-01-2.96503676e-02j
-8.13536824e-01-7.12187286e-03j
-1.76400544e-01-4.71675319e-03j
4.62209874e-01-1.76363392e-02j
4.79971128e-01+8.54051870e-03j
-1.81703702e-01-1.71811319e-02j
-8.31939838e-01+4.68133386e-03j
-8.83228796e-01-8.34731285e-03j
-2.62534815e-01+2.58410770e-02j
3.98662894e-01-9.66648380e-03j
5.26348525e-01+1.72396571e-02j
-3.49526411e-02+2.29153142e-02j
-7.70527847e-01+1.85075333e-02j
-9.51371248e-01+1.53978770e-02j
-3.54955719e-01+2.67283781e-02j
3.35647433e-01-5.56347945e-03j
5.73685885e-01-9.52925349e-03j
3.03227090e-02+9.95440717e-04j
-6.97666655e-01+1.25106676e-02j
-9.52129860e-01+2.99453670e-02j
-4.67844512e-01-1.79872405e-02j
2.92796786e-01+1.36683381e-02j
5.47162323e-01+2.16580322e-02j
1.41699119e-01-2.10205995e-02j
-5.76376817e-01-1.33278884e-03j
-9.71256168e-01-1.30944082e-02j
-5.97911781e-01+1.85111411e-02j
1.95439636e-01+1.99141874e-02j
5.90607128e-01-3.34087153e-02j
2.29229558e-01-1.22748291e-02j
-4.80496523e-01-9.36405253e-03j
-9.42845858e-01-1.60584986e-02j
-6.85717796e-01-2.69828089e-03j
9.95995718e-02+6.62463880e-03j
5.85189043e-01-3.53962334e-03j
3.12983879e-01+7.45834072e-03j
-3.75954938e-01+2.42670577e-02j
-9.02981419e-01-1.79303588e-02j
-7.63753016e-01-9.59756326e-03j
-3.79664847e-02-1.84970390e-02j
5.45005482e-01-1.80474170e-02j
4.00171491e-01-2.03266346e-02j
-2.90143335e-01-5.47353220e-03j
-8.95362870e-01+3.82374808e-03j
-8.21542237e-01+1.45382726e-02j
-1.35425523e-01+1.43535800e-02j
5.20469272e-01+1.01104233e-02j
4.92934330e-01+7.06158115e-04j
-1.90053117e-01+6.29469194e-03j
-8.46777582e-01-5.54325590e-03j
-8.69317962e-01-1.77747726e-02j
-2.44392578e-01-4.62078304e-03j
4.18196304e-01+1.14142561e-02j
4.81397688e-01-2.23530516e-02j
-9.49778300e-02-8.41836999e-03j
-8.13833755e-01+4.48152779e-03j
-9.08898249e-01+3.32225715e-02j
-3.31438386e-01-2.75450811e-02j
3.73177306e-01+8.94608551e-04j
5.53981301e-01-2.83290925e-02j
1.05200917e-02+1.05452483e-02j
-7.00226350e-01-4.27075954e-03j
-9.22419828e-01-1.61299579e-02j
-4.51218815e-01-5.29351621e-04j
2.79488706e-01+8.03162376e-03j
5.34364463e-01+8.76359484e-03j
1.23948098e-01-7.89262342e-03j
-6.27179266e-01+1.09369286e-02j
-9.67158266e-01-1.62723267e-02j
-5.25809200e-01+3.68603471e-02j
2.21139963e-01-1.80315063e-03j
5.90450491e-01+1.43972831e-02j
2.11948250e-01+2.00514992e-02j
-5.43249032e-01-3.97443317e-03j
-9.55930309e-01+9.29481249e-03j
-6.35125966e-01-2.83152614e-02j
1.34946638e-01+7.60773530e-03j
5.99798631e-01-4.61799147e-03j
3.01455794e-01-8.84888934e-03j
-4.22232937e-01+4.24017450e-03j
-9.52783984e-01+2.11847082e-02j
-7.27104901e-01-1.68148023e-02j
-1.68064881e-03-1.32968952e-02j
5.38295365e-01-9.83160412e-03j
3.73006821e-01+1.18383384e-02j
-3.43459378e-01+4.06333254e-03j
-9.16438756e-01+1.30466579e-03j
-7.62463406e-01+1.77721424e-02j
-1.10382006e-01+3.69866189e-02j
5.11408591e-01+5.95967935e-03j
4.34683805e-01-2.20317327e-02j
-2.42263546e-01+1.14159172e-02j
-8.65797422e-01+3.97861184e-03j
-8.61506314e-01+5.75525139e-03j
-1.83026224e-01+3.23615397e-03j
5.03437276e-01-1.28652261e-02j
4.96963815e-01-1.48125811e-03j
-1.28288993e-01-1.88442224e-02j
-8.32282205e-01-1.47711137e-02j
-8.70940418e-01-3.11974618e-02j
-2.94485150e-01-5.82859736e-03j
4.18060674e-01+1.98739094e-03j
5.24647653e-01+2.92210394e-03j
-5.28591916e-02+3.95732766e-03j
-7.59145196e-01+6.23880035e-03j
-9.46663097e-01-6.39821947e-03j
-4.02798653e-01+7.95829947e-03j
3.48528642e-01+1.06233535e-02j
5.63561695e-01+9.52793029e-03j
7.77461384e-02-9.64441438e-03j
-6.72292112e-01-1.11800397e-02j
-9.51791507e-01+1.60447081e-02j
-5.12873793e-01+8.75897620e-03j
2.29107288e-01-1.01103102e-03j
5.95742217e-01-1.95781555e-03j
1.77197163e-01-1.50662825e-02j
-5.96824982e-01-1.56224805e-03j
-9.95719410e-01+2.51967747e-03j
-6.05266853e-01+1.07882390e-02j
1.73044462e-01+1.69419845e-02j
5.88531911e-01+6.73317609e-03j
2.37636774e-01-1.78300041e-03j
-4.92202551e-01+1.39872922e-02j
-9.34473817e-01-3.46191093e-02j
-6.80519093e-01+1.89442579e-02j
6.06613787e-02-1.82463947e-03j
5.80444012e-01-1.34160166e-02j
3.48902998e-01-6.05525824e-03j
-3.81973697e-01-1.79917628e-02j
-9.17691079e-01-1.47124329e-02j
-7.95077342e-01+1.98868392e-03j
-5.69920945e-02-1.13613770e-02j
5.16752704e-01+6.44007756e-03j
4.21147569e-01+1.67958925e-04j
-2.75755277e-01-2.72167769e-03j
-8.82304912e-01+6.04184717e-04j
-8.18266406e-01-5.31655912e-03j
-1.74867800e-01+3.11325776e-03j
5.00060958e-01-1.18576220e-02j
4.50783043e-01+6.21378448e-03j
-1.46708186e-01+2.09030508e-02j
-8.17993983e-01-9.63236940e-03j
-8.68510431e-01-1.81558497e-02j
-2.51470231e-01-5.52115597e-04j
4.23154616e-01-8.69073900e-03j
5.38140456e-01+6.26864228e-03j
-4.46120418e-02+2.53370745e-02j
-7.55647464e-01-6.40549473e-03j
-9.17721473e-01-5.25145470e-03j
-3.59334846e-01+8.43742659e-03j
3.41834781e-01-2.97958824e-02j
5.67883010e-01-5.04943498e-03j
4.18035131e-02+3.09069374e-02j
-6.90587431e-01-2.26955975e-02j
-9.33041527e-01+8.39148285e-03j
-4.98025464e-01+3.40500596e-03j
2.87070915e-01-3.04110282e-03j
5.93029295e-01-1.44832376e-02j
1.28950407e-01+4.84772538e-04j
-6.16526223e-01-9.31120485e-03j
-9.60402302e-01+1.56333491e-02j
-5.64178858e-01-3.99760430e-03j
1.97400594e-01+4.65936463e-03j
5.76095871e-01-1.14892643e-02j
2.46561879e-01+1.00619341e-02j
-5.13216442e-01-1.08942625e-02j
-9.84880944e-01-2.14803329e-02j
-6.69840194e-01+1.02387308e-02j
8.69574069e-02+1.01267432e-02j
5.54025309e-01+2.83746532e-02j
3.15657875e-01+2.79989464e-02j
-4.43820921e-01+1.67960124e-02j
-9.61146505e-01+1.34428499e-02j
-7.01968799e-01+6.33129486e-03j
-1.45305046e-02-1.25257223e-02j
5.04292223e-01+3.08654343e-02j
3.99627256e-01+2.39455654e-02j
-3.22686321e-01-9.98490942e-03j
-8.98524175e-01+1.90867127e-02j
-8.40395277e-01+2.40350036e-02j
-9.52834871e-02-2.30560402e-03j
5.00348147e-01-1.59243686e-02j
4.60278808e-01+1.62272677e-02j
-2.02255095e-01-1.29054541e-03j
-8.61225133e-01-1.62126158e-02j
-8.72345450e-01+1.33108452e-02j
-2.12421089e-01-1.73286485e-02j
4.60751546e-01+1.41430930e-03j
4.95601069e-01-1.09599207e-03j
-1.09197721e-01+1.71131563e-04j
-7.97281611e-01+3.18024264e-02j
-9.12996269e-01+3.00460428e-02j
-3.64195271e-01-2.64080846e-03j
4.01241239e-01-4.14356974e-03j
5.64609097e-01+3.07407734e-03j
6.00348133e-03-2.64139230e-04j
-7.11378454e-01-1.07661985e-02j
-9.47437484e-01-1.74111936e-02j
-4.29858433e-01+3.45932909e-03j
3.06761022e-01+2.33673230e-02j
5.59896536e-01-1.31213173e-02j
9.01303851e-02-2.95776247e-02j
-6.31284031e-01-5.30384749e-03j
-9.52016605e-01+9.07415113e-03j
-5.45803504e-01+2.25177199e-03j
2.38550073e-01+1.53929986e-02j
6.05762148e-01+8.41816992e-03j
2.02470628e-01+4.16058480e-03j
-5.54608328e-01+1.10553678e-02j
-9.57657545e-01-1.91201960e-02j
-6.18657026e-01-1.69995868e-02j
1.17411728e-01-2.05258422e-02j
5.76806542e-01+1.18903042e-02j
2.75550855e-01+1.59897241e-03j
-4.40184383e-01-2.10073574e-02j
-9.25308321e-01+3.62735604e-03j
-7.20648799e-01-9.89052401e-03j
6.03862736e-02-1.26933565e-02j
5.68546247e-01+1.42075277e-02j
3.45027827e-01-3.41592279e-02j
-3.80669361e-01+1.30766996e-02j
-9.09646745e-01-1.71773061e-02j
-7.63226930e-01+2.20199031e-02j
-8.54724524e-02-1.23300298e-02j
5.20828470e-01+3.11926145e-03j
4.25475279e-01-1.48978403e-02j
-2.44843927e-01+1.26715744e-02j
-8.79472350e-01+1.08947112e-05j
-8.30816402e-01+9.92623332e-04j
-1.90438140e-01-9.25953239e-03j
4.89042651e-01-2.66683613e-02j
4.84063140e-01+2.19045952e-02j
-1.65024184e-01-1.31270545e-02j
-8.15038032e-01-3.20691214e-03j
-8.87275664e-01-1.97250567e-02j
-3.04803538e-01+1.31168088e-02j
4.06733191e-01-5.81121144e-03j
5.50826100e-01+1.21908466e-02j
-5.48122185e-02+6.99885558e-03j
-7.52900629e-01+1.88266115e-03j
-9.00881684e-01+4.36586025e-03j
-4.06528151e-01+8.91232514e-03j
3.17725839e-01+1.08474586e-02j
5.86645152e-01+7.96292609e-03j
5.03586464e-02+3.44708477e-03j
-6.96552999e-01-2.71061126e-02j
-9.58677616e-01-2.89648884e-03j
-5.15631909e-01+1.81554005e-02j
2.59740956e-01-1.78753047e-02j
5.44617901e-01-3.76994893e-02j
1.68832131e-01-3.98237543e-03j
-5.86705415e-01+2.09518150e-02j
-9.52420443e-01-8.71622919e-03j
-5.65521596e-01+1.13887453e-02j
1.72994088e-01-1.58032532e-02j
5.94310078e-01+1.91384777e-02j
2.65246729e-01+5.59887250e-03j
-5.13914422e-01-5.99583244e-03j
-9.52477425e-01-2.41070871e-03j
-6.78395638e-01-8.52554474e-03j
6.36929638e-02-1.52780988e-03j
5.59554458e-01-2.85086230e-03j
3.45423008e-01+3.11909850e-02j
-3.89530705e-01+9.33488517e-03j
-9.26270960e-01+1.31097759e-02j
-7.81314821e-01-4.79446641e-03j
-4.46404706e-02+2.95475973e-02j
5.09880382e-01-1.28997255e-02j
4.19493252e-01-1.40651004e-02j
-2.81037640e-01+8.90701023e-03j
-8.87362168e-01+4.38009352e-03j
-8.29154567e-01-1.92445914e-02j
-1.65812303e-01-9.82794928e-03j
4.78394050e-01+2.31666331e-02j
4.38112132e-01-1.27881171e-02j
-1.92088225e-01-4.90790145e-03j
-8.42170424e-01-1.32350946e-02j
-8.72813527e-01-1.43080667e-02j
-2.44567950e-01-2.27068258e-02j
4.32588637e-01+1.77600073e-02j
5.28924149e-01+1.31152565e-02j
-6.33820902e-02-3.65197266e-03j
-8.26773208e-01+2.51865784e-02j
-9.21095316e-01-2.14942017e-02j
-3.55048021e-01-1.70152238e-02j
3.72647776e-01-1.71960203e-02j
5.51207571e-01+1.28930962e-02j
4.80733453e-02+1.13223662e-02j
-6.73172003e-01-7.67284589e-03j
-9.42446175e-01+2.11129438e-02j
-4.53961297e-01+2.98597262e-03j
3.02096484e-01-2.44507849e-02j
5.83115781e-01-1.28920926e-03j
1.33980806e-01-5.56443094e-03j
-6.28189637e-01+1.37876053e-02j
-9.57619149e-01+1.91757149e-02j
-5.41707018e-01-1.28184742e-02j
2.19194675e-01-5.58857063e-03j
5.56001954e-01-2.11475465e-02j
2.20075409e-01-2.82377103e-03j
-5.16494142e-01+1.32145560e-02j
-9.39907649e-01+2.50777948e-04j
-6.32500860e-01+7.35107468e-03j
9.53304161e-02+6.26838817e-03j
5.81035231e-01+1.56920416e-02j
3.23901341e-01-5.62045471e-03j
-4.28351751e-01+9.17975583e-03j
-9.61117417e-01+2.98788319e-03j
-7.53108791e-01-2.71645754e-02j
-1.37025859e-02+9.75393537e-03j
5.49317431e-01-1.71442524e-03j
4.03611353e-01+3.45674646e-03j
-3.34638225e-01-1.79127563e-02j
-8.94726653e-01+6.58318247e-03j
-7.90633997e-01-9.20925814e-03j
-9.81065977e-02-2.01787182e-02j
4.98060686e-01+1.51282790e-02j
4.66430285e-01+2.95796227e-02j
-2.10970983e-01-1.28406303e-02j
-8.43930599e-01+1.81344488e-02j
-8.55190749e-01+5.52625669e-03j
-2.10950268e-01-1.73560796e-02j
4.58555931e-01+2.19442509e-03j
5.14561360e-01-2.18220834e-02j
-8.00909197e-02+1.65534722e-02j
-8.18163425e-01-1.66989148e-02j
-8.97389248e-01+6.76964839e-03j
-3.14596421e-01-5.35538085e-03j
3.68129585e-01-2.18444108e-02j
5.31410865e-01-1.34809891e-02j
-2.08895470e-02-8.31344691e-03j
-7.49099568e-01-1.89448761e-02j
-9.49782975e-01-3.27117370e-03j
-4.20173258e-01+7.83008727e-03j
3.33885730e-01-2.92006465e-02j
5.64345385e-01+1.51218010e-02j
9.22244393e-02-7.43345732e-03j
-6.50589659e-01+2.01420113e-02j
-9.48079838e-01+9.26322632e-03j
-5.20658803e-01-1.02316493e-02j
2.37474722e-01+1.60729041e-02j
5.80391753e-01+3.20574827e-03j
1.99146404e-01+2.11539008e-03j
-5.40529701e-01+4.86634555e-03j
-9.67162777e-01-4.09923794e-02j
-6.09244172e-01-7.93756877e-03j
1.60946714e-01+1.35796944e-02j
5.82127229e-01-2.43664512e-02j
2.90412169e-01-7.00941558e-03j
-4.44832047e-01-1.74593538e-02j
-9.70937675e-01+1.12321157e-02j
-6.74253040e-01+2.26973250e-02j
1.51683514e-02-7.94065402e-03j
5.87331889e-01+2.19181235e-02j
3.54247725e-01-5.74184843e-03j
-3.65499538e-01-3.53525973e-02j
-9.10467911e-01+3.32954475e-02j
-7.54745154e-01-1.15341001e-02j
-6.29279992e-02-1.37219049e-02j
5.09115675e-01-6.44658713e-04j
4.11885766e-01-1.97628034e-02j
-2.51799289e-01-1.35123658e-02j
-8.68679748e-01+3.44705960e-02j
-8.23685182e-01+1.64260049e-02j
-1.35045454e-01+1.28248546e-02j
4.74864468e-01+4.56672648e-02j
4.83453304e-01-7.80913871e-03j
-1.37482622e-01+1.45740059e-02j
-8.18782575e-01-1.06226107e-02j
-8.89885618e-01+1.30645286e-02j
-2.57277478e-01-2.52460342e-02j
4.06906587e-01+3.21700114e-02j
5.24678487e-01-1.02223294e-02j
-1.02054527e-02+1.09310156e-02j
-7.32105059e-01+9.50447341e-03j
-9.38650579e-01+3.06386431e-03j
-3.52990758e-01-1.47909045e-02j
3.45606104e-01+1.63570871e-02j
5.46792117e-01-7.64193235e-04j
5.58500550e-02-4.78869288e-02j
-6.85560477e-01-8.42660331e-03j
-9.53659489e-01-6.21990056e-03j
-4.84404067e-01+6.81261574e-03j
2.50335293e-01-5.86627695e-03j
5.57563061e-01+1.81880088e-02j
1.31120118e-01+6.11149674e-03j
-5.94350236e-01-1.30854573e-02j
-9.42496743e-01-5.62490374e-03j
-6.07047755e-01-1.94072674e-02j
1.67204589e-01-7.13378421e-03j
5.86160068e-01+4.73504632e-03j
2.42988777e-01-2.74108844e-04j
-5.06572354e-01-1.06790147e-03j
-9.47020690e-01-4.83929647e-03j
-6.68051127e-01-9.43573864e-03j
1.02299377e-01-6.02532566e-03j
5.52082155e-01+1.49520834e-02j
2.82501272e-01+2.84966688e-03j
-4.01060248e-01-2.47039742e-02j
-9.29200711e-01+2.88579492e-02j
-7.48593993e-01+1.89233333e-02j
-1.48500861e-02-6.72818777e-03j
5.50502684e-01-2.42778208e-02j
3.47995166e-01+2.16231708e-03j
-3.05494660e-01-2.26585258e-02j
-8.75769227e-01-4.71619000e-03j
-8.07925343e-01+1.57615883e-02j
-1.22406507e-01-2.46722421e-02j
4.67508632e-01-2.74860807e-02j
4.92621230e-01+3.89349641e-03j
-1.95310215e-01+1.32731057e-02j
-8.36400266e-01+3.83177458e-03j
-8.61694573e-01+2.43895244e-03j
-2.38091871e-01+2.31727043e-03j
4.60062172e-01-1.13517142e-02j
4.95312371e-01-4.06417777e-03j
-9.35613335e-02+1.34934171e-02j
-7.46727039e-01-3.98342684e-03j
-9.12219733e-01-7.33667192e-03j
-3.23540388e-01+8.43475782e-03j
3.67917407e-01-1.18741689e-02j
5.54790468e-01-8.12396164e-03j
1.54170108e-02+1.79757472e-02j
-7.04914452e-01-3.25185244e-02j
-9.30223291e-01+1.13649989e-03j
-4.62246527e-01+3.96417954e-03j
3.15592895e-01-7.51174307e-03j
5.26007619e-01-2.15590577e-02j
1.23026838e-01+2.66764814e-04j
-6.31263108e-01-1.26916537e-02j
-9.49830846e-01-1.09365695e-02j
-5.54223161e-01-1.32807744e-02j
2.11134596e-01-4.55251460e-02j
5.62864057e-01+3.11316138e-03j
2.14738995e-01-6.50514499e-03j
-5.39535224e-01+8.08236836e-03j
-9.65661177e-01-3.81568956e-03j
-6.27632000e-01+1.33035203e-02j
1.08789420e-01-2.19335121e-02j
5.64740023e-01-1.90634222e-02j
3.07385390e-01+1.20193443e-02j
-4.57790891e-01+9.66574249e-03j
-9.66067359e-01+2.91908697e-03j
-7.18805040e-01-7.27033986e-04j
2.69653702e-03+9.51459394e-03j
5.43440951e-01-1.53400679e-02j
3.56485559e-01+1.96213212e-02j
-3.39918641e-01-1.43521248e-02j
-9.26830087e-01-2.43020841e-03j
-7.79686999e-01+3.99632686e-03j
-8.77044572e-02+1.88648630e-02j
4.90044098e-01+3.60327015e-03j
4.44231586e-01+3.33259916e-02j
-2.20495303e-01-5.99374289e-03j
-8.75973524e-01-5.16414446e-03j
-8.52389849e-01-3.79718643e-02j
-2.09689061e-01-2.55952335e-02j
4.38022244e-01-3.22828835e-02j
4.95057718e-01-1.90282847e-03j
-1.33934419e-01-2.27473066e-02j
-8.31999880e-01-5.40352855e-03j
-9.11960574e-01+8.12908180e-03j
-3.25077307e-01+2.13324608e-02j
3.67379376e-01-2.27703457e-02j
5.43257119e-01+9.65877131e-03j
-2.16408011e-02+8.40581766e-03j
-7.63473506e-01+5.46586445e-04j
-9.41769055e-01+1.57509859e-02j
-4.05390765e-01+1.69341139e-03j
3.25295039e-01-7.88111673e-03j
5.52534784e-01+6.51145782e-03j
7.57867655e-02-2.64300934e-02j
-6.84254632e-01+2.30449526e-04j
-9.42817517e-01+5.65907132e-03j
-5.04311815e-01+6.29413174e-03j
2.48101350e-01+5.12687993e-03j
5.88602975e-01+3.05150575e-02j
1.91453640e-01+8.96497403e-03j
-5.67419951e-01-1.41630541e-02j
-9.56566398e-01+1.00478936e-02j
-6.02424201e-01-8.88961778e-03j
1.42870240e-01-4.02341276e-03j
5.96648994e-01+7.51210437e-03j
2.85711432e-01-1.76905957e-02j
-4.70770439e-01-1.22615606e-02j
-9.61236465e-01+3.75808750e-03j
-6.87357829e-01+7.11953915e-03j
4.12164525e-02-1.79054896e-02j
5.68619679e-01-2.49575057e-03j
3.24233300e-01-1.85194428e-02j
-3.69781216e-01-2.97759839e-03j
-9.11755899e-01+1.50772376e-02j
-7.66720948e-01+8.00952362e-03j
-2.29309476e-03-7.45000552e-03j
5.19591021e-01-3.52263792e-04j
4.12536013e-01-9.97591265e-04j
-2.66852793e-01+7.72772354e-03j
-8.92938369e-01-9.60845550e-03j
-8.18460048e-01+6.13998822e-03j
-1.45675364e-01-2.13038068e-03j
4.98688870e-01-2.27307281e-02j
4.93622489e-01+1.39370523e-02j
-1.46284361e-01-2.24342201e-03j
-8.19140637e-01+1.69432148e-02j
-9.25460053e-01-1.80177621e-02j
-2.70195429e-01+8.97456387e-03j
4.12399018e-01+1.38879214e-02j
5.42047063e-01-1.01517736e-02j
-9.70835669e-02+4.60556327e-03j
-7.90147828e-01-2.57959809e-02j
-9.02470238e-01-1.99112897e-03j
-3.88599883e-01-1.20775635e-02j
3.67271151e-01-3.37032481e-02j
5.49001580e-01-6.60766865e-03j
1.85886586e-02+2.06584962e-02j
-6.91589656e-01-1.13500198e-03j
-9.60020185e-01-2.14942001e-02j
-4.76749347e-01+8.90942824e-03j
2.69724399e-01+1.64633112e-02j
5.74487760e-01+1.06927989e-02j
1.63495003e-01-5.63349790e-03j
-6.27402263e-01-9.35521176e-03j
-9.68428995e-01+5.10567388e-04j
-5.70953396e-01-2.10962605e-02j
1.93456299e-01+1.80848305e-02j
5.58088960e-01+2.17696948e-02j
2.51964688e-01-8.96458283e-03j
-5.25526977e-01+2.59189329e-03j
-9.63767168e-01-7.13732198e-03j
-6.46242459e-01-3.60241578e-02j
7.90224054e-02+8.44209571e-03j
5.82433960e-01+5.36064182e-02j
3.03011122e-01+2.23641763e-03j
-4.25055970e-01+1.66940649e-02j
-9.28852749e-01-9.17176550e-03j
-7.46295520e-01+1.48075879e-02j
4.57978495e-03+1.07406049e-02j
5.62459503e-01-3.21217866e-02j
4.10541468e-01+5.77093431e-03j
-2.85373730e-01+1.64777052e-02j
-8.97948865e-01-5.34520722e-04j
-7.97556039e-01-1.83200087e-02j
-1.11512666e-01+6.93665185e-03j
4.90268994e-01-5.05613163e-03j
4.64764942e-01-2.49991293e-02j
-2.10670427e-01+1.55467439e-02j
-8.60449289e-01-2.05001014e-03j
-8.57678938e-01-9.32752090e-04j
-2.48596616e-01+7.08604375e-03j
4.33183573e-01+2.29860042e-02j
5.18648518e-01+4.44401538e-03j
-1.12943754e-01-2.48709248e-02j
-8.05023761e-01-2.56693819e-02j
-9.12512289e-01+4.35084230e-03j
-3.24481664e-01+1.46862962e-02j
3.69549500e-01-4.23701490e-03j
5.46227871e-01+2.04228094e-02j
-2.29379966e-03-4.42637231e-03j
-7.22675945e-01+9.61678462e-03j
-9.15984525e-01-3.41558590e-05j
-4.34712428e-01+1.04588233e-02j
2.80171096e-01-2.74422341e-02j
5.63417415e-01+1.27601407e-02j
9.81768244e-02+1.14078011e-02j
-6.43831158e-01-2.10710414e-02j
-9.67729092e-01+1.92459225e-02j
-5.46798964e-01-2.91237042e-02j
2.47252751e-01+1.55684274e-02j
5.98652771e-01-3.01420701e-05j
2.06987759e-01-7.92670824e-03j
-5.30367384e-01+4.85464942e-03j
-9.58367369e-01-2.40737482e-03j
-6.27789392e-01+2.53135269e-02j
9.54907231e-02-9.87306458e-03j
5.83154469e-01-1.41369824e-02j
3.16060888e-01+1.80305840e-02j
-4.48449091e-01-5.54412421e-03j
-9.43902388e-01-1.91748328e-02j
-7.07180737e-01-8.60001976e-04j
-1.47976259e-03-1.15426163e-02j
5.17249716e-01-5.99541157e-03j
3.66958581e-01-1.03549958e-02j
-3.56149597e-01+4.57905885e-03j
-9.34966363e-01+9.65589216e-04j
-7.77190092e-01+5.90655053e-03j
-7.18211877e-02+6.57278160e-03j
5.12174590e-01-8.81178593e-04j
4.42426834e-01+4.25411356e-03j
-2.40902071e-01-3.95895936e-03j
-8.99352969e-01+4.32618842e-03j
-8.46648124e-01+3.48499174e-03j
-1.72873717e-01+5.12257357e-03j
4.44649155e-01-3.17442679e-04j
4.81248641e-01-3.48115646e-02j
-1.72730249e-01-2.30310725e-03j
-8.45457880e-01-1.21594918e-02j
-9.29091050e-01-1.11995255e-02j
-3.26489965e-01+3.52522756e-03j
3.88213615e-01-1.94236800e-02j
5.34559507e-01+1.38185902e-02j
-4.15838138e-02+3.29164321e-02j
-7.46177243e-01+4.87694917e-03j
-9.61155781e-01+2.30060358e-02j
-3.98638731e-01+8.28678392e-03j
3.16980872e-01+1.31148287e-02j
5.74008220e-01+9.51131584e-03j
7.60311873e-02+1.42604591e-02j
-6.76506623e-01-1.78662179e-02j
-9.49372217e-01-1.36441843e-02j
-5.17592258e-01+1.03265141e-02j
2.43322823e-01+2.14077162e-03j
5.84704461e-01-2.61347741e-02j
1.62413213e-01-1.66229230e-02j
-5.74422495e-01+5.31354226e-03j
-9.77207947e-01+2.51945270e-02j
-6.10086340e-01+1.49929750e-02j
1.37547920e-01+1.59761263e-03j
5.98283197e-01+8.42921418e-03j
2.65138645e-01+2.32470209e-03j
-4.95443043e-01+1.09035289e-02j
-9.78875138e-01-8.53771472e-03j
-6.78192726e-01+2.63028945e-02j
3.42525546e-02-2.26288083e-02j
6.03097466e-01+2.75279200e-02j
3.36427062e-01-1.85603760e-02j
-3.95318781e-01+1.72192519e-02j
-9.44210037e-01-1.19773894e-02j
-7.58268995e-01-3.36324988e-02j
-5.23621377e-02+1.92934174e-02j
5.48008668e-01-1.30583171e-03j
4.36209607e-01+1.87085288e-04j
-2.83411789e-01+1.46690364e-03j
-8.91303919e-01-2.51938495e-02j
-8.46524752e-01+1.59349041e-02j
-1.18526236e-01-4.16774481e-03j
5.07008097e-01-4.71162968e-03j
4.23088563e-01+2.25652908e-03j
-1.83134124e-01-1.58450028e-02j
-8.48779480e-01+1.72480545e-02j
-8.96500687e-01+8.29640454e-03j
-2.60607385e-01+1.78589144e-03j
4.33018207e-01+3.52478423e-03j
5.24711028e-01-1.96544174e-02j
-7.17532513e-02-2.62273453e-03j
-7.80369409e-01-3.74201679e-02j
-9.50281451e-01-6.20255835e-03j
-3.93155250e-01+1.08550602e-02j
3.69005618e-01-7.71152248e-03j
5.59479093e-01-1.10398993e-02j
3.99794321e-02+6.55483140e-03j
-7.00611660e-01-2.72519684e-02j
-9.26318043e-01+1.54911580e-02j
-4.77122096e-01-9.00557548e-03j
2.95238609e-01-1.18933000e-03j
5.67085011e-01+1.42565376e-02j
1.57276411e-01+2.57142716e-02j
-5.94587481e-01-2.20894818e-03j
-9.80245270e-01+1.52495880e-02j
-5.53551983e-01+1.26861337e-02j
2.00114225e-01+1.01701619e-02j
5.90460412e-01+2.04824965e-02j
2.17050716e-01-3.16836657e-02j
-5.53255820e-01-1.29311172e-02j
-9.40338441e-01-1.74355574e-02j
-6.31827754e-01-9.68142360e-03j
7.48510675e-02-6.87088318e-03j
5.55406843e-01+1.25865310e-02j
3.11867167e-01+7.16044278e-04j
-4.42073520e-01-9.45746115e-05j
-9.25320997e-01-2.37374436e-02j
-7.35888878e-01-2.02819749e-02j
3.44617267e-02+1.17273855e-02j
5.54555314e-01-2.38969678e-02j
3.91296432e-01-1.99103117e-02j
-3.37726811e-01+1.36530216e-03j
-9.05965158e-01+2.34656933e-03j
-7.89280192e-01+1.84152604e-02j
-1.27977924e-01+1.13078537e-03j
5.14462186e-01+1.08829290e-02j
4.31462882e-01+7.20624270e-03j
-1.89623499e-01-1.30947254e-02j
-8.42954265e-01-1.11424384e-02j
-8.40312093e-01+1.74638999e-02j
-2.17286162e-01-1.26679933e-02j
4.57709055e-01-7.53927267e-03j
4.87723096e-01-2.19739688e-02j
-1.26512513e-01+8.53255450e-03j
-7.82700814e-01-1.49579934e-02j
-8.85147743e-01+1.92763869e-02j
-3.44694530e-01+1.56585379e-03j
3.75695735e-01+6.08703086e-04j
5.20426214e-01+3.27454569e-02j
2.55694111e-03-1.60993135e-03j
-7.17063599e-01-9.54202546e-03j
-9.37206359e-01-1.24806140e-03j
-4.12083918e-01-7.09752959e-03j
3.33815501e-01-1.14338085e-02j
5.58009130e-01-5.96015656e-03j
1.01166506e-01-1.18496511e-02j
-6.52211171e-01+4.32763150e-03j
-9.52381884e-01+4.50897407e-03j
-5.31099660e-01-6.91492223e-03j
2.01606574e-01+3.35938097e-02j
6.03945928e-01+1.79119366e-02j
2.03029423e-01+2.16034421e-03j
-5.77309201e-01-3.05321185e-03j
-9.40047471e-01-3.63591564e-03j
-6.11386625e-01+3.75239425e-03j
1.16780617e-01-1.22713982e-02j
5.72828452e-01-1.55622160e-02j
2.80227118e-01+5.00775584e-03j
-4.51587316e-01-1.38441150e-02j
-9.39761719e-01-1.74592431e-02j
-6.92157119e-01+1.29090097e-03j
3.73655888e-02+2.31793116e-02j
5.61949581e-01-1.27697335e-02j
3.47931338e-01-1.78209900e-02j
-3.63374688e-01+4.75036184e-03j
-9.66785248e-01-2.34194378e-02j
-7.70301591e-01-1.91253142e-02j
-8.83486629e-02-8.35865438e-03j
5.19706930e-01-4.74811333e-03j
4.17795516e-01-3.25848215e-02j
-2.81209122e-01-1.88009879e-02j
-8.74517231e-01-3.01821299e-02j
-8.45101820e-01+1.03560365e-02j
-1.88448112e-01+5.11341299e-03j
4.56373420e-01-7.15631517e-03j
5.00858059e-01-6.86949817e-03j
-1.43273325e-01-1.20225062e-03j
-8.27494836e-01-1.60155069e-02j
-8.98810197e-01+9.87184619e-03j
-2.88856505e-01+2.56072170e-02j
4.35842294e-01-1.68211510e-02j
5.42181203e-01+1.62697872e-02j
-2.18021952e-02-7.15189332e-03j
-7.43600555e-01+6.90951289e-03j
-9.27503817e-01+2.81301607e-03j
-3.78578226e-01+1.18355121e-03j
3.46682979e-01-2.91636930e-02j
5.58352520e-01-4.65877524e-03j
7.73954357e-02+2.29830952e-03j
-6.97370811e-01-9.48989906e-03j
-9.46815499e-01-2.44274643e-02j
-4.97475131e-01-4.02191425e-03j
2.70426863e-01-2.08191914e-03j
5.74392044e-01-2.10787966e-02j
1.72168100e-01-1.14563425e-02j
-5.93086445e-01+3.10607040e-02j
-9.92156410e-01-1.32426825e-02j
-5.96584069e-01-7.61868952e-03j
1.79953675e-01+1.05282583e-02j
5.84235038e-01-2.09855691e-02j
2.46160107e-01+5.04456750e-03j
-4.98288902e-01+5.89656273e-04j
-9.54819732e-01-2.05819634e-02j
-7.08430128e-01+4.31531467e-05j
8.38513312e-02-2.97985492e-02j
5.52714874e-01-1.31122180e-02j
3.10840483e-01+6.32028281e-03j
-4.20233237e-01+2.40559565e-02j
-9.28844107e-01+3.06777947e-04j
-7.59939591e-01+1.23819919e-02j
-5.28429363e-02+8.01119968e-04j
5.28285037e-01+2.25536455e-03j
4.00038282e-01-1.18538922e-02j
-2.87104145e-01+2.31606256e-02j
-9.13661520e-01-4.52805733e-03j
-8.21842417e-01+2.83622748e-03j
-1.41430573e-01-9.17379501e-03j
4.98984314e-01+3.30959038e-02j
4.64518354e-01+5.64481757e-03j
-2.07054913e-01+9.20653351e-03j
-8.45145232e-01+5.63171106e-04j
-8.74563101e-01+3.29987309e-03j
-2.41503296e-01+1.60246233e-03j
4.56660895e-01-1.80927561e-02j
5.32237300e-01+2.34953572e-02j
-9.11230257e-02-3.99340362e-03j
-7.85148202e-01+2.28852555e-03j
-9.23304895e-01-1.19704279e-02j
-3.46034493e-01+3.39220465e-03j
3.43359967e-01-1.73723706e-02j
5.74918158e-01-1.15290102e-03j
2.48732316e-02-4.39540657e-03j
-7.28252835e-01-2.03607183e-02j
-9.48750658e-01-9.38602331e-03j
-4.36665277e-01-2.15699478e-02j
3.12755638e-01-1.88945150e-02j
5.74553070e-01-3.31577358e-03j
1.05978254e-01+7.43994452e-03j
-6.05558409e-01-2.34786289e-02j
-9.46063928e-01-1.54613287e-02j
-5.24407241e-01-1.39288278e-02j
1.75659932e-01+1.07881170e-02j
5.81014627e-01+3.58332346e-03j
2.19678595e-01+5.14280712e-03j
-5.34660503e-01+2.96549829e-02j
-9.53130679e-01-9.05996272e-04j
-6.54715967e-01+5.78957697e-03j
1.28845218e-01+7.12035321e-03j
5.47916957e-01-1.30512876e-02j
2.78293349e-01+2.83985733e-02j
-4.32629762e-01+3.01952942e-05j
-9.26008025e-01-1.60732388e-02j
-7.15266540e-01+2.42614743e-02j
-3.46943616e-03-8.37142941e-03j
5.73115644e-01-1.79994381e-03j
3.93171799e-01+2.11802537e-02j
-3.01303493e-01-2.03692798e-02j
-9.35357707e-01-3.34911073e-03j
-7.92112288e-01+8.19354532e-03j
-1.12959510e-01-1.31879545e-03j
4.96636020e-01+1.30180108e-03j
4.53795962e-01+1.24116898e-02j
-2.25074483e-01+1.81718265e-02j
-8.85333634e-01-1.46216942e-02j
-8.47975856e-01-1.20157057e-02j
-2.08871619e-01+6.84794935e-03j
4.75742786e-01-2.68344984e-03j
4.91139769e-01+1.01203011e-02j
-1.04753952e-01+2.07823240e-03j
-8.11066790e-01+1.79433694e-03j
-9.10258356e-01+2.90784445e-03j
-3.12368153e-01+3.50790264e-02j
4.20669155e-01-1.65392134e-02j
5.31102057e-01-6.75896462e-03j
-1.50862221e-02-2.39958469e-02j
-7.63132994e-01+5.19568151e-03j
-9.37992931e-01+2.60481284e-02j
-4.17280796e-01-2.96952290e-03j
2.97124879e-01-1.30653287e-02j
5.81583053e-01+1.23933148e-02j
9.45804718e-02+1.11684849e-04j
-6.82001449e-01-9.51642205e-03j
-9.50417941e-01+1.34024160e-02j
-5.25627132e-01-1.67383055e-02j
2.33667061e-01+1.23627321e-02j
5.62176486e-01+6.38177379e-03j
1.76374761e-01-1.56065040e-02j
-5.34895536e-01+6.03100261e-03j
-9.58235936e-01-1.56815643e-02j
-5.76677349e-01-2.29353934e-02j
1.29470923e-01-4.62167724e-03j
5.71058869e-01+2.26548354e-02j
2.83701143e-01-2.29102705e-02j
-4.84265231e-01+2.79760797e-03j
-9.55231539e-01+1.24050122e-03j
-7.16474690e-01-2.73399468e-02j
4.40547755e-02+2.68212056e-02j
5.71991224e-01+1.41802011e-02j
3.28515737e-01+4.52932615e-03j
-3.44021819e-01-3.12039261e-02j
-9.40099403e-01+2.38898940e-02j
-7.46982011e-01-3.37907556e-03j
-4.62489361e-02+2.15689946e-02j
5.06180938e-01+3.70056631e-03j
3.83474186e-01-1.85943398e-02j
-2.69638253e-01+2.36084525e-02j
-8.85383907e-01-1.28034098e-03j
-8.69885968e-01-8.31046293e-03j
-1.85659793e-01-1.00940061e-03j
4.59928274e-01+3.90068351e-03j
5.04700935e-01+1.96982836e-02j
-1.60721244e-01+4.94133152e-03j
-8.47399328e-01-1.14893882e-03j
-8.90868196e-01-4.91346741e-03j
-2.77417815e-01+3.53427097e-03j
4.21300303e-01-6.06389128e-03j
5.12275294e-01+6.08708080e-03j
-2.66060810e-02-4.14142946e-03j
-7.66265141e-01-2.15069204e-03j
-9.48931971e-01-3.26584513e-03j
-3.86527677e-01-1.62086753e-02j
3.53202602e-01-1.60605859e-02j
5.81998773e-01+4.33396830e-03j
4.09049375e-02-2.80013927e-02j
-6.93329245e-01+2.97370913e-02j
-9.51860525e-01+1.10503980e-02j
-4.63914752e-01-8.33035618e-03j
2.61072976e-01+1.28066191e-03j
5.67786582e-01-2.23440866e-03j
1.58036018e-01-1.01995269e-03j
-5.97012196e-01-3.64546096e-02j
-9.81509249e-01-1.40486654e-03j
-5.92672361e-01+1.36963770e-03j
1.68654630e-01+2.76609832e-03j
5.52362874e-01+1.47462916e-02j
2.45631419e-01+7.56551916e-03j
-5.08597141e-01-2.57380793e-02j
-9.38715839e-01-2.33071289e-02j
-6.65418344e-01+8.53578324e-03j
8.69030376e-02+6.48495352e-04j
5.47476389e-01+8.84949348e-03j
3.09770271e-01-1.61330603e-02j
-4.00920002e-01-8.95949047e-03j
-9.16582882e-01-8.53603222e-03j
-7.53442379e-01+1.03139212e-02j
-3.80802339e-02+1.15843218e-02j
5.33714942e-01+1.85332584e-02j
4.16066281e-01-1.39566009e-03j
-2.95441224e-01+2.30864675e-02j
-8.95927081e-01-2.38494287e-02j
-8.03537946e-01-5.15154052e-03j
-1.35416819e-01-7.75653952e-03j
5.45580674e-01-1.56156270e-02j
4.69052019e-01-3.46578256e-03j
-2.17311484e-01-2.30435715e-03j
-8.45570004e-01-6.81913624e-03j
-8.66335697e-01+3.45381389e-03j
-2.56270034e-01-1.74440628e-02j
4.50230730e-01-1.04364187e-02j
5.19364557e-01-1.53950767e-02j
-5.17573857e-02-8.15691574e-03j
-7.99332333e-01+1.66571546e-03j
-9.16933442e-01-1.95265451e-02j
-3.51177125e-01+2.83077390e-02j
3.66713569e-01-3.21213188e-02j
5.84452786e-01+5.87569506e-03j
1.17088527e-03-1.26182638e-02j
-7.32353106e-01-7.09703804e-03j
-9.49968866e-01-2.23446588e-02j
-4.37404293e-01+2.98096096e-04j
2.90726647e-01+8.42805320e-03j
5.88445745e-01+2.14718824e-03j
1.15509351e-01-5.89187504e-03j
-6.49477604e-01+2.81392157e-04j
-9.62183681e-01-1.96428577e-03j
-5.35589954e-01+1.11647008e-02j
2.01228629e-01+2.06093619e-03j
5.76706751e-01-4.26916175e-04j
2.01682769e-01+1.12764236e-02j
-5.38061202e-01-7.06366964e-04j
-9.62929042e-01-1.49915862e-02j
-6.12333682e-01+9.85929387e-03j
1.36563414e-01-5.45066255e-03j
5.87030725e-01-1.57596586e-02j
2.88619833e-01+7.65553516e-03j
-4.51966603e-01+3.91643644e-03j
-9.34635213e-01-2.95233563e-02j
-6.88779538e-01+6.05433002e-03j
3.77562231e-02-4.02987191e-03j
5.50671707e-01+1.76546207e-02j
3.98701275e-01+2.00413879e-03j
-3.28703138e-01+5.15772489e-03j
-9.32972761e-01-1.37354984e-02j
-8.23617627e-01+2.52204099e-02j
-7.46556898e-02+2.40974590e-02j
5.40148216e-01+1.98239315e-02j
4.45876570e-01-2.27672316e-02j
-2.02920170e-01-6.45377202e-03j
-8.70077494e-01+1.10199060e-02j
-8.58928200e-01-1.36657887e-02j
-2.06802582e-01+7.04673555e-03j
4.81600330e-01-7.56090126e-03j
5.00135124e-01-1.71287945e-03j
-1.48986799e-01-1.77529265e-03j
-8.29475129e-01+2.41924300e-02j
-8.86666050e-01+3.19951320e-02j
-2.99831417e-01+2.09265167e-03j
4.21041287e-01-2.05912969e-02j
5.25936045e-01-1.12663544e-02j
-2.30952224e-02+3.61700048e-02j
-7.00035134e-01+4.73583561e-03j
-9.00654679e-01-5.88025025e-03j
-3.87336381e-01-2.14375314e-02j
3.38099410e-01+6.79010030e-04j
5.31814310e-01+5.55618108e-03j
4.50249169e-02-7.42550471e-03j
-6.56643593e-01+1.68101662e-02j
-9.69088279e-01-2.69227759e-03j
-4.94765534e-01-2.13177937e-02j
2.19447562e-01-3.45384304e-02j
5.76624639e-01-7.03865681e-03j
1.88632392e-01-2.69241906e-04j
-5.53970967e-01+1.15351506e-03j
-9.87517899e-01-2.31089563e-02j
-6.08445573e-01+5.04100067e-03j
1.38964315e-01+1.02263175e-02j
5.76243187e-01-1.21290974e-02j
2.68871983e-01+1.23295490e-02j
-4.94601318e-01+1.17636332e-02j
-9.40404070e-01-2.78044122e-02j
-6.77360467e-01-1.41358119e-02j
5.04342009e-02+9.13385268e-03j
5.53065390e-01-3.36755933e-02j
3.37391913e-01-1.59752711e-02j
-3.79239912e-01-6.18077283e-03j
-9.41841503e-01+6.54267939e-03j
-7.33919026e-01-8.20092589e-03j
-5.43932228e-02+2.75767405e-02j
5.26525055e-01+9.31334974e-03j
4.06985225e-01+2.63892088e-02j
-2.70954120e-01-1.81394626e-04j
-8.49629644e-01-2.37295507e-02j
-8.21564554e-01+1.32865485e-02j
-1.39874862e-01-1.02459551e-02j
4.51646905e-01-1.79457891e-02j
4.91126116e-01+1.98965726e-03j
-1.88728484e-01-2.80739215e-02j
-8.26890708e-01-2.20966845e-02j
-8.58567249e-01-1.50864756e-02j
-2.56318820e-01-2.06261203e-03j
4.08143245e-01-2.09150419e-03j
5.16355882e-01-2.73194855e-02j
-6.30146343e-02-1.32378190e-02j
-7.61862509e-01+2.04814303e-02j
-9.26242966e-01+2.93204393e-03j
-3.53265056e-01+1.09837701e-03j
3.70849244e-01-1.68915429e-02j
5.48605624e-01+1.66787115e-02j
1.96216052e-02+2.74798930e-02j
-6.98703723e-01+1.52994656e-03j
-9.66918389e-01-5.21902435e-03j
-4.91627449e-01+1.14251670e-02j
2.90955914e-01-5.95308640e-03j
5.81005519e-01-7.71671500e-03j
1.45984929e-01-1.17620173e-02j
-6.17049996e-01+8.81769677e-03j
-9.50363478e-01-1.49027694e-02j
-5.67711379e-01-2.00297849e-03j
1.63690931e-01+9.22837971e-03j
5.96312464e-01-1.19653665e-02j
2.34144283e-01-3.64704415e-03j
-5.13436885e-01+2.65936668e-02j
-9.52480719e-01+5.42278239e-03j
-6.37179597e-01+2.18134805e-02j
5.55347635e-02-2.20937255e-02j
5.66535833e-01-5.00992619e-03j
2.94178682e-01+1.22712980e-02j
-4.19483208e-01+2.28522489e-02j
-9.60213099e-01-6.34610446e-03j
-7.21387412e-01+1.42530683e-02j
-3.71453387e-02-1.08875176e-02j
5.46974951e-01-9.57619737e-03j
3.99511842e-01-2.32571197e-02j
-3.15932853e-01+6.02168844e-04j
-8.85844233e-01+1.82843631e-02j
-8.08997150e-01-1.21810468e-02j
-1.24981873e-01+1.68357854e-02j
4.92655040e-01-5.84959047e-03j
4.60940291e-01-1.15370585e-02j
-2.06915007e-01+6.81725427e-03j
-8.70425921e-01+3.69210498e-02j
-8.64271177e-01-8.60988066e-03j
-2.02576072e-01+2.25393686e-02j
4.35340638e-01-2.18363686e-02j
5.04032689e-01-1.37367728e-02j
-9.75156151e-02+2.69337785e-03j
-7.82659493e-01-4.60248383e-03j
-8.91505890e-01+9.39550722e-03j
-3.31925390e-01+1.46930028e-02j
3.79945273e-01-1.30658909e-02j
5.49058155e-01-1.99759435e-02j
-6.01400733e-03-7.71274691e-04j
-7.08467363e-01-7.97796776e-04j
-9.50132635e-01-1.10250251e-04j
-4.35810861e-01+2.96912719e-02j
3.12621468e-01-1.25392845e-02j
5.59884660e-01-2.44018059e-02j
1.13956067e-01+9.22455056e-03j
-6.36598037e-01-6.81520894e-03j
-9.68718412e-01-2.12758146e-02j
-5.09183028e-01+2.59214175e-02j
2.25780387e-01-2.19056265e-03j
5.85197127e-01-2.13714700e-02j
2.01573646e-01+1.02533547e-02j
-5.46861933e-01-9.29005835e-03j
-9.47471353e-01+1.28511052e-02j
-6.25211100e-01+1.31620576e-03j
1.15795528e-01+4.70776523e-03j
5.75369310e-01+1.46704103e-02j
2.97948715e-01+6.11566086e-04j
-4.88759193e-01-1.65159595e-02j
-9.40134029e-01-2.08182512e-02j
-7.05037999e-01+2.10863053e-03j
3.83953797e-02+1.07717039e-03j
5.55364405e-01-2.10978143e-02j
3.68110504e-01-1.99931577e-02j
-3.54083652e-01-1.01056155e-02j
-9.18443119e-01+3.15688135e-02j
-7.75936932e-01-1.34847330e-02j
-9.44440195e-02+1.11474631e-02j
5.15621146e-01+1.56725720e-02j
4.29246020e-01-1.29773330e-02j
-2.40139350e-01+1.85283767e-02j
-8.89103663e-01-3.67927329e-02j
-8.36462771e-01-1.89373401e-03j
-1.59395927e-01-1.11469426e-02j
4.76200404e-01-2.93645077e-03j
4.98550209e-01+2.42325777e-02j
-1.58931108e-01-1.85549906e-02j
-7.73336782e-01+1.33326110e-02j
-8.68527686e-01+1.45199323e-02j
-2.97358990e-01-1.23368942e-02j
4.13330937e-01+1.05872264e-02j
5.44897506e-01+2.79595148e-02j
-5.18435726e-03-1.73847351e-02j
-7.47557523e-01-2.81957545e-03j
-9.59466581e-01-7.57144278e-03j
-4.00139634e-01+1.36468518e-03j
3.32294794e-01-1.24775106e-02j
5.31176087e-01+2.33053557e-02j
4.12649758e-02+5.66409090e-04j
-6.45001952e-01-6.56171793e-03j
-9.55898469e-01+7.12701700e-03j
-4.83886493e-01-2.03409030e-02j
2.54849247e-01-1.43134130e-02j
5.82802354e-01+1.56406436e-02j
1.69059180e-01+1.36723250e-02j
-6.17351234e-01+3.12988154e-03j
-9.86201282e-01-3.59567756e-03j
-5.83360298e-01+5.16891963e-02j
1.49062114e-01-4.66640137e-03j
5.68973912e-01+3.36320904e-02j
2.45856713e-01-1.72124486e-02j
-4.89843692e-01+2.27899049e-03j
-9.42801162e-01-5.99686770e-03j
-7.02027850e-01-2.10071071e-02j
7.72163530e-02+2.50657282e-02j
5.56360898e-01-1.98343270e-02j
3.46073456e-01-5.59444540e-03j
-3.93107197e-01-2.00776707e-02j
-9.30449098e-01+4.13132825e-03j
-7.64842239e-01-1.47892803e-02j
-1.66636903e-02+1.28987571e-02j
5.40281859e-01+1.90571661e-04j
4.12777087e-01-1.11154349e-02j
-2.88939318e-01+1.10773818e-03j
-8.96834884e-01-4.23497138e-03j
-8.34669278e-01+1.20819607e-02j
-1.62845336e-01+3.46437130e-02j
5.04323832e-01+6.13382080e-03j
4.35378589e-01-2.85776207e-04j
-1.97641035e-01+2.15999668e-02j
-8.29392490e-01+1.57141360e-03j
-8.89330141e-01-3.48169785e-03j
-2.58822906e-01-1.34774089e-02j
4.38051468e-01+1.96497653e-02j
4.97061980e-01-2.71732670e-03j
-4.14496494e-02+4.92670686e-04j
-7.68699015e-01-1.54846808e-02j
-9.25145874e-01+5.59899444e-03j
-3.84879263e-01+2.39645567e-02j
3.59257507e-01+6.45201503e-03j
5.32047194e-01-8.39929139e-03j
4.43544436e-02+9.26817175e-03j
-7.11871461e-01-1.26147561e-02j
-9.48382747e-01+2.45191379e-02j
-4.91008650e-01-1.60413050e-03j
2.74436138e-01-2.16055078e-03j
5.58766865e-01-5.95371390e-03j
1.27730247e-01+1.73236235e-03j
-6.12876411e-01+5.29490535e-03j
-9.62408088e-01+5.03109619e-04j
-5.73651802e-01-4.14033361e-03j
1.99156605e-01+3.25270030e-02j
5.91555905e-01-1.22946749e-02j
2.35574022e-01-5.72910185e-03j
-5.34987127e-01+1.16724004e-02j
-9.24042303e-01+7.85061748e-03j
-6.51186595e-01+8.25147858e-03j
1.09263169e-01+3.72351650e-03j
5.88268597e-01+2.83171617e-03j
2.87452390e-01-2.49174362e-02j
-4.20477615e-01+4.75840458e-03j
-9.18642347e-01-1.50018982e-02j
-7.05389128e-01-9.67120081e-03j
-3.41522199e-04-1.49291133e-02j
5.71988720e-01+2.39236605e-02j
3.82148844e-01-9.13244943e-03j
-3.42378776e-01-1.59756005e-03j
-9.15283898e-01+6.09454844e-03j
-8.06088492e-01-2.95195256e-02j
-1.02057723e-01+3.05804551e-02j
5.11951133e-01-1.89717168e-03j
4.76959590e-01+3.67999743e-03j
-2.17535578e-01+2.79336598e-02j
-8.36048813e-01-2.71253051e-02j
-8.63618603e-01+1.47465330e-02j
-2.48880073e-01-2.72308757e-02j
4.29870374e-01+5.72172682e-03j
4.96694176e-01+1.35372501e-02j
-7.84178812e-02+1.40551415e-02j
-8.24935371e-01+3.95361137e-03j
-8.99549168e-01+1.69125012e-03j
-3.39321710e-01+5.21062440e-02j
3.86156346e-01-1.53124403e-02j
5.43664442e-01-2.69698627e-02j
-3.87129534e-03+5.53627998e-03j
-7.32116112e-01+7.99270190e-03j
-9.30104310e-01-1.07077603e-02j
-3.93152187e-01-1.61135687e-03j
3.06978557e-01-3.99387238e-03j
5.60107784e-01+1.60499208e-02j
1.19088001e-01+8.26491727e-04j
-6.50892445e-01-6.92350377e-03j
-9.72782466e-01-1.69450177e-02j
-4.98433681e-01+8.60999324e-03j
2.12910289e-01-1.94784984e-02j
5.87700564e-01+7.74007817e-03j
1.98023653e-01+6.31143161e-03j
-5.89040902e-01-2.81180918e-02j
-9.68576608e-01-3.07724692e-02j
-6.10659593e-01+1.11434856e-02j
1.34452270e-01-3.83759113e-02j
5.61859413e-01-9.09834973e-03j
2.82557573e-01-5.60311302e-04j
-4.85832991e-01-2.59305266e-02j
-9.48157458e-01+1.50384218e-02j
-7.18207842e-01+2.53555374e-03j
2.38959261e-02-1.06145561e-02j
5.71775286e-01+4.11272302e-02j
3.62853665e-01+2.41741024e-02j
-3.52719008e-01-2.14649803e-02j
-9.03422572e-01-4.81206473e-03j
-7.83474123e-01+3.57665458e-02j
-6.18723167e-02-1.48628348e-02j
5.18704424e-01+5.94308675e-03j
4.22326633e-01+1.97849888e-03j
-2.63980140e-01-1.89442707e-02j
-8.87945421e-01+1.30364250e-02j
-8.20696480e-01+9.90555816e-04j
-1.73137487e-01+1.35343674e-02j
4.90814705e-01-1.68991327e-02j
4.77179673e-01-4.72236859e-03j
-1.75875663e-01-8.80088852e-03j
-8.16565778e-01-6.22112778e-03j
-8.84865974e-01-4.65372136e-03j
-2.76618228e-01+6.81631549e-03j
4.07219878e-01-6.78023334e-03j
5.19235947e-01+1.73288972e-02j
-4.94092175e-02-1.38191552e-02j
-7.58997656e-01+6.37655359e-03j
-9.19870880e-01-6.84704462e-03j
-3.90309046e-01+1.52324319e-03j
3.33624149e-01+2.05381830e-03j
5.48862940e-01-1.04956303e-02j
5.69299603e-02-2.43361796e-03j
-6.88553138e-01-1.84082021e-02j
-9.47030972e-01-1.40061614e-02j
-4.53602414e-01+3.80424643e-02j
2.56824712e-01+1.30796922e-02j
5.57453086e-01-7.07639372e-04j
1.60584074e-01-1.54093705e-03j
-5.72110510e-01-1.39996329e-02j
-9.34316146e-01+3.32816313e-02j
-5.92857654e-01-1.49269159e-02j
1.65472294e-01+3.59365598e-03j
5.68370696e-01+1.77310414e-02j
2.50869206e-01-9.30896742e-04j
-4.84221833e-01-5.16994994e-04j
-9.72423464e-01+1.96667528e-02j
-6.36398925e-01-1.43807419e-02j
5.95826582e-02+6.75313750e-03j
5.55442132e-01-4.37727388e-02j
3.28398185e-01+2.36225915e-02j
-4.20473881e-01+3.77357716e-02j
-9.05954985e-01+2.38557266e-02j
-7.40007091e-01-3.34448138e-04j
-2.75769732e-02-9.41724121e-03j
5.62436083e-01-3.76372190e-03j
4.05808134e-01+6.32892217e-03j
-2.82136858e-01-4.55314124e-04j
-8.94243716e-01+1.80289579e-02j
-8.24020501e-01+8.34418410e-03j
-1.23524539e-01-2.47576104e-02j
5.01349979e-01-1.64643322e-02j
4.94300607e-01+1.41059006e-02j
-1.99590366e-01+9.83548140e-04j
-8.47026687e-01-1.39896163e-02j
-8.83819064e-01+4.46420110e-03j
-2.47220973e-01+7.13409243e-03j
4.28883423e-01+3.98615346e-02j
5.31918249e-01-1.45367235e-03j
-7.82279262e-02+1.71786647e-02j
-7.70888983e-01+1.29248477e-03j
-9.55501207e-01-6.19180956e-03j
-3.34063911e-01+3.07113635e-04j
3.91803899e-01+8.82368225e-05j
5.44353849e-01+1.41371422e-02j
2.00982384e-02-4.33551885e-03j
-7.14880834e-01-3.24764428e-03j
-9.69942589e-01-5.71104321e-04j
-4.43851033e-01-7.46340865e-03j
3.09716490e-01-4.69602630e-04j
5.87880067e-01-1.11807812e-03j
1.04867315e-01+6.79565201e-04j
-6.32395608e-01+1.21577680e-02j
-9.45529400e-01-1.23218707e-02j
-5.46069997e-01-2.35321516e-03j
2.24132448e-01+8.31381919e-03j
5.91173932e-01-1.68821571e-02j
1.86458894e-01-2.56441566e-02j
-5.53527792e-01-3.56296670e-03j
-9.69276871e-01-1.70181277e-03j
-6.23190401e-01-5.11767075e-03j
1.10434829e-01+1.64865769e-02j
5.83467607e-01-6.24683169e-04j
3.03770294e-01+2.01286851e-03j
-4.46149816e-01-1.76696927e-03j
-9.60693703e-01-1.16739759e-02j
-7.30132120e-01-8.57682177e-04j
1.06119862e-02+1.65019844e-02j
5.73400152e-01-1.48740664e-02j
3.81454533e-01-2.40133379e-02j
-3.17870776e-01+3.59667104e-04j
-9.38082077e-01+3.95903154e-04j
-7.94231321e-01+1.09058830e-02j
-8.56798239e-02+1.60805868e-02j
5.10650632e-01-1.21881063e-02j
4.87989885e-01+1.17980435e-02j
-2.25486060e-01-6.26100164e-03j
-8.43190278e-01-7.97747502e-03j
-8.53869595e-01+1.28652304e-02j
-2.23614766e-01-1.47885698e-02j
4.61099035e-01+7.29432584e-03j
5.09873306e-01-2.03113570e-02j
-1.37150142e-01+1.60020213e-03j
-8.27301812e-01-1.07154689e-02j
-8.95427395e-01+7.64522149e-03j
-3.10511857e-01-1.43197060e-02j
3.95743183e-01-9.82319093e-03j
5.22887863e-01+1.77538927e-02j
-1.78885695e-02+3.94222814e-03j
-7.50961500e-01+2.28074695e-02j
-9.08252006e-01+1.19396668e-02j
-4.18722765e-01+3.81311372e-03j
3.14419481e-01+9.14321633e-04j
5.73501222e-01+8.22717536e-03j
7.41750199e-02+2.08029678e-02j
-6.41472206e-01+2.18927188e-02j
-9.69193410e-01-3.39084317e-03j
-5.12699480e-01-1.05164073e-02j
2.17848253e-01+2.56463900e-02j
5.76381982e-01-9.88667470e-03j
1.73186353e-01-1.51027365e-02j
-5.52821298e-01-6.58726501e-03j
-9.81394141e-01-2.11919768e-03j
-6.01055189e-01-4.45350422e-03j
1.44614521e-01-1.71722942e-02j
5.95956093e-01-2.79009087e-02j
2.75053547e-01+8.78555239e-03j
-4.58470987e-01+3.69901541e-02j
-9.73702889e-01+4.35130742e-02j
-6.99147644e-01+1.08409991e-03j
5.47311041e-02+1.41031720e-02j
5.39874315e-01-1.13525092e-02j
3.65398145e-01-3.06205255e-03j
-3.82057814e-01-2.82479291e-03j
-9.42096419e-01+6.55193806e-03j
-7.57386414e-01-4.48511159e-03j
-3.64649752e-02+2.04077592e-02j
4.97253209e-01+3.17886889e-03j
3.96770307e-01+1.75691586e-02j
-2.77608072e-01+1.64886625e-02j
-9.11113796e-01-1.12421320e-02j
-8.39751781e-01-1.94167922e-02j
-1.50400398e-01-7.70678758e-03j
4.94255406e-01-1.09629284e-03j
4.53031129e-01+5.14745932e-03j
-1.84592717e-01-2.14500378e-03j
-8.27128817e-01+9.86889953e-03j
-8.91633273e-01-1.42131819e-03j
-2.56334083e-01+1.32443002e-02j
4.27876730e-01+1.92940228e-02j
5.31661284e-01+1.49832222e-02j
-8.16904471e-02+1.20441932e-02j
-7.49964410e-01+7.34765651e-04j
-8.99155764e-01+1.71945704e-02j
-3.57639273e-01-5.13554651e-03j
3.16344998e-01-1.34699259e-02j
5.85768250e-01-5.62098863e-03j
5.49784816e-02-3.82161725e-03j
-6.94722610e-01-6.39039246e-03j
-9.50605331e-01+2.27107793e-02j
-4.88089785e-01+1.06635752e-02j
2.64463614e-01-1.28932348e-02j
5.93178410e-01-9.80950110e-03j
1.47931694e-01+8.41095853e-03j
-6.05768802e-01+7.02241054e-03j
-9.62805931e-01+6.52021843e-03j
-5.49288592e-01+3.90285359e-02j
1.72522703e-01-2.02230971e-02j
5.47525968e-01+5.09177155e-03j
2.44814436e-01+6.89806044e-04j
-5.11025273e-01+2.29230454e-02j
-9.38815875e-01+2.05982004e-02j
-6.55988602e-01+1.44061447e-03j
6.74369211e-02+2.19336121e-02j
5.67502900e-01-1.64697279e-02j
3.04465130e-01+5.26788311e-03j
-4.07844995e-01+1.31821470e-02j
-9.24880958e-01+9.97298161e-03j
-7.56799997e-01+1.42022068e-02j
-1.96622814e-02-1.31241367e-02j
5.47562240e-01-2.05347590e-02j
3.97214689e-01+1.76805414e-02j
-2.85278942e-01-1.86741087e-02j
-8.70005064e-01-1.78583987e-02j
-7.96688233e-01+4.00806906e-03j
-1.10799655e-01-1.82199179e-03j
5.06760419e-01-5.17317099e-03j
4.70550837e-01+3.45428552e-03j
-2.20512919e-01-2.64504148e-02j
-8.31909870e-01-1.10522347e-02j
-8.53267559e-01-1.90249454e-02j
-2.18724853e-01-1.20605838e-03j
4.40645455e-01+2.17278029e-02j
4.79139157e-01+3.76256102e-03j
-1.18283332e-01-1.60388143e-02j
-7.97891292e-01-1.29728410e-02j
-8.93441237e-01-1.42208613e-03j
-3.29773758e-01+1.81943549e-03j
3.72769661e-01+5.69081147e-04j
5.43818346e-01-2.05950162e-02j
6.23550138e-03-3.72504167e-02j
-7.31842361e-01+5.24143887e-04j
-9.27056946e-01+3.98765972e-03j
-4.40841465e-01+3.38462888e-02j
3.55768409e-01+1.72883715e-02j
5.93177660e-01+5.20334404e-02j
1.04573610e-01+4.75311163e-03j
-6.10956791e-01-6.18307873e-03j
-9.51434216e-01+2.05939432e-02j
-5.29253264e-01-1.29320548e-02j
2.45974346e-01+1.62405634e-02j
5.89083067e-01-4.79399116e-03j
2.01033234e-01+7.05955317e-03j
-5.50684300e-01-3.80907922e-02j
-9.41392879e-01-6.89476077e-03j
-6.15478810e-01-7.45180099e-03j
1.14840687e-01+4.26152133e-03j
5.39350659e-01-1.26957079e-02j
3.15653461e-01-2.13782833e-03j
-4.51975183e-01+2.30133687e-03j
-9.51294967e-01+6.52078412e-03j
-7.08162690e-01-1.31678565e-02j
3.41412912e-02+1.53985611e-02j
5.71763593e-01+4.63372719e-03j
3.67471841e-01-1.15673295e-02j
-3.62794418e-01-8.64628906e-03j
-9.41610776e-01-6.94882062e-03j
-7.67793993e-01-2.71103371e-02j
-9.35194141e-02+7.27711370e-03j
5.05183346e-01+4.60646680e-03j
4.27529491e-01-9.36799011e-03j
-2.60243101e-01+7.77271045e-03j
-8.84720388e-01-7.05817314e-03j
-8.21718107e-01-1.03933281e-02j
-1.80565837e-01-3.58408585e-03j
4.73571007e-01-4.75767882e-03j
4.68510299e-01+3.75245763e-02j
-1.39622669e-01+1.67811659e-02j
-8.24971959e-01-1.10253727e-02j
-8.88840393e-01-2.43344581e-03j
-3.07416873e-01+2.17253331e-02j
4.39633478e-01-3.32594208e-02j
5.77035566e-01-4.24251777e-04j
-4.11731468e-02-1.90722659e-02j
-7.32984324e-01-2.12351040e-02j
-9.39541009e-01-8.35615557e-03j
-3.78163122e-01+4.15781006e-03j
3.23731988e-01-1.77417391e-02j
5.45081469e-01+3.34174365e-02j
9.27164105e-02+1.49480274e-02j
-6.64897412e-01-2.47381367e-02j
-9.42191241e-01-6.07916136e-03j
-5.10411101e-01-3.37715517e-03j
2.48488839e-01-1.86327242e-02j
5.79440646e-01-1.15437873e-02j
1.70073163e-01-1.71457213e-02j
-5.83349234e-01-1.51919640e-03j
-9.62662091e-01-2.79625398e-02j
-6.06588657e-01-2.76260473e-02j
1.54712441e-01-4.86085974e-03j
5.73206755e-01-2.28789323e-02j
2.57311027e-01-1.00322061e-02j
-4.96461957e-01-1.01568816e-02j
-9.53816936e-01-2.00453136e-02j
-7.00228185e-01+2.69304833e-02j
1.08484868e-01+1.40245381e-02j
5.34676092e-01+1.41551111e-03j
3.57547270e-01+1.54996852e-02j
-3.84583530e-01-1.16997135e-03j
-9.43000384e-01+6.49675879e-03j
-7.52154016e-01-2.41860241e-02j
-5.89443853e-02+5.67445738e-03j
5.58392660e-01-1.51735432e-02j
4.27427060e-01-2.65684756e-04j
-2.99714355e-01-2.64721510e-03j
-8.89226024e-01-3.79449287e-03j
-8.15335735e-01+2.18234001e-02j
-1.36399436e-01+2.29483902e-02j
4.87997059e-01-7.64633462e-03j
4.31978998e-01-2.27325949e-03j
-1.92556186e-01+2.46146214e-03j
-8.34229949e-01+2.69689172e-02j
-8.60519671e-01-3.10077840e-02j
-2.38070197e-01+1.79351506e-02j
4.21191155e-01-6.58249431e-03j
5.17322866e-01-9.99004305e-03j
-7.61397828e-02-2.34633785e-02j
-7.76868660e-01-8.41982412e-03j
-9.31855370e-01-3.48954939e-03j
-3.67990441e-01-1.40834916e-02j
3.78469279e-01+2.39922543e-02j
5.62573247e-01+8.02318708e-03j
1.00134096e-02-3.53669201e-02j
-6.98757719e-01-9.71538649e-03j
-9.18120905e-01+9.72205624e-03j
-4.78593266e-01-2.85562129e-03j
2.93667389e-01-1.11565857e-02j
5.95342208e-01-3.27835778e-02j
1.16583065e-01-3.85031923e-03j
-6.23416478e-01-3.06887660e-02j
-9.59813757e-01+1.05228477e-02j
-5.63871169e-01+3.25590828e-04j
2.01438057e-01-6.99493514e-03j
5.79200554e-01-2.35199657e-02j
2.30476150e-01+8.06352572e-03j
-5.27775020e-01-1.87028234e-02j
-9.27614738e-01+3.40730808e-02j
-6.51527466e-01+1.79132286e-02j
7.41419889e-02-5.96668345e-04j
5.46621148e-01-1.13731477e-02j
3.09664083e-01+1.58167558e-02j
-4.57795981e-01-1.17346475e-02j
-9.37541768e-01-3.14453517e-03j
-7.20070088e-01+4.97823634e-02j
-1.99145844e-02-1.15033259e-02j
5.56393024e-01+2.33098555e-03j
4.12900789e-01+1.13515903e-02j
-3.11332195e-01+3.20991281e-03j
-9.03647281e-01-5.40444443e-04j
-8.06857189e-01-8.07316468e-03j
-1.12178352e-01-1.54844969e-02j
4.98796483e-01-2.10765260e-03j
4.57918322e-01+7.33876547e-03j
-2.08555270e-01+2.05872182e-02j
-8.71504123e-01-2.42891063e-03j
-8.40255307e-01+1.41717335e-02j
-2.31412136e-01-6.54226103e-03j
4.83794385e-01+4.80336217e-03j
4.93432343e-01-2.34678366e-03j
-1.10438767e-01+2.46342193e-02j
-8.17013376e-01-1.02858243e-02j
-9.30393468e-01-1.73270050e-02j
-3.44335401e-01-1.96372662e-02j
3.76334501e-01+1.12779871e-02j
5.31340303e-01-2.35003056e-02j
-7.56147062e-03+1.51581190e-02j
-7.16290753e-01-2.22606758e-02j
-9.37927371e-01+2.37637132e-02j
-4.26576329e-01+1.09265489e-02j
3.00652947e-01+1.32385042e-02j
5.82924345e-01+8.93713322e-03j
1.23161795e-01+1.61125246e-03j
-6.24601210e-01+2.96767129e-03j
-9.40131877e-01+2.26764673e-02j
-5.36317477e-01-1.18448782e-02j
2.20920389e-01-2.48124383e-02j
5.98734645e-01+1.15749364e-03j
2.05381297e-01-5.04188869e-03j
-5.40639423e-01+3.16943717e-02j
-9.60500750e-01+1.78518776e-02j
-6.01962157e-01-2.93050664e-03j
1.34633212e-01-2.08620277e-02j
5.65005552e-01-1.46458023e-02j
2.79512370e-01+3.89007942e-02j
-4.65833421e-01-2.06599923e-03j
-9.12612039e-01+9.22950594e-03j
-7.06904780e-01-1.56041452e-03j
4.20797260e-02-1.00445238e-02j
5.72052671e-01-5.69442021e-03j
3.74745038e-01-1.56144699e-02j
-3.54722948e-01+3.13827724e-02j
-9.25976605e-01-2.79160063e-03j
-7.65976476e-01+2.47528700e-02j
-7.89006632e-02-1.78838196e-03j
5.07340732e-01+7.84292659e-03j
4.13545234e-01-2.37487684e-02j
-2.43549800e-01+9.18005375e-03j
-8.76059882e-01+1.06831942e-03j
-8.72974564e-01-3.63645226e-02j
-1.93916512e-01+1.93636773e-02j
4.28769321e-01+2.33687756e-02j
4.73974119e-01-1.73999117e-02j
-1.42998353e-01+3.61029270e-02j
-8.15215129e-01+1.22462371e-02j
-8.74534349e-01+1.81474298e-03j
-3.02710687e-01+3.96161648e-03j
4.30425377e-01-8.47181403e-03j
5.30466394e-01+6.59735591e-03j
-7.73265713e-02-2.74526522e-03j
-7.36786038e-01+7.68378324e-04j
-9.37051240e-01+2.35043978e-02j
-3.82238001e-01+1.69390675e-02j
3.31580343e-01+1.69600557e-03j
5.87503458e-01-1.32317787e-03j
6.87230273e-02-7.44124961e-03j
-6.50354103e-01-6.01223860e-03j
-9.45696137e-01-2.72590373e-03j
-4.76794855e-01+2.75569790e-02j
2.68730560e-01+1.60192572e-02j
5.74615145e-01+1.71358009e-02j
1.42539077e-01-6.24874040e-03j
-5.93263232e-01-9.89279468e-03j
-9.53795382e-01-8.97675232e-03j
-6.31572301e-01+7.22742745e-03j
1.66601344e-01+8.20524057e-03j
5.70320948e-01+1.05356403e-02j
2.80335579e-01+5.58023404e-03j
-4.88466846e-01+2.28794915e-04j
-9.79922435e-01-2.86492133e-02j
-6.54410953e-01+9.83837534e-03j
5.72850970e-02+6.13895774e-03j
5.53871507e-01+1.19725139e-02j
3.17549146e-01-6.75995677e-03j
-3.95485368e-01-3.57513921e-03j
-9.21003694e-01+7.70799358e-03j
-7.57724098e-01+4.94039238e-03j
-3.39802126e-02-1.49659994e-02j
5.43032148e-01-1.32565776e-02j
4.27211670e-01+1.74037262e-02j
-3.00995193e-01+3.18900205e-03j
-9.04311703e-01+1.45275202e-02j
-8.20600261e-01+2.35037739e-02j
-1.64956411e-01-1.57290866e-02j
4.87283810e-01-5.15209777e-03j
4.42453466e-01+1.33625546e-02j
-1.87878250e-01-2.65322857e-02j
-8.53496298e-01-2.11496873e-02j
-8.70046948e-01-9.25948435e-04j
-2.31735495e-01-1.20888871e-03j
4.37644713e-01+8.81202117e-03j
5.48116806e-01+5.64425913e-04j
-7.96481509e-02-1.13508341e-02j
-7.60945289e-01-2.64321289e-03j
-9.25552049e-01+2.29313444e-02j
-3.46007771e-01-1.17480989e-02j
3.87866433e-01-1.58038167e-02j
5.40023032e-01-1.58753686e-02j
1.41546546e-02+8.42444136e-03j
-6.98117157e-01+4.39697646e-02j
-9.52839983e-01-4.61357694e-03j
-4.43650429e-01+8.62834718e-03j
2.86697788e-01+1.61089485e-02j
5.84501999e-01+1.38883414e-02j
1.28194694e-01-2.21749256e-02j
-6.05348596e-01+2.43178992e-02j
-9.43501852e-01+4.46659337e-03j
-5.52783495e-01+1.64632485e-02j
1.88159868e-01-1.20928606e-02j
5.73174537e-01+1.13483145e-02j
2.02781968e-01-4.62801807e-03j
-5.45101035e-01-1.01259072e-02j
-9.84212307e-01+1.18964320e-02j
-6.36413815e-01+2.41618311e-02j
1.28829608e-01-2.26734500e-03j
5.55946911e-01-3.37171070e-03j
3.11456263e-01+1.92449052e-02j
-4.39120591e-01+1.04150689e-02j
-9.10447090e-01-9.99946020e-03j
-7.20391954e-01+1.43902058e-02j
-2.68457559e-03+1.95903091e-02j
5.73299217e-01-2.64456494e-02j
3.77629810e-01-1.13667852e-02j
-3.26455305e-01-3.96625009e-03j
-9.06428072e-01-1.49779455e-03j
-8.13824744e-01-1.52568836e-02j
-9.53187221e-02+7.15879362e-03j
5.05396257e-01+1.87958540e-02j
4.21425615e-01+4.77120089e-03j
-2.20800119e-01-1.03204756e-02j
-8.71723705e-01-7.61511000e-04j
-8.29541959e-01+9.97476624e-03j
-2.12157394e-01-5.30854858e-03j
4.30881362e-01+1.12522605e-02j
5.17420068e-01-7.55995589e-03j
-1.04391978e-01+3.49447264e-04j
-8.07948873e-01+5.88848765e-04j
-9.13080885e-01+2.07658304e-02j
-3.08336541e-01+1.67554843e-02j
3.97129819e-01-1.69435710e-02j
5.46745208e-01-1.72502353e-03j
-3.64686342e-02-9.96617632e-03j
-7.43008398e-01-9.37421393e-04j
-9.51492585e-01+1.45226429e-02j
-4.09765920e-01-1.41234790e-02j
3.36674378e-01-8.59265576e-03j
5.94327681e-01-1.34572200e-03j
9.09504173e-02+1.75431696e-03j
-6.65196876e-01+7.65589444e-04j
-9.44362068e-01-2.77240620e-02j
-4.98237685e-01-6.93054038e-03j
2.38476538e-01-2.25484746e-02j
6.10367622e-01+1.83480052e-03j
1.96836294e-01-5.37815716e-03j
-5.75930268e-01+2.40838551e-03j
-9.71639208e-01+1.72940483e-02j
-6.06321938e-01-2.31074240e-02j
1.31862075e-01+1.52010758e-02j
5.37210450e-01+4.87897039e-04j
2.63337850e-01-7.66325265e-03j
-4.74456870e-01-5.22220182e-03j
-9.37971148e-01+2.74327823e-03j
-6.93369085e-01+8.89466007e-03j
4.67196046e-02-3.69859886e-03j
5.71530792e-01+9.92048024e-03j
3.32005525e-01+2.65998043e-03j
-3.86106469e-01-1.56481283e-02j
-9.18411521e-01+1.19081563e-02j
-7.47239271e-01+2.50337661e-02j
-5.05104556e-02+4.39696068e-02j
5.16659409e-01-1.85918069e-02j
4.25008059e-01-9.92524169e-03j
-2.68918489e-01-3.25018339e-02j
-8.59270933e-01-2.77120264e-04j
-8.32686316e-01-4.75567697e-03j
-1.57845907e-01+7.15971896e-03j
5.10366387e-01-1.65093530e-02j
5.05355514e-01+2.11448558e-02j
-1.28730618e-01+1.87133318e-02j
-8.35077533e-01-2.85847960e-03j
-8.92360136e-01-3.65456862e-03j
-2.59747941e-01+8.30908409e-03j
4.19768077e-01-5.84452155e-03j
5.44925253e-01+2.54629078e-02j
-6.73728891e-02-2.34997037e-02j
-7.86666212e-01-2.81470188e-02j
-9.32278247e-01-1.15435464e-02j
-4.05350481e-01+3.29074671e-03j
3.76326044e-01+8.41555575e-03j
5.62175669e-01-1.33892643e-02j
4.23950568e-02-4.19112177e-03j
-6.76655220e-01-1.48728384e-02j
-9.51316606e-01-7.84435101e-03j
-4.83401066e-01-6.50946042e-03j
2.75097668e-01-1.86186228e-02j
5.92569252e-01+1.27040525e-02j
1.42200458e-01+1.34250322e-02j
-5.93689478e-01-1.95824232e-02j
-9.61292369e-01+2.25899926e-03j
-5.74510561e-01-2.12607212e-02j
1.68863039e-01-2.55777758e-03j
5.72650150e-01+5.37459739e-03j
2.22266069e-01+1.45290360e-02j
-4.85843045e-01+4.45380733e-03j
-9.63363493e-01-1.88627162e-02j
-6.62067951e-01+1.38272083e-02j
6.09945181e-02+2.94658956e-02j
5.32181955e-01-1.39358799e-02j
3.21001921e-01-6.33337518e-03j
-4.00366164e-01-2.28863845e-02j
-9.46045967e-01+9.18242852e-03j
-7.63585393e-01-5.25568030e-03j
-1.09461657e-02-3.72717432e-03j
5.57021688e-01+1.95616708e-02j
4.19180346e-01-7.99652990e-04j
-3.22999192e-01+4.06898814e-03j
-9.15969635e-01+2.67844954e-02j
-8.11825035e-01-1.72977393e-02j
-1.39236700e-01+8.22380498e-03j
4.79429517e-01-1.92290332e-02j
4.58392276e-01+2.19058900e-02j
-2.06851668e-01+3.96688124e-03j
-8.45077220e-01+1.00349166e-02j
-8.95887567e-01+1.57314680e-02j
-2.47741643e-01-1.95845674e-02j
4.66112618e-01-3.51066128e-03j
5.28242582e-01-1.82762934e-05j
-1.12636343e-01+1.08962232e-02j
-8.20632706e-01-7.37228859e-03j
-8.94209058e-01-7.35068432e-03j
-3.62688195e-01-1.37417226e-03j
3.69012408e-01-2.30702746e-02j
5.42673856e-01+2.75263379e-03j
-2.00368299e-03-3.27601322e-02j
-7.04793358e-01-7.87077018e-03j
-9.10972702e-01+9.98858435e-03j
-4.28874453e-01-8.34035584e-04j
3.15743244e-01+4.54522473e-03j
5.56758930e-01-1.79617707e-02j
1.00044515e-01+3.83000632e-03j
-6.47619544e-01-1.08569239e-02j
-9.80344233e-01+9.19149832e-03j
-5.40794844e-01+8.51907202e-03j
2.38281752e-01+7.46590644e-03j
5.77461280e-01-1.67919269e-03j
2.09901571e-01-5.18285793e-04j
-5.49350855e-01+1.83157655e-02j
-9.48690906e-01+2.51461434e-02j
-6.25922788e-01+1.99395861e-03j
1.02558283e-01-7.04962999e-03j
5.81443555e-01-2.14653775e-02j
2.91993538e-01+3.67123637e-03j
-4.54859108e-01+1.29693237e-02j
-9.27651387e-01+2.51891579e-02j
-7.37861889e-01-4.27700656e-03j
9.13930954e-03-2.50151521e-02j
5.36768169e-01-1.90124661e-02j
3.97499263e-01-3.76190750e-03j
-3.38121260e-01+1.11821139e-02j
-9.31181896e-01-9.29402022e-03j
-7.84094389e-01-1.47347535e-02j
-9.84766767e-02+7.80115471e-03j
5.26571960e-01+1.03955159e-02j
4.53855538e-01+9.20237164e-03j
-2.43085123e-01+3.91126966e-03j
-8.65178562e-01-2.87438743e-02j
-8.53915213e-01+2.63690671e-03j
-1.82948255e-01+3.58861384e-02j
4.53859429e-01+2.05395346e-02j
4.90074216e-01-6.13940037e-03j
-1.46518154e-01+9.37555509e-03j
-8.19753945e-01+1.81971543e-02j
-9.20604375e-01-5.19509534e-03j
-2.77716142e-01-2.48190404e-02j
4.03476557e-01+2.47665880e-03j
5.29647267e-01+1.27036133e-02j
-6.53680850e-03+4.32448643e-03j
-7.55004109e-01+4.09331477e-03j
-9.43322650e-01-1.04447192e-02j
-4.01132571e-01+5.32343545e-03j
3.47559888e-01-1.19882865e-02j
5.75900203e-01+4.29982461e-03j
7.39120749e-02-1.47823048e-03j
-6.52174698e-01+7.80069430e-03j
-9.65716352e-01-4.55117260e-03j
-5.52118275e-01+1.39452787e-02j
2.63609522e-01+1.95246293e-03j
5.53613292e-01-1.31660540e-02j
1.73281024e-01-4.22946009e-03j
-5.61889340e-01+3.10447140e-02j
-9.72283965e-01+4.76973657e-03j
-6.03265934e-01-3.03838653e-02j
1.38955714e-01-3.82840973e-02j
5.89407768e-01+1.15663544e-02j
2.62834553e-01+1.35209339e-02j
-4.87603959e-01+1.86391337e-02j
-9.35041736e-01-7.30006865e-03j
-7.12869274e-01-2.10624297e-02j
6.20232409e-02-1.10397843e-02j
5.69246912e-01-4.31942902e-03j
3.78193488e-01+1.90469501e-02j
-4.11466479e-01+1.04600724e-03j
-8.79621256e-01-1.77966607e-02j
-7.67948232e-01+6.73923266e-03j
-4.80672285e-02-9.79634866e-03j
5.37587370e-01+1.31584583e-02j
4.16311822e-01-9.73533477e-03j
-3.00297899e-01+1.54569907e-02j
-8.84764887e-01-8.96754526e-03j
-8.44700037e-01-2.88741632e-02j
-1.33322482e-01+2.49192034e-03j
4.70755425e-01+1.41647058e-02j
4.90228553e-01+3.00256858e-02j
-1.57077726e-01+1.70488305e-02j
-8.23840163e-01+1.53727009e-02j
-9.02336088e-01+3.49648815e-02j
-2.64392972e-01+1.17791073e-02j
3.96754995e-01-7.89005406e-03j
5.13065971e-01-2.96699533e-02j
-6.71745266e-02-1.22748646e-03j
-7.81964763e-01+6.73774224e-03j
-9.13529389e-01+1.44978239e-02j
-3.56638686e-01+9.01932907e-03j
3.68926358e-01+4.39769190e-03j
5.60359759e-01+5.09089005e-03j
5.95772908e-02+1.25282178e-02j
-6.96276078e-01-1.36915024e-02j
-9.27431487e-01-8.35907351e-04j
-4.73707313e-01+1.00448599e-02j
2.55022477e-01+1.29126206e-02j
5.74685338e-01+6.24906415e-03j
1.38591743e-01+2.32789060e-03j
-6.11749415e-01+1.47560115e-02j
-9.59327080e-01-1.65175060e-02j
-6.01807545e-01-5.34696916e-03j
1.76221213e-01-1.51266537e-02j
5.79775413e-01-1.22387388e-02j
2.63738347e-01-5.01976153e-03j
-5.32312925e-01+1.93257809e-02j
-9.56025150e-01+2.37184880e-03j
-6.57384271e-01+1.57471306e-02j
8.07166574e-02+1.31445137e-02j
5.47038363e-01+1.79252046e-02j
3.05474276e-01+9.85744549e-03j
-4.19588823e-01-2.87595890e-02j
-9.38521521e-01+1.60891944e-02j
-7.44996646e-01+1.48842818e-03j
9.04255989e-03+1.68341578e-02j
5.24322457e-01+2.89168872e-02j
3.90824578e-01+1.71194953e-03j
-3.02484762e-01+3.22155379e-03j
-9.09759624e-01-1.56964463e-02j
-8.09849255e-01+2.74705155e-02j
-1.08701370e-01+1.67729617e-03j
5.08072023e-01+7.28220545e-03j
4.41744853e-01-2.55946684e-02j
-2.12400240e-01+7.47173513e-03j
-8.50494940e-01-1.62772004e-02j
-8.79101644e-01-1.13283448e-02j
-2.41481862e-01-1.55342515e-03j
4.29457560e-01-2.60590551e-03j
5.21625675e-01-9.63463806e-03j
-1.09149826e-01-1.94157284e-02j
-8.02137411e-01-1.20108880e-02j
-9.28768832e-01-1.45717838e-02j
-3.35723003e-01-1.63366330e-02j
3.89086207e-01+2.05563582e-02j
5.50544367e-01+2.79460445e-02j
-1.74161890e-03+8.24632653e-03j
-7.06795393e-01-2.08092740e-03j
-9.52452384e-01+4.13140758e-02j
-4.19356570e-01-8.86642625e-03j
2.97329533e-01-6.28147263e-03j
5.50006897e-01-1.60920845e-02j
1.26499309e-01-4.82750419e-03j
-6.29471195e-01+1.78277409e-02j
-9.41778679e-01-9.53387791e-03j
-5.52068475e-01-2.02811529e-02j
2.10460704e-01+2.30707419e-02j
5.87357472e-01-1.10921375e-02j
2.02110323e-01-1.18616395e-02j
-5.39711122e-01-1.26702812e-02j
-9.50218902e-01-1.88865091e-03j
-5.97052526e-01+3.98053473e-04j
1.23345563e-01+4.81832211e-03j
5.68109026e-01+1.98582880e-02j
2.61326532e-01+1.69948956e-02j
-4.41411816e-01+5.06975415e-03j
-9.51122182e-01-2.08182945e-02j
-6.87111664e-01-2.00425797e-02j
3.77873520e-02-6.77653043e-03j
5.25810959e-01+3.22226554e-05j
3.34610259e-01+2.51177852e-04j
-3.85388863e-01+8.38231334e-03j
-9.20244540e-01-1.77587252e-02j
-7.93166751e-01-8.63253102e-03j
-7.34407144e-02-1.35201049e-02j
5.36898268e-01+4.08491796e-03j
4.42149474e-01-2.65094047e-02j
-2.73652425e-01+2.11483338e-02j
-8.58897413e-01+1.53407292e-02j
-8.32118904e-01+1.34952824e-02j
-1.65207171e-01+8.63552555e-03j
4.59567315e-01-2.38611181e-03j
4.95110271e-01+2.06666225e-02j
-1.64817855e-01+1.05874548e-02j
-8.13913934e-01+3.56129777e-03j
-8.82751969e-01+1.62680487e-02j
-2.90571507e-01+2.37766739e-02j
4.06102237e-01-3.03798007e-03j
5.48403025e-01+1.12359460e-02j
-5.47033317e-02-1.08448404e-02j
-7.43501731e-01+1.58472062e-02j
-9.07007061e-01-7.13956240e-03j
-3.98263482e-01-2.03965611e-02j
3.39891884e-01+1.42757187e-02j
5.55226513e-01-2.00366474e-03j
5.42266589e-02+3.09769111e-04j
-6.67608762e-01+1.58254191e-02j
-9.63840331e-01-6.07959911e-03j
-4.80316726e-01-1.63995431e-02j
2.47948159e-01-5.00392773e-03j
5.79753402e-01-1.27888484e-03j
1.71055567e-01-9.12356339e-03j
-5.82425051e-01+1.61135922e-03j
-9.44297478e-01-1.58432120e-02j
-6.04260474e-01-2.65781220e-03j
1.71402951e-01-8.36131966e-03j
6.10445658e-01-7.20732940e-03j
2.59343772e-01+1.54676865e-02j
-4.83968701e-01-2.66943005e-03j
-9.59536730e-01+3.43252204e-03j
-6.58938289e-01-1.36484377e-02j
7.46828338e-02+1.57421379e-02j
5.65382348e-01-5.01030868e-03j
3.44471309e-01-9.48319182e-03j
-4.05823564e-01-1.20616800e-02j
-9.38797619e-01+5.73646480e-03j
-7.92434144e-01+1.54731662e-02j
-2.80205646e-02+1.13448309e-02j
5.31709264e-01-2.06933505e-02j
4.04685179e-01-1.58147099e-02j
-2.59635588e-01+5.85144121e-03j
-8.92739114e-01-1.63656884e-02j
-8.06517823e-01-3.66088506e-03j
-1.53889345e-01-5.90475723e-04j
5.02742665e-01+6.49362304e-03j
4.65987261e-01+1.58993295e-02j
-1.68577222e-01+1.35156133e-02j
-8.46651034e-01-2.46554803e-03j
-8.53146351e-01-9.68844763e-03j
-2.71223728e-01+9.37133501e-03j
4.48021314e-01+2.37757145e-02j
5.01613291e-01+2.02697118e-02j
-9.69633134e-02-1.96825550e-02j
-7.91181990e-01+4.43479614e-03j
-9.39870906e-01-1.89105580e-02j
-3.53731860e-01-2.62275405e-03j
3.60526239e-01+1.10940006e-02j
5.25919616e-01-7.98613388e-03j
5.34716025e-02-1.41500735e-04j
-7.05937076e-01+9.45712901e-03j
-9.72317479e-01+4.89023548e-04j
-4.67153512e-01-2.36798794e-03j
2.93133479e-01+1.74494167e-02j
5.73634106e-01-1.07606806e-02j
1.48933224e-01+1.41216780e-03j
-6.24967094e-01-1.12615944e-02j
-9.57951769e-01+1.59245848e-02j
-5.55188096e-01-3.73764006e-03j
1.82987283e-01+6.05942629e-03j
5.87687069e-01+5.39773075e-04j
2.42625145e-01-9.15267071e-03j
-5.33095093e-01-2.47189956e-02j
-9.62588645e-01-2.57533059e-02j
-6.55920364e-01-1.26261651e-02j
9.44554816e-02-1.16835188e-02j
5.71370725e-01-6.91884914e-03j
3.22012392e-01+1.29828037e-02j
-4.39499607e-01-1.28589868e-02j
-9.35110159e-01-1.20993463e-02j
-7.23525271e-01+9.37908061e-05j
-1.92121035e-02+6.53513718e-04j
5.28305269e-01+1.51197902e-03j
3.58499028e-01+9.15350604e-03j
-3.34938438e-01-2.42244082e-02j
-9.11267798e-01-1.54577358e-03j
-8.01158131e-01-1.32991670e-02j
-1.05860650e-01+7.15624047e-03j
5.14685910e-01+6.46539883e-03j
4.47694300e-01-1.02375997e-02j
-2.20797276e-01+2.08029335e-02j
-8.76572819e-01-1.40949477e-02j
-8.69081964e-01+2.76706348e-02j
-2.22324386e-01-4.34479679e-02j
4.54365713e-01-1.06024362e-02j
5.10313603e-01+1.68543010e-02j
-1.02561212e-01+1.39929223e-02j
-7.84087256e-01-4.25902414e-02j
-9.23672694e-01+1.00112754e-02j
-3.29250105e-01+2.47148140e-02j
3.71894265e-01+1.35102691e-02j
5.27585956e-01-9.88165462e-03j
-2.11174593e-03+1.65257528e-02j
-7.36159579e-01+2.86597026e-02j
-9.41813975e-01+1.80829371e-02j
-4.12098071e-01+2.12935792e-02j
3.14741923e-01-3.38779325e-03j
5.77821156e-01-7.50032799e-03j
9.29663438e-02-1.81888178e-02j
-6.49932790e-01-3.22985934e-02j
-9.47718403e-01+1.54463134e-02j
-5.33501358e-01-1.31182796e-03j
2.20652049e-01-2.18748750e-03j
5.78209026e-01-4.84764636e-03j
1.63426732e-01-8.33001098e-05j
-5.50029840e-01-1.47309090e-02j
-9.74551402e-01-1.20893639e-03j
-6.42734967e-01-5.02641189e-03j
1.28072918e-01+2.03189376e-02j
5.61200117e-01+8.81839765e-03j
2.73001540e-01+1.28066583e-02j
-4.73358652e-01+7.18612430e-03j
-9.44398100e-01-6.28721308e-03j
-6.94565469e-01-1.76969746e-02j
6.34841270e-02+1.37561896e-03j
5.68937259e-01+1.06505884e-02j
3.70733966e-01+2.12600197e-02j
-3.70373820e-01-6.31537620e-03j
-9.18369070e-01-2.00551950e-02j
-7.71541403e-01+1.32458947e-02j
-7.42247952e-02+2.39673570e-02j
5.45467503e-01-1.66571816e-02j
4.15849795e-01+2.83881241e-02j
-2.61197915e-01-2.82225428e-03j
-8.45680239e-01+4.58562025e-03j
-8.54074942e-01+1.03161752e-02j
-1.56424941e-01-2.42632380e-03j
4.78008070e-01+1.93160354e-02j
4.76848365e-01+1.46414701e-02j
-1.44383024e-01+2.52921067e-02j
-8.32486753e-01-2.71612668e-03j
-8.85231040e-01-1.16473134e-02j
-2.74439497e-01+3.08669948e-03j
4.05589570e-01+1.45246906e-02j
5.08088466e-01-1.39984501e-02j
-5.95879685e-02+1.24603342e-02j
-7.52522093e-01+2.29194252e-02j
-9.20039598e-01-5.99077965e-03j
-4.11466575e-01+1.49289146e-02j
3.69783513e-01+5.46493144e-03j
5.66169633e-01+2.23289659e-03j
2.37549315e-02+1.22339442e-02j
-7.03445983e-01+1.04920206e-02j
-9.39361173e-01-1.97710116e-03j
-4.73024364e-01-1.52190225e-02j
2.69826355e-01+1.42201931e-02j
5.76844025e-01-6.95394695e-03j
1.58791394e-01-2.23160757e-02j
-5.86711472e-01+1.96124192e-02j
-9.44628937e-01-3.72151261e-02j
-5.77788815e-01+1.28768903e-02j
1.60301753e-01-2.58676478e-02j
5.70051210e-01+3.75324522e-02j
2.45717438e-01+1.56477005e-02j
-5.08071111e-01+8.53450544e-03j
-9.67538205e-01+4.87991647e-05j
-6.56222732e-01-2.61082265e-02j
7.10182671e-02+1.32030165e-02j
5.67246560e-01+1.15539187e-02j
3.43722555e-01+4.05761537e-03j
-4.03434019e-01+1.79787868e-02j
-9.28002411e-01-8.25644142e-03j
-7.42010019e-01+2.48398134e-02j
-2.15093360e-02-9.79475399e-03j
5.44001829e-01+2.01693722e-02j
4.18733184e-01-2.85994546e-02j
-2.95331367e-01-2.33309242e-02j
-8.88267235e-01+6.45791404e-03j
-8.38821317e-01-7.80256395e-03j
-1.30055770e-01+1.38212931e-02j
4.95598632e-01+1.12806921e-03j
4.75831149e-01+2.77310149e-02j
-2.04040524e-01-2.46780628e-02j
-8.43095727e-01-1.53140856e-03j
-8.81999381e-01-5.73418554e-03j
-2.49876129e-01+3.26344525e-02j
4.60004437e-01-1.00533157e-02j
4.95399540e-01+8.23838683e-03j
-1.10874309e-01+6.50398535e-03j
-7.95270601e-01-3.24444315e-02j
-9.17603060e-01-2.13254095e-02j
-3.68490299e-01+1.02872805e-02j
3.56080100e-01+5.90971523e-03j
5.64225920e-01+1.37978385e-02j
3.56882240e-02+2.63795466e-02j
-7.04871215e-01+1.22819741e-02j
-9.38236635e-01-5.18371182e-03j
-4.30204691e-01-2.08994129e-03j
2.93130510e-01-1.56932244e-03j
5.75945808e-01-1.34394022e-02j
1.18515273e-01-2.00516786e-03j
-6.15137941e-01+6.65892247e-03j
-9.42204713e-01-5.69865587e-03j
-5.27680392e-01+2.38206467e-02j
2.11202352e-01-1.35944249e-03j
5.56439079e-01-2.16702176e-02j
2.07340014e-01+2.85017216e-02j
-5.23046636e-01+1.49630606e-02j
-9.92568217e-01-1.62580106e-03j
-6.49591045e-01+1.09920610e-02j
9.90916521e-02-1.24199833e-02j
5.40951203e-01+1.01590327e-02j
3.09081353e-01+1.69830140e-02j
-4.58551141e-01-5.49298195e-03j
-9.64415933e-01-4.37879125e-03j
-7.18243406e-01-1.87799392e-02j
4.76241033e-03+1.95885920e-02j
5.62949695e-01-1.22709890e-02j
3.68548179e-01+6.75000989e-03j
-3.23675940e-01-1.60239704e-02j
-9.17741828e-01+1.64019904e-02j
-7.89108796e-01+4.40798410e-03j
-9.61336769e-02-3.88222757e-03j
5.21223759e-01-5.88807191e-03j
4.46799396e-01-2.05023658e-03j
-2.06096674e-01+4.37083188e-03j
-8.48412980e-01+2.20180018e-03j
-8.50966777e-01+8.92124622e-03j
-1.96922425e-01-1.59123130e-02j
4.54479232e-01+9.18031380e-03j
5.29737724e-01-2.14440506e-02j
-1.48564778e-01-2.70076086e-03j
-7.76218115e-01-2.09769585e-02j
-9.08611597e-01+2.32426462e-02j
-2.93365949e-01-2.79435336e-02j
4.12953133e-01+1.26194940e-02j
5.19342038e-01-1.71908965e-02j
-3.08229070e-02-3.03984737e-02j
-7.26428186e-01+6.04807268e-04j
-9.31251801e-01-9.88721373e-03j
-4.22337811e-01+1.79986525e-02j
3.36284474e-01+1.30882650e-02j
5.65804246e-01+1.45998879e-02j
7.64114205e-02+1.68689594e-02j
-6.59943963e-01-3.31655364e-02j
-9.65794996e-01-2.42630886e-02j
-4.88259704e-01-4.15312233e-03j
2.19464661e-01+7.60212108e-04j
5.96871659e-01+1.19800796e-02j
1.70923854e-01+5.39521916e-03j
-5.75717388e-01+2.01860506e-02j
-9.80445136e-01-1.65064163e-02j
-6.10352844e-01-4.74458976e-03j
1.58349448e-01+2.12033476e-02j
6.12229045e-01-1.02617086e-02j
2.61179765e-01-1.82552356e-02j
-4.88128648e-01+7.90362347e-03j
-9.28156876e-01-2.06281573e-02j
-6.57605476e-01+6.92826615e-03j
6.66855793e-02-9.33917850e-03j
5.67374513e-01+8.65447881e-04j
3.44682837e-01+2.26960350e-02j
-3.89203328e-01-3.33873784e-03j
-9.16548303e-01-8.70926662e-03j
-7.46582057e-01-3.37380511e-03j
-6.01426851e-02+1.29262487e-02j
5.39501635e-01+6.88698977e-03j
4.09357207e-01-5.39405523e-03j
-2.69897764e-01+1.83589259e-02j
-9.22304628e-01+1.86762159e-04j
-8.47837154e-01+3.06511933e-03j
-1.89509948e-01-1.63913210e-02j
4.83278903e-01+9.20658222e-03j
4.83382456e-01-1.70576805e-03j
-1.39024560e-01+1.10595233e-02j
-8.13110876e-01-1.84433846e-02j
-8.69461366e-01+4.32542284e-04j
-2.91170117e-01-1.96035177e-03j
4.21198896e-01-1.32064690e-02j
5.21805816e-01-1.00145595e-02j
-6.88113827e-02-2.30213674e-02j
-7.96686950e-01-1.22630763e-02j
-9.23288052e-01+1.91441441e-02j
-3.50441310e-01-2.65934576e-03j
3.42804117e-01+1.46671276e-02j
5.23793015e-01-1.77231116e-02j
2.22624511e-02+6.63690408e-03j
-6.99248290e-01+2.89722860e-02j
-9.39345219e-01-1.78693730e-03j
-4.77228964e-01+3.53874588e-02j
3.01889857e-01-9.27691379e-04j
5.64988241e-01-2.69079483e-02j
1.20822599e-01+1.57918787e-02j
-6.16549782e-01+1.81401825e-02j
-9.44535554e-01+4.85089264e-03j
-5.70084494e-01-6.10250038e-03j
1.76930957e-01+8.79957227e-04j
5.73665876e-01-7.62584600e-03j
2.23164610e-01-6.67319332e-03j
-5.18144053e-01-2.74352014e-02j
-9.61400760e-01+9.49488381e-03j
-6.36157328e-01+3.10042164e-02j
6.76191664e-02-1.64474423e-02j
5.52538621e-01+1.37974386e-02j
3.07764108e-01-3.95252133e-03j
-4.17570222e-01-2.17624421e-02j
-9.29925315e-01+2.17876272e-02j
-7.17445173e-01+3.88608558e-03j
-8.74742674e-03-4.07241462e-02j
5.37759547e-01+5.19951639e-03j
4.14799003e-01-3.74827330e-03j
-3.22880325e-01-1.06478957e-02j
-9.04704767e-01-7.62297763e-03j
-8.08188782e-01+1.05744301e-02j
-1.36192273e-01+2.23079094e-03j
4.81104212e-01+1.92960872e-03j
4.53803966e-01-3.59235506e-03j
-1.97983992e-01-1.24906167e-02j
-8.24826356e-01+6.04914266e-03j
-8.45214606e-01+1.89773296e-02j
-2.37704366e-01-8.19092724e-03j
4.28634047e-01+2.37760167e-03j
5.25356570e-01+1.47548240e-03j
-1.19017926e-01+2.39405202e-04j
-8.05030125e-01+9.98913372e-04j
-9.03328703e-01+3.36371146e-02j
-3.28676484e-01-4.70580697e-03j
3.92101548e-01-1.30775214e-02j
5.71576707e-01-3.95182582e-03j
2.43348000e-03-5.27250604e-03j
-7.19546456e-01+2.07942754e-02j
-9.48460447e-01-1.18679622e-02j
-4.57510302e-01+5.42452036e-03j
3.01569859e-01+1.68135166e-03j
5.68653520e-01-2.27461222e-03j
8.91671309e-02-1.36470898e-02j
-6.35863719e-01+1.41983198e-02j
-9.41341393e-01+6.76537653e-03j
-5.23003978e-01-2.89798898e-02j
2.03267395e-01-4.83111728e-03j
5.67687528e-01+1.77710838e-02j
1.89364314e-01+1.96010050e-02j
-5.48673601e-01+1.01530673e-02j
-9.45560833e-01+4.99671920e-03j
-6.18363552e-01+2.56223727e-02j
1.42360388e-01+3.50646684e-03j
5.49897760e-01-2.09506657e-03j
2.94152733e-01+1.08894857e-02j
-4.50141094e-01+1.38996164e-02j
-9.36874189e-01-2.97378190e-02j
-7.29306854e-01-2.02243065e-02j
4.09924614e-02+7.66175110e-03j
5.52616220e-01-3.28480858e-02j
3.71398580e-01+1.54742072e-02j
-3.54603582e-01-1.52844603e-02j
-9.07847939e-01+2.02471833e-03j
-8.25012888e-01-1.95684795e-02j
-7.29437909e-02+2.71080424e-02j
4.87565420e-01+2.29861127e-02j
4.51259226e-01+2.75952087e-04j
-2.45080814e-01+1.51175895e-02j
-8.56496829e-01-3.22676070e-02j
-8.55866014e-01-1.99454648e-02j
-1.88699050e-01-3.09696992e-02j
4.85858628e-01+2.58055515e-02j
5.21359098e-01-3.61221292e-03j
-1.43108053e-01-2.00833385e-02j
-7.97343335e-01+2.30942262e-02j
-8.88414746e-01-5.56119987e-04j
-2.97366487e-01-1.01596183e-02j
4.16095661e-01+2.60715494e-02j
5.21457076e-01+8.95897999e-03j
-4.13692869e-02+1.44472633e-02j
-7.24857349e-01+1.91244286e-02j
-9.27099731e-01+5.12438556e-03j
-3.84676442e-01+1.47153984e-03j
3.25170889e-01+1.44839600e-02j
5.73906522e-01+1.82383885e-02j
7.72036896e-02-1.62439432e-02j
-6.53150562e-01+2.43620421e-02j
-9.39622284e-01-1.39734979e-02j
-4.96199835e-01+1.13491717e-02j
2.49953250e-01+2.92532324e-02j
5.47339331e-01-9.90960265e-04j
1.83327228e-01+4.51087730e-03j
-5.67417070e-01-2.04652864e-02j
-9.62500911e-01-3.79883370e-03j
-5.91682005e-01+1.57123501e-02j
1.76236969e-01-5.86564233e-03j
5.98708176e-01+9.96018893e-03j
2.58528921e-01-1.91905335e-02j
-4.68917812e-01+2.62446401e-02j
-9.23375268e-01+3.04679199e-03j
-6.98490722e-01+2.01266426e-02j
3.51390423e-02-3.81744734e-03j
5.86166765e-01+6.38073240e-03j
3.54525264e-01+2.00821830e-03j
-4.13462106e-01-9.78412020e-03j
-9.51230120e-01+1.10547247e-02j
-7.67850532e-01+2.73464389e-03j
-7.32805428e-02-1.71230080e-02j
5.25494188e-01-1.05201740e-02j
4.31173322e-01-2.72206721e-02j
-2.54953523e-01-1.45714522e-02j
-8.79899557e-01-8.63569916e-03j
-8.35580363e-01+5.20351008e-04j
-1.28969124e-01+1.47555438e-02j
5.04329740e-01+2.47233810e-02j
4.75704069e-01-2.31017393e-02j
-1.77510772e-01+7.59626121e-04j
-8.40576161e-01+1.17700048e-03j
-8.75712393e-01-9.01224842e-03j
-2.55882440e-01+1.46741699e-02j
4.48681033e-01-1.51768972e-02j
5.25324090e-01-6.43406737e-03j
-8.73828242e-02-2.63928908e-02j
-7.69744638e-01-7.94005848e-03j
-8.86311329e-01+8.43526579e-03j
-3.48703083e-01+1.67466804e-02j
3.29092568e-01-1.29412815e-02j
5.68398056e-01+1.12728631e-02j
2.88711222e-02-1.42850911e-02j
-6.80698400e-01+1.36600767e-02j
-9.69618236e-01+1.60762567e-02j
-4.78252218e-01+2.72528571e-02j
2.93490059e-01+7.71378755e-03j
6.23069737e-01+6.42770154e-03j
1.41406932e-01-2.24162870e-02j
-6.10902050e-01+1.48395371e-02j
-9.51324319e-01-1.16822087e-02j
-5.46287457e-01+2.65236952e-03j
2.01197335e-01+2.12940322e-02j
5.38814401e-01-2.76796590e-02j
2.67944715e-01-7.68564985e-03j
-4.98059070e-01-1.14057322e-02j
-9.42044497e-01-1.70889765e-02j
-6.57407665e-01-1.61066254e-02j
7.54795362e-02-2.67554575e-02j
6.01999642e-01+7.94410492e-03j
3.26775646e-01-1.24804521e-03j
-4.17849192e-01+3.72892673e-03j
-9.29415958e-01-1.00135701e-03j
-7.44513992e-01-1.43204530e-02j
-4.65770698e-03+4.26965945e-03j
5.72232283e-01-1.83406228e-02j
4.15652217e-01-7.07130363e-03j
-3.11234011e-01-6.98471385e-03j
-9.26210721e-01+5.78094270e-03j
-7.96613968e-01+1.21238737e-02j
-1.02874907e-01-2.46753283e-02j
5.12174745e-01-8.86044909e-03j
4.27298998e-01+2.17123396e-02j
-2.17245507e-01+6.24547386e-03j
-8.81411589e-01-3.06826760e-02j
-8.58895575e-01+1.00600266e-03j
-2.32323907e-01+1.43892171e-02j
4.57167830e-01-5.06400859e-03j
5.06098971e-01+4.32635256e-03j
-9.95502384e-02+5.68762742e-03j
-8.18108758e-01+1.92055780e-02j
-9.32839858e-01-9.09427509e-04j
-3.22002314e-01-5.81329873e-03j
3.87730303e-01+2.46108528e-02j
5.34385299e-01-1.20746417e-03j
3.06329073e-03+3.15575037e-03j
-7.25713116e-01+1.88319314e-02j
-9.27638120e-01-6.14107161e-04j
-3.97336243e-01-1.75022246e-02j
3.16714811e-01-1.47934234e-02j
5.48967065e-01-1.31838628e-05j
7.14188028e-02+1.80979763e-02j
-6.38953473e-01-2.40961622e-02j
-9.69225296e-01-1.32544007e-02j
-5.53848845e-01+8.70846989e-03j
2.05549856e-01-3.74468616e-03j
5.86006803e-01-7.26061207e-03j
2.02390936e-01+1.77813966e-02j
-5.66183408e-01-8.32502470e-05j
-9.66774108e-01-1.12755090e-03j
-6.27875787e-01+4.80973131e-03j
1.31380876e-01+3.59669463e-03j
5.86261405e-01-1.11129133e-02j
2.76407672e-01-2.54019564e-02j
-4.78135844e-01+8.86678171e-03j
-9.68648435e-01-7.28125961e-03j
-6.96564430e-01+9.05507266e-03j
1.06389836e-03-1.36338009e-02j
5.44050752e-01-1.83612415e-02j
3.93259365e-01+3.59994028e-02j
-3.67629966e-01-2.93608314e-03j
-9.23202206e-01-1.42408991e-03j
-7.77347979e-01-1.22518491e-02j
-5.48707518e-02-6.53508636e-03j
5.04666959e-01-2.03885806e-02j
4.30254974e-01+1.83519735e-02j
-2.32052588e-01+9.48378296e-03j
-8.58096530e-01+8.50105661e-03j
-8.20802928e-01+2.18305464e-02j
-1.84592262e-01+9.68830509e-03j
4.38648588e-01+4.35892711e-03j
4.80144931e-01+8.64703421e-03j
-1.40613816e-01-1.12120857e-03j
-8.26233895e-01-2.03333297e-03j
-8.55264519e-01-4.45451898e-04j
-2.94869172e-01+1.67309265e-03j
4.08811429e-01-8.13770616e-03j
5.27282546e-01+1.45573584e-02j
-3.60445152e-02+8.09692513e-03j
-7.64110707e-01+1.85379944e-02j
-9.05444052e-01+1.66729989e-02j
-4.03626109e-01+1.06451399e-02j
3.62745079e-01+1.36175400e-02j
5.81990226e-01+8.39435190e-03j
5.36434019e-02-1.59803468e-02j
-6.77227634e-01+8.18243355e-03j
-9.64836831e-01-2.94717760e-02j
-4.99024882e-01+5.36427466e-03j
2.55287910e-01-4.52620367e-03j
5.62526878e-01-2.35891713e-02j
1.36820547e-01-2.14847471e-02j
-5.87008546e-01+8.42687777e-03j
-9.74050847e-01+1.25754695e-02j
-5.72934804e-01-1.95453614e-03j
1.39933507e-01+1.98842708e-02j
6.06907324e-01-5.03818366e-03j
2.47611964e-01+1.95750257e-02j
-4.76057703e-01+7.23185202e-04j
-9.26271648e-01-1.00828136e-02j
-6.59108080e-01-1.94560169e-02j
9.24195271e-02+1.41542935e-02j
5.86987489e-01+2.51662352e-02j
3.33915326e-01+4.19134120e-03j
-4.25606769e-01+1.50271449e-03j
-9.46143682e-01-1.41386702e-02j
-7.35986503e-01-5.88045047e-03j
-3.96551086e-02+3.42600155e-03j
5.45989405e-01+2.01996986e-03j
3.76452045e-01+1.31476127e-02j
-2.68446191e-01+1.76486444e-02j
-8.94506863e-01-4.27799650e-03j
-8.35464110e-01-3.50499758e-02j
-1.45050363e-01+1.21036785e-04j
4.89462574e-01+8.67787106e-03j
4.91686939e-01-1.17396798e-02j
-1.85744445e-01-3.99596960e-03j
-8.32842167e-01-1.26787081e-02j
-8.28319953e-01-1.61275340e-02j
-2.43050761e-01+5.67341224e-03j
4.45902677e-01-6.60265288e-03j
5.22932468e-01-1.85051710e-02j
-7.63742821e-02-1.85616627e-02j
-7.59195754e-01-2.99218301e-03j
-9.09420053e-01-1.86783181e-02j
-3.45002757e-01-2.56389195e-03j
3.62629408e-01-1.66795637e-02j
5.55369462e-01+1.32022634e-02j
2.33933474e-02-4.62706172e-03j
-7.31048380e-01+2.40423015e-03j
-9.77062843e-01+1.97900989e-02j
-4.63638408e-01+2.09189260e-02j
2.82815179e-01-5.31421266e-03j
5.54696749e-01-7.11790396e-03j
1.30783785e-01+1.36162029e-02j
-6.28299027e-01-1.35170078e-02j
-9.55705475e-01+3.25151817e-02j
-5.64651002e-01-1.09160459e-02j
1.99129301e-01-3.11322759e-02j
5.59501379e-01+7.66479102e-03j
2.20457982e-01+9.06810281e-03j
-5.28767241e-01-2.01223300e-02j
-9.42120007e-01-1.58103379e-02j
-6.29229260e-01-1.92232412e-02j
7.59121795e-02+7.33846759e-03j
5.63508669e-01+2.36298585e-02j
3.18318904e-01-3.27599892e-02j
-4.27330355e-01-1.79363856e-02j
-9.16925309e-01+3.80234762e-02j
-6.96113211e-01-1.82841237e-02j
-1.40598465e-02-3.04097024e-02j
5.29363206e-01-1.97391696e-02j
3.71699105e-01-3.02645683e-02j
-3.36923718e-01-1.56593929e-03j
-8.87278948e-01-2.01356503e-02j
-7.80780871e-01+1.96760320e-02j
-9.74616278e-02+1.56098344e-03j
4.97522326e-01+1.18222058e-02j
4.49437377e-01+2.12636405e-02j
-2.15730818e-01+1.83125258e-02j
-8.95746764e-01+6.24530781e-03j
-8.73904928e-01-3.13826230e-02j
-1.98761692e-01-2.62963062e-03j
4.63792308e-01+2.00854201e-02j
5.00655734e-01+3.28237463e-02j
-1.23141185e-01+1.37004378e-03j
-7.97784426e-01-1.04118994e-02j
-9.27865055e-01+2.01082332e-03j
-3.35993444e-01+1.79463833e-02j
3.95722406e-01-6.91126427e-03j
5.65014943e-01-4.33229825e-03j
-2.81705757e-02+4.84305171e-03j
-7.32413028e-01+7.17237652e-03j
-9.11901960e-01-1.58509170e-02j
-4.06881943e-01-2.30426677e-02j
3.27432813e-01+1.13859338e-02j
6.09880111e-01-1.34630331e-02j
9.24446745e-02+1.96570699e-02j
-6.56988857e-01-1.83660328e-02j
-9.56174269e-01+7.84514442e-03j
-5.40133267e-01-2.78546570e-03j
2.26925068e-01+2.93476481e-02j
5.69683424e-01+4.28680024e-02j
1.81974397e-01+1.94188821e-02j
-5.76250665e-01-8.97869056e-03j
-9.60141399e-01+9.67074852e-03j
-6.19758132e-01+3.11222008e-03j
1.51465745e-01-6.14832464e-03j
5.81330533e-01+5.58413854e-04j
2.63635181e-01-1.29045240e-02j
-4.52428364e-01+3.96704695e-02j
-9.45281396e-01+1.59244126e-02j
-6.87065961e-01-1.84530496e-02j
3.49445517e-02+1.34099653e-02j
5.53289239e-01-2.57318814e-02j
3.46922898e-01+1.66299990e-03j
-3.41251741e-01-1.74500000e-02j
-9.18721654e-01-6.74566597e-03j
-7.45966851e-01+2.15154811e-02j
-7.43136801e-02-2.29983066e-03j
5.09286014e-01-2.41950684e-02j
4.05389233e-01-5.80407205e-03j
-2.51987819e-01+2.47567575e-02j
-8.74817975e-01-8.98954688e-04j
-8.27859668e-01-2.86841262e-03j
-1.66988508e-01+3.28887500e-02j
4.68281738e-01-1.17190776e-03j
4.57378740e-01+1.76390939e-02j
-1.71588160e-01+1.68073872e-02j
-8.25299220e-01+1.10102458e-03j
-8.97884044e-01-6.78713106e-03j
-2.73574658e-01-2.48418292e-03j
4.30992909e-01-8.20817372e-03j
5.39692640e-01+1.66062419e-03j
-6.95373930e-02-2.98830044e-03j
-7.56271832e-01-6.57400979e-03j
-9.36810195e-01-1.32892904e-02j
-3.75683438e-01-5.39041260e-03j
3.20976050e-01-7.10832745e-03j
5.32915353e-01+4.44729106e-03j
5.15052220e-02+1.96258666e-02j
-6.80601015e-01+2.18988282e-02j
-9.34083683e-01-2.52885529e-02j
-4.98280821e-01+7.79950974e-04j
2.86143625e-01+1.35633894e-02j
5.90843443e-01-1.65538645e-03j
1.38156041e-01+2.09233765e-03j
-5.78447759e-01-2.47998685e-02j
-9.35621785e-01+2.00397415e-02j
-5.96523434e-01-2.59617577e-02j
1.53573531e-01+1.50870937e-02j
5.82009052e-01+1.02065913e-02j
2.52718684e-01-1.08456206e-02j
-5.03296848e-01+1.42021351e-02j
-9.67956236e-01-1.10949998e-02j
-6.68354578e-01-9.04978674e-03j
8.00001399e-02+1.75710801e-03j
5.46977732e-01-4.20239839e-03j
3.25023029e-01-1.85613883e-02j
-3.94204806e-01+8.61457902e-03j
-9.45513993e-01-8.27168370e-03j
-7.51593283e-01-4.52397549e-04j
-3.04615759e-02-3.88446132e-03j
5.43355194e-01-1.73789929e-02j
4.10906438e-01-2.50212655e-03j
-2.98742263e-01-1.75587366e-03j
-8.97925220e-01-1.85765732e-02j
-8.21174016e-01+4.21428682e-03j
-1.25798586e-01+5.04068865e-03j
4.87294700e-01+9.95976024e-03j
4.97069652e-01+2.42012098e-02j
-1.87213520e-01-7.08308781e-03j
-8.57833725e-01-3.13099583e-02j
-8.48685528e-01+9.24056843e-03j
-2.45693349e-01+8.69710292e-03j
4.47397595e-01-1.21313671e-02j
5.09568216e-01-3.28405864e-03j
-8.45516928e-02+1.28434211e-02j
-8.04437205e-01+2.78069634e-03j
-9.16148498e-01-2.31466299e-03j
-3.38681816e-01+4.77494123e-03j
3.52517191e-01-3.16382877e-04j
5.34393495e-01-1.93573145e-03j
2.19675471e-02+1.06266133e-02j
-7.08512947e-01+9.01521412e-04j
-9.51624931e-01+5.25909365e-03j
-4.55010528e-01-5.24485685e-04j
2.92555437e-01-6.71224039e-03j
5.68971831e-01-1.01360555e-03j
1.15141211e-01+1.56537819e-02j
-6.25353919e-01-2.28169567e-03j
-9.68293526e-01+3.81650312e-02j
-5.49463482e-01+2.05326375e-02j
2.17948675e-01+3.01293778e-02j
5.58445111e-01-4.93010284e-03j
2.19460480e-01+5.53801364e-03j
-5.58005296e-01+4.63752822e-03j
-8.98030858e-01+5.42573146e-03j
-6.35904792e-01-7.32212627e-03j
1.16619271e-01-1.23897956e-03j
5.63358963e-01+5.88449275e-03j
2.56122346e-01-2.35983599e-02j
-4.21101251e-01+6.21485661e-03j
-9.61375978e-01+2.60571080e-03j
-6.98978483e-01-5.96837081e-03j
3.37233020e-02+1.50645185e-02j
5.47757230e-01+8.44042966e-03j
3.78858300e-01+4.43044694e-02j
-3.30180493e-01+3.81876257e-02j
-9.19270963e-01-2.59276408e-04j
-7.81796967e-01-1.98366736e-02j
-9.26090798e-02+1.99545802e-02j
5.24185097e-01+3.85075440e-03j
4.67382551e-01+2.13421199e-02j
-2.51088741e-01-7.17063387e-03j
-8.72486786e-01-1.72718607e-03j
-8.86289714e-01+9.38204643e-03j
-1.88951780e-01-9.08592351e-03j
4.61548002e-01+1.74305673e-02j
4.61403442e-01+1.74998802e-02j
-1.60122218e-01-3.39301296e-02j
-8.04479140e-01+6.22740637e-03j
-9.26716077e-01-1.26650608e-02j
-3.11833197e-01+2.67296283e-02j
4.01667120e-01-2.44770175e-02j
5.29431144e-01+1.91336276e-02j
-3.36790363e-02+7.74624599e-03j
-7.38733876e-01-1.62029459e-02j
-9.24260897e-01-1.38182890e-02j
-3.99606392e-01-7.37105650e-03j
3.11545320e-01+1.09272958e-02j
5.60411083e-01+3.01990953e-03j
8.41327862e-02+1.81490078e-02j
-6.71485145e-01+2.20833141e-02j
-9.60401165e-01-3.15234485e-03j
-4.91742554e-01-9.08872650e-04j
2.44629124e-01+3.21412609e-03j
5.93274207e-01+7.94790061e-03j
2.16296769e-01-2.78808790e-02j
-5.68650874e-01+9.20658513e-03j
-9.26718556e-01+1.18720550e-02j
-6.24679415e-01-8.94359953e-03j
1.35136860e-01+2.61328782e-02j
5.61179370e-01+2.14023898e-02j
2.90667050e-01-1.16675374e-02j
-5.09594506e-01+2.38278536e-03j
-9.37985070e-01-1.04770765e-02j
-6.80440176e-01+1.70340113e-02j
3.14286541e-02+3.27702233e-03j
5.57376626e-01+1.91824329e-02j
3.60850997e-01-2.31668473e-02j
-3.91999434e-01+2.03530601e-02j
-9.10052090e-01-1.18273442e-02j
-7.43082411e-01+1.50536345e-02j
-5.74409018e-02-2.68855156e-02j
4.92929128e-01+1.69230659e-02j
4.19101588e-01-7.47411997e-03j
-2.90175018e-01-9.04467524e-03j
-8.82120174e-01-8.60904254e-03j
-8.21415452e-01+7.36784063e-03j
-1.27451109e-01+5.97832385e-03j
4.62744260e-01-1.55709926e-02j
4.96420512e-01+1.78706734e-03j
-1.62309725e-01+6.95334497e-03j
-8.59024420e-01+3.74397808e-03j
-8.79452291e-01-3.19541939e-02j
-2.81769379e-01+1.77461232e-02j
4.19366291e-01+2.03711633e-02j
5.11097719e-01+1.82004790e-02j
-5.33025980e-02-5.40986872e-03j
-7.69519819e-01+1.00161317e-02j
-9.14568570e-01+5.67426570e-03j
-3.71937879e-01+9.91545951e-03j
3.46084428e-01+1.03222571e-02j
5.40121211e-01+1.58199280e-02j
3.36705148e-02-4.45754086e-03j
-6.98759308e-01-8.03777995e-03j
-9.44565337e-01-2.12755250e-02j
-4.66436313e-01-9.18687956e-03j
2.63380804e-01-5.41171966e-04j
5.86395667e-01+1.23160222e-02j
1.35142531e-01-1.23803722e-05j
-6.21691798e-01-6.93878258e-04j
-9.50985488e-01+1.38328317e-02j
-5.68510227e-01+1.94232163e-02j
2.01439202e-01+4.69982164e-03j
5.80262039e-01+8.81465970e-03j
2.43017333e-01+9.92625827e-03j
-5.28189967e-01-1.27640835e-02j
-9.58314167e-01+1.20770034e-02j
-6.78022503e-01-3.05079643e-02j
8.26406019e-02+1.58148740e-02j
5.64002780e-01-9.66821094e-04j
3.05890460e-01-3.96813316e-02j
-3.94763150e-01+6.42108277e-03j
-9.58690709e-01+7.42170071e-03j
-7.10530358e-01+4.47781849e-03j
-1.82832481e-02-1.47195536e-02j
5.48455045e-01-1.84872517e-02j
3.97977804e-01-3.38167577e-03j
-3.18129056e-01+1.36106973e-02j
-9.18472508e-01-3.55272817e-02j
-8.04842889e-01-4.09774654e-02j
-1.41706759e-01+4.63649707e-02j
5.03075494e-01-1.49075211e-02j
4.34563348e-01+9.93876324e-03j
-2.07538256e-01+2.32138065e-02j
-8.27684568e-01-4.39441624e-03j
-8.50932084e-01+2.14851096e-02j
-2.42525683e-01+2.93859717e-02j
4.32778009e-01+6.80736948e-05j
5.08124549e-01-2.64706497e-02j
-1.12957622e-01-1.48635538e-02j
-8.30757534e-01+2.41275552e-03j
-9.05288092e-01-5.47018220e-03j
-3.11262180e-01-3.17930528e-03j
3.79082082e-01-6.42099766e-03j
5.66306939e-01-3.08050300e-02j
3.25994079e-02+2.10444875e-03j
-7.25742679e-01+8.23070306e-03j
-9.35601349e-01-2.72906439e-02j
-4.25396100e-01+6.28694576e-03j
3.02946594e-01-1.73563801e-03j
5.77335560e-01+4.15020123e-02j
1.09472231e-01+2.60664982e-02j
-6.39175836e-01-5.22981478e-03j
-9.44304394e-01-3.02479178e-03j
-5.42859419e-01-3.47979878e-02j
2.26620899e-01-3.35113440e-02j
5.92104812e-01+1.68220828e-03j
1.77119980e-01-2.72458792e-03j
-5.46828845e-01-9.14632440e-03j
-9.85095599e-01+6.53550779e-03j
-6.33912095e-01-1.15465379e-04j
1.22652395e-01-1.15470048e-02j
5.81120978e-01-1.62417539e-02j
2.88414221e-01-3.31783929e-03j
-4.49480247e-01-3.02664612e-02j
-9.54422141e-01+9.23626500e-03j
-6.75272791e-01-5.89845479e-03j
2.20717416e-02-1.23562372e-02j
5.63525725e-01+9.32139962e-03j
3.76890650e-01-6.32911085e-03j
-3.51355308e-01+1.15860606e-03j
-9.36938123e-01-4.41190592e-03j
-7.74194573e-01+1.03477144e-02j
-8.56282483e-02+1.83085146e-02j
4.88086257e-01-1.79253043e-02j
4.37992013e-01+2.36657502e-02j
-2.50736402e-01-4.16603270e-03j
-8.88197630e-01+6.49728049e-04j
-8.36538197e-01-1.41978402e-03j
-1.92738636e-01-3.40973561e-02j
4.66324109e-01+1.62390957e-02j
4.74220375e-01+3.52150638e-02j
-1.41006412e-01+7.27717352e-03j
-8.30698662e-01+5.74516677e-03j
-9.22279834e-01+2.77060467e-02j
-2.99224944e-01+1.54338592e-02j
4.03741638e-01+2.92793392e-03j
5.31065861e-01-5.01495575e-03j
-5.34026290e-02+1.45695862e-02j
-7.37868301e-01+4.19500889e-03j
-9.29414178e-01+1.14783833e-02j
-3.90656319e-01-4.96258148e-03j
3.31815200e-01-1.94319734e-03j
5.74609009e-01-2.72222071e-03j
5.95921574e-02-1.05979276e-02j
-6.82784436e-01+1.52206942e-02j
-9.23502700e-01-2.70246451e-02j
-5.09718659e-01-2.12031815e-04j
2.55238649e-01+1.54951556e-02j
5.74253166e-01-2.16319210e-02j
1.56825438e-01+1.72661065e-03j
-6.10304425e-01+1.54037801e-02j
-9.66122368e-01-8.36509473e-03j
-5.81327480e-01-1.10420628e-02j
1.71739490e-01+5.22688446e-03j
5.73584159e-01+1.90543681e-02j
2.74598782e-01+9.28214823e-03j
-4.83182117e-01+1.50012402e-02j
-9.55987251e-01+2.47241433e-02j
-6.79816993e-01+4.35048587e-03j
6.03817185e-02-1.40120718e-02j
5.33706115e-01+1.35551483e-02j
3.38652452e-01-3.36943201e-03j
-3.97042771e-01-6.99025002e-03j
-9.38854322e-01-1.67226721e-02j
-7.51843647e-01+5.32476999e-03j
-2.62782416e-02+2.62567670e-02j
5.24101060e-01-7.75774468e-03j
4.00159986e-01-6.33903264e-03j
-2.79943302e-01+7.08566698e-03j
-8.89479584e-01-5.41024669e-03j
-8.35311890e-01-1.27032382e-04j
-1.42775175e-01-3.09038663e-05j
4.81141755e-01+1.38547435e-02j
4.70156792e-01+8.79492365e-04j
-1.80242493e-01+2.58019799e-02j
-8.72472519e-01-1.43703599e-02j
-8.93120270e-01+7.01874332e-03j
-2.49151543e-01+1.77728980e-02j
4.42121749e-01+2.45053460e-03j
5.17179103e-01+1.68655103e-02j
-6.72763833e-02-7.79788353e-03j
-7.65433451e-01-1.88231287e-02j
-9.37117618e-01-1.40490755e-02j
-3.87045567e-01+1.36530880e-02j
3.37620263e-01-2.68386263e-02j
5.53683758e-01-5.72502846e-03j
3.50178873e-02-1.18435917e-02j
-6.94453807e-01-5.42735936e-03j
-9.89732631e-01+1.40476890e-03j
-4.53411873e-01+1.02640609e-03j
2.91405892e-01-1.70279841e-02j
5.86039472e-01-5.32539210e-04j
1.63425252e-01+1.12929294e-02j
-6.08926366e-01+1.32989595e-02j
-9.49407785e-01+5.60755400e-03j
-5.68146276e-01+3.15611851e-02j
1.89211914e-01-1.48347937e-02j
5.82307153e-01-2.14560739e-02j
2.20876878e-01+5.19720132e-03j
-5.25596377e-01-5.94952519e-03j
-9.55579130e-01+1.93518103e-02j
-6.63848009e-01+2.89578317e-02j
1.02139707e-01+1.95827479e-03j
5.67464646e-01-1.44756806e-03j
3.22690632e-01+1.16410531e-02j
-4.45403970e-01-2.82054811e-02j
-9.41935465e-01+1.97251265e-02j
-7.18013024e-01-1.08270826e-02j
9.87776144e-03-1.11918174e-02j
5.34890259e-01-4.03597315e-02j
3.90789484e-01-7.06860868e-03j
-3.24296945e-01-1.73999233e-02j
-8.99342422e-01-1.39058917e-02j
-8.01291704e-01+6.78372220e-04j
-1.16485195e-01-3.42910459e-02j
5.04191795e-01-7.75104215e-03j
4.62099966e-01-3.59142337e-02j
-2.47131492e-01-2.16160357e-02j
-8.61829161e-01-1.85021461e-02j
-8.82565552e-01-1.61970151e-02j
-2.05469507e-01-2.41246356e-02j
4.45259639e-01+2.30490254e-02j
5.13548220e-01+1.12326483e-02j
-1.28101849e-01+3.30022385e-03j
-7.96737361e-01-2.67295897e-03j
-9.25450810e-01-5.06067732e-03j
-3.27748150e-01+1.79746264e-03j
3.80639298e-01-9.94125069e-03j
5.56162917e-01+1.15731223e-02j
-6.53164839e-04-9.12045953e-03j
-7.54741978e-01-2.46578151e-03j
-9.42690166e-01-5.23183532e-03j
-4.36472811e-01+4.80507570e-03j
3.10411357e-01+3.08543581e-02j
5.58044428e-01-7.63041150e-03j
1.05558786e-01-1.00418959e-02j
-6.49984047e-01-4.80937168e-03j
-9.52565927e-01-2.84498712e-02j
-5.26302005e-01-2.80672628e-02j
2.32123679e-01+6.65130421e-03j
5.70789388e-01-7.25208564e-03j
1.81151385e-01+3.67892319e-02j
-5.66206254e-01+1.69652537e-03j
-9.30703138e-01+2.68094298e-02j
-5.72517057e-01-4.76677080e-03j
1.11442452e-01-4.59274770e-03j
5.84781643e-01-1.93804106e-03j
2.62451624e-01-6.72911280e-04j
-4.96733660e-01+1.33627527e-02j
-9.63485348e-01-5.41770235e-03j
-7.14378025e-01+3.34939738e-03j
3.80482366e-02+1.10342789e-02j
5.37508139e-01-1.71828597e-02j
3.54753696e-01-2.60128162e-02j
-3.96250303e-01-1.86382673e-02j
-9.14813805e-01-3.78545430e-03j
-7.75609331e-01-7.85519234e-03j
-5.54752461e-02-1.36627825e-02j
5.32070407e-01-8.87802011e-03j
4.23425395e-01+1.24358906e-02j
-2.52762049e-01+2.29870019e-02j
-8.72166002e-01-1.52381125e-02j
-8.30017082e-01-1.73469894e-03j
-1.88366138e-01-4.06045561e-02j
4.85988854e-01+3.29963165e-03j
4.69365404e-01-1.38378813e-03j
-1.57548257e-01+1.20507796e-03j
-8.17876168e-01+1.50497877e-02j
-9.06293259e-01-7.74760500e-03j
-2.75075037e-01-8.23376751e-03j
4.18265589e-01+8.31386332e-03j
5.38874522e-01-2.27498762e-02j
-4.60606186e-02-1.77599675e-02j
-7.44259580e-01+7.64728102e-03j
-9.52643872e-01+1.45596895e-02j
-3.99501487e-01-1.75090895e-02j
3.64478273e-01+3.86823316e-02j
5.66414649e-01-2.08589264e-02j
3.78964670e-02+6.21268051e-03j
-6.93761140e-01-5.44973180e-03j
-9.42111841e-01-1.73091371e-04j
-4.77433937e-01+1.25559343e-02j
2.62306067e-01+1.87638253e-02j
5.71945513e-01-3.21287610e-02j
1.59695917e-01+3.57323875e-03j
-5.80105395e-01+9.30778710e-03j
-9.89463966e-01+6.08029520e-03j
-5.60863791e-01+1.62314129e-02j
1.68261361e-01+1.46785197e-02j
5.94306510e-01-8.15870682e-04j
2.38156608e-01+1.65971188e-03j
-5.01273882e-01-1.40834402e-02j
-9.47149270e-01-4.57769329e-03j
-6.56376846e-01-2.25047948e-02j
7.29573535e-02+2.49473581e-02j
5.68356511e-01-1.00234811e-02j
3.44559629e-01+2.57311315e-02j
-3.88579763e-01-1.63529596e-03j
-9.48152702e-01+6.37561170e-03j
-7.62510149e-01-2.46564384e-03j
-3.25895641e-02-1.39048695e-03j
5.58890500e-01-1.25739373e-02j
4.06550300e-01+1.72837750e-02j
-3.06517955e-01+4.42706434e-03j
-8.95544656e-01-7.57965543e-03j
-8.30371225e-01-1.11270988e-02j
-1.52701311e-01+2.37001541e-02j
4.88154154e-01-3.04822005e-03j
4.69166257e-01+3.29364983e-03j
-2.12848972e-01-1.34172696e-02j
-8.58252601e-01-2.14250427e-02j
-8.74303720e-01-1.02662356e-02j
-2.38979602e-01+1.14038155e-03j
4.36255492e-01-8.24956556e-03j
5.25416188e-01+1.33913618e-02j
-8.56614756e-02+1.71147479e-02j
-7.81333712e-01+3.51202844e-02j
-8.97884170e-01+9.50481837e-03j
-3.39683349e-01-1.95133115e-03j
3.82278615e-01-1.20553056e-02j
5.11138139e-01-2.13099734e-02j
2.89089511e-02-2.71240830e-03j
-6.92236939e-01+4.51119081e-02j
-9.40731127e-01+3.51747721e-02j
-4.40467327e-01+1.70003626e-02j
2.88747511e-01+1.01474074e-02j
5.52419975e-01+3.92897344e-02j
9.00163835e-02-1.20236319e-02j
-6.23586853e-01+1.32910106e-03j
-9.52274030e-01+2.99475590e-03j
-5.17670272e-01+1.44010164e-02j
2.14929949e-01+1.20365089e-02j
5.77581685e-01+1.95169531e-02j
2.35161342e-01+4.47243114e-03j
-5.50960355e-01-1.39642784e-02j
-9.51474650e-01-5.21195214e-03j
-6.38570414e-01+1.96757316e-02j
7.97216050e-02+2.90829468e-02j
5.46557163e-01+5.40172915e-03j
2.92411197e-01-6.67479838e-03j
-4.29512121e-01-2.90551581e-03j
-9.20086922e-01+1.16809564e-02j
-7.67294391e-01-2.51753920e-02j
6.67336112e-04+5.88811484e-03j
5.28239076e-01-3.05710734e-03j
4.05273500e-01+1.75190049e-02j
-3.62706028e-01-2.46310804e-02j
-9.10729704e-01-3.80267263e-02j
-8.00789241e-01-2.58444454e-02j
-8.49257764e-02+7.53205738e-03j
4.82683843e-01+4.13558707e-03j
4.41840905e-01+8.09921418e-03j
-2.13348191e-01-6.40809311e-03j
-8.54250446e-01+5.12921214e-04j
-8.25844629e-01+1.21647810e-02j
-2.28629143e-01-1.10088903e-02j
4.58385427e-01-1.13709201e-02j
4.93054261e-01+1.88968052e-02j
-1.42816380e-01+1.14658528e-02j
-8.13669716e-01+3.22255993e-02j
-9.10735694e-01+7.64937438e-03j
-3.12532567e-01+3.27361195e-02j
3.91964962e-01-2.54052509e-02j
5.67498159e-01-8.98409070e-03j
-7.33180159e-03-3.94660299e-03j
-7.18679486e-01-9.52238236e-04j
-9.44341964e-01+1.55994347e-02j
-4.32277366e-01+1.47228392e-02j
3.59538317e-01-2.53538666e-02j
5.93461934e-01+3.82278686e-03j
1.31661306e-01-2.40059530e-03j
-6.42040391e-01-2.58952858e-02j
-9.54725474e-01-1.42227251e-02j
-5.27135652e-01+3.59963803e-03j
2.27626443e-01+2.10647491e-02j
5.84959500e-01+1.10362350e-02j
1.73911274e-01+1.31328728e-02j
-5.70294117e-01+3.16249578e-03j
-9.29509216e-01+1.86210094e-02j
-6.16664887e-01+2.17432840e-02j
1.55098147e-01+2.64749483e-02j
5.84739598e-01+8.62993579e-04j
2.67102248e-01-6.32806356e-03j
-4.89064256e-01+2.77049182e-04j
-9.51260885e-01+1.05905554e-02j
-6.80913341e-01+5.61268650e-03j
5.91031891e-02-2.92220906e-02j
5.54818866e-01+3.76827263e-04j
3.44068893e-01+2.82799793e-02j
-3.59113346e-01+1.55625110e-02j
-9.18126955e-01-5.22129215e-03j
-7.76440476e-01-8.76176405e-03j
-3.88119026e-02+2.27644969e-02j
5.34113556e-01+1.14465128e-02j
4.32562308e-01-1.99965610e-02j
-2.53461712e-01+5.85031731e-03j
-8.88937497e-01-1.07085038e-03j
-8.09988246e-01-4.13644358e-02j
-1.64825930e-01+3.26366044e-02j
4.72320184e-01+6.87162904e-03j
4.72378362e-01-1.39520130e-02j
-1.57453291e-01-2.23801203e-02j
-8.21559015e-01+8.58825408e-03j
-8.76456878e-01+3.05079539e-02j
-2.72901749e-01+3.89915309e-03j
4.18340399e-01-8.98489616e-03j
5.19382599e-01-2.93702602e-03j
-4.86256359e-02+7.94779389e-04j
-7.74620585e-01-8.10835753e-03j
-9.17910792e-01-7.92022438e-03j
-3.68331065e-01-7.46429844e-03j
3.56968331e-01+4.71221116e-03j
5.44606777e-01+7.19309507e-03j
4.10147728e-02+3.48126504e-02j
-6.76534179e-01+2.12524677e-02j
-9.62229792e-01-7.81634357e-03j
-4.71711970e-01+6.44316125e-03j
2.98071445e-01+1.50681784e-02j
5.35785005e-01-3.57334637e-02j
1.58265509e-01+1.39906417e-02j
-6.03803029e-01+2.31722611e-02j
-9.85198597e-01-2.73907055e-02j
-5.90689483e-01-2.00479499e-03j
1.87815997e-01+3.89225399e-03j
5.77259448e-01+4.46062436e-04j
2.53341774e-01-6.44516788e-03j
-5.20522585e-01-1.08740231e-02j
-9.33569600e-01+1.57147091e-02j
-6.29377767e-01+7.51923607e-03j
8.82916051e-02+8.27926859e-03j
5.84088083e-01+6.81476320e-03j
3.33803772e-01-1.80435337e-02j
-4.37520069e-01+6.52545880e-03j
-8.99310430e-01+6.29148771e-03j
-7.61449090e-01-9.44653940e-03j
-3.34912854e-02+1.55471242e-02j
5.31312231e-01+3.66098888e-02j
4.32934712e-01+4.24288412e-03j
-3.10188305e-01+3.49607678e-03j
-9.00194042e-01+7.58421439e-03j
-8.16622766e-01-8.59267446e-03j
-1.33632907e-01-1.16604753e-03j
5.09785804e-01+4.52944440e-04j
4.44037726e-01-2.83655272e-02j
-1.87242129e-01-2.44442872e-02j
-8.48974140e-01-1.21315320e-02j
-8.87493456e-01+4.90881776e-03j
-2.22537024e-01+1.55887602e-02j
4.31819095e-01+8.57070285e-03j
4.83041882e-01-1.49023092e-03j
-8.86554879e-02-7.28053723e-03j
-7.80905062e-01-1.73578183e-03j
-8.93801734e-01+3.44953647e-03j
-3.52086453e-01+4.47937431e-03j
3.78394377e-01+1.19677275e-02j
5.38966598e-01+8.41429155e-03j
-4.85708774e-03-5.49906077e-03j
-7.12631553e-01-1.69717212e-02j
-9.32376939e-01+3.65775847e-03j
-4.52169962e-01-6.25255624e-03j
3.06554142e-01+8.03349963e-03j
5.57599016e-01+1.19017704e-02j
1.02403323e-01+5.47617179e-03j
-6.41190097e-01+1.83310599e-03j
-9.58382471e-01+3.14489182e-03j
-5.40041209e-01+6.35707257e-03j
2.09099554e-01-1.25842744e-03j
5.69909647e-01+6.52625134e-03j
1.89269911e-01-1.20478971e-03j
-5.60614697e-01-2.42805489e-03j
-9.44048884e-01+1.24132106e-02j
-6.42469415e-01-1.61067814e-02j
1.30336814e-01+9.43429953e-05j
5.81403030e-01-4.79132637e-03j
2.57437954e-01+1.70475432e-02j
-4.51897602e-01-4.31394420e-03j
-9.42353646e-01-9.33069175e-03j
-7.12154577e-01-1.07584275e-02j
1.92622549e-02+1.17797856e-02j
5.50146635e-01+1.54630354e-02j
3.95265858e-01+1.54318627e-02j
-3.53707073e-01-2.09876576e-02j
-8.72249361e-01-1.42530278e-02j
-8.11788689e-01+1.43900657e-03j
-7.09724232e-02+1.89546880e-02j
4.79478508e-01+2.53703829e-02j
4.26024231e-01+6.18007422e-03j
-2.21904550e-01-1.29380623e-02j
-8.65739254e-01-6.26687203e-03j
-8.40694500e-01+5.78558175e-02j
-1.90768605e-01+1.91413128e-02j
4.83793760e-01-3.65690156e-02j
5.12984731e-01+1.73563373e-02j
-1.50084213e-01-2.06503981e-02j
-8.63309097e-01+3.25835940e-03j
-9.09127416e-01+7.64584769e-03j
-2.96706294e-01-3.53100985e-03j
3.82960180e-01+9.82694212e-03j
5.00974579e-01+1.64711291e-02j
-3.20611260e-02-3.72955543e-03j
-7.75286385e-01-5.67727121e-03j
-9.25904478e-01-7.22365176e-03j
-3.90849479e-01-9.28033190e-03j
3.06248982e-01-2.03735088e-02j
5.68671015e-01-2.55926677e-02j
7.64812381e-02+5.85684618e-03j
-6.71431080e-01+5.85281486e-03j
-9.55635689e-01-3.89063626e-03j
-5.14868171e-01-1.44583615e-02j
2.76377848e-01-2.53800849e-02j
6.10693423e-01+2.17572133e-03j
1.62779439e-01-4.38102591e-04j
-5.84376752e-01-1.12135272e-02j
-9.60840798e-01+6.72471642e-03j
-6.21707424e-01-6.82346003e-03j
1.80073663e-01+1.55738531e-02j
5.65179175e-01+4.99943432e-03j
2.63132299e-01+1.86893347e-02j
-4.72148527e-01+3.05845277e-02j
-9.52092266e-01+3.20744110e-03j
-6.96624757e-01-3.47216726e-03j
7.61834497e-02-1.90336366e-02j
5.94931330e-01+1.40845556e-02j
3.67640446e-01-1.64169152e-02j
-3.87994087e-01-2.61217942e-02j
-9.21275591e-01-2.35417571e-02j
-7.48763132e-01+2.00032437e-02j
-4.68484365e-02+9.73094309e-03j
5.13836870e-01+3.70037557e-02j
4.33383171e-01-7.06174203e-03j
-2.90570205e-01-1.33255392e-02j
-8.83458065e-01-3.73311452e-04j
-8.05152454e-01-1.70559403e-02j
-1.56205187e-01-7.70291818e-03j
5.08941299e-01+2.15657271e-02j
4.72863109e-01+1.06448069e-02j
-1.80947688e-01+2.13506116e-02j
-8.25822312e-01-6.16215633e-03j
-8.81188735e-01-3.70824832e-03j
-3.01146667e-01-1.26905467e-02j
4.36743512e-01+1.42128617e-02j
5.17336499e-01+1.31177683e-02j
-7.53433979e-02-1.34009282e-02j
-7.49647730e-01+2.64601094e-03j
-9.26664263e-01+8.19141537e-03j
-3.74225548e-01-1.54638871e-02j
3.65614497e-01+1.46826567e-02j
5.44468017e-01-3.21518080e-02j
2.99159565e-02-1.60521074e-02j
-6.77007671e-01-1.73710868e-03j
-9.38366029e-01+1.07113837e-03j
-4.91129115e-01-1.32907949e-02j
2.75598783e-01+2.14510625e-02j
5.89118715e-01+4.46025699e-03j
1.08656377e-01+1.04652844e-03j
-6.14505020e-01+3.14845731e-02j
-9.47018435e-01-3.52162166e-02j
-5.56173191e-01-2.29790530e-02j
1.96525294e-01-2.47860103e-02j
5.75449170e-01+1.72169124e-02j
2.12651348e-01-6.56716308e-03j
-4.99259293e-01-3.15761377e-02j
-9.49001018e-01-2.89576396e-04j
-6.75400693e-01+2.88138932e-03j
1.08670583e-01+1.24080805e-02j
5.81600269e-01+1.54623314e-02j
3.09272183e-01+6.29366898e-03j
-4.46104630e-01-1.18305042e-03j
-9.47716365e-01+1.82995171e-02j
-7.45070661e-01+1.69438322e-02j
-4.37344273e-03-2.24813987e-02j
5.52581491e-01+2.48156671e-02j
3.83798063e-01-1.23233128e-02j
-3.26246059e-01+1.23235353e-03j
-9.10402010e-01-1.32790369e-02j
-7.88378826e-01+5.14677230e-03j
-9.61385896e-02-2.10277013e-02j
4.88913861e-01+8.20610683e-03j
4.74002425e-01-6.09181663e-03j
-1.95902055e-01-2.50554877e-02j
-8.59151661e-01+1.61102657e-02j
-8.50555677e-01+1.35748746e-02j
-2.10359735e-01-9.55668440e-03j
4.51115232e-01+2.88639732e-02j
5.00896340e-01+1.70323836e-02j
-1.15316599e-01+7.15089961e-03j
-8.02216795e-01+2.01291378e-02j
-8.81096081e-01+2.62091194e-02j
-3.27155896e-01-1.32583163e-02j
3.66221550e-01-4.20098485e-03j
5.37644643e-01-1.14202771e-03j
1.70780311e-02-1.51296300e-02j
-7.33791781e-01+4.36878509e-03j
-9.26305492e-01+5.53627745e-03j
-4.60274101e-01-1.00933954e-02j
3.13597769e-01-8.98443057e-03j
5.63541675e-01+1.49691306e-02j
1.05119063e-01+2.81888983e-02j
-6.32335557e-01-2.40324093e-02j
-9.68950579e-01+3.71390050e-03j
-5.28819441e-01-1.76662208e-02j
2.60399982e-01-5.00675621e-03j
5.77951078e-01-7.90257744e-03j
1.93221828e-01+4.36881090e-03j
