-5.18747358e-01-1.05050074e-02j
2.50525340e-01-5.63466242e-03j
5.62365603e-01+2.35297192e-03j
1.80086869e-01-2.99992848e-03j
-5.75124235e-01-7.85802733e-03j
-9.39743834e-01+4.08559892e-03j
-5.55641866e-01-4.52139915e-03j
1.76686045e-01-3.49560768e-02j
5.80740077e-01+8.41187113e-03j
1.71642794e-01+2.21357503e-02j
-5.31834545e-01+1.45109042e-02j
-9.80844466e-01-7.78357014e-03j
-6.15363326e-01+2.61683525e-02j
1.25110352e-01+1.17901254e-02j
5.62596701e-01+7.60318892e-03j
2.46352680e-01-9.45698650e-03j
-5.14037759e-01+4.66915133e-03j
-9.57971597e-01-2.29072735e-02j
-6.53067019e-01-4.57399496e-03j
1.02462286e-01+1.16980761e-02j
5.77278386e-01-8.83439958e-03j
2.67081036e-01-2.34283016e-02j
-4.56694824e-01-1.30501601e-02j
-9.40413886e-01-2.93242631e-02j
-6.88347251e-01-5.64853544e-03j
8.98218251e-02+1.58345473e-03j
5.62139929e-01-1.07050766e-02j
3.08508347e-01-7.08925953e-03j
-4.28528832e-01+2.60029636e-02j
-9.44343675e-01-1.03660035e-02j
-6.95708082e-01-6.41496991e-03j
5.93000894e-02-2.10567008e-02j
5.48115927e-01+3.05129970e-03j
3.45963416e-01-1.13479120e-02j
-3.71070537e-01-9.87139216e-04j
-9.22978230e-01+5.08409883e-03j
-7.31618222e-01-1.64216266e-02j
-3.86098846e-02+1.73235186e-03j
5.66710703e-01+1.51233702e-03j
3.83086135e-01-4.64487150e-02j
-3.62053095e-01-5.89282062e-03j
-9.08960943e-01-1.27565230e-03j
-7.68728914e-01+1.67083348e-02j
-5.38017613e-02-1.01307770e-02j
5.12372253e-01+4.06084196e-02j
3.67997245e-01+6.01138404e-03j
-3.05390956e-01+1.39334329e-02j
-8.93971127e-01+1.25070352e-02j
-8.15446974e-01-2.90011550e-03j
-8.03728640e-02-1.45770490e-05j
5.01783697e-01-2.45477841e-02j
4.59858694e-01+1.21692551e-02j
-2.43937472e-01-1.51896587e-02j
-8.84737048e-01-1.45491160e-02j
-8.27641841e-01+4.00917276e-03j
-1.58513196e-01+3.84426254e-02j
4.92639386e-01-2.39735726e-02j
4.85773561e-01+3.17434877e-04j
-1.80607290e-01+1.61250162e-02j
-8.33657505e-01+2.51939933e-03j
-8.63344201e-01+1.54770699e-02j
-1.93806952e-01+8.99093232e-03j
4.58320368e-01+8.28792050e-03j
4.68798208e-01+1.28915387e-02j
-1.84605268e-01-8.30833795e-03j
-8.22627640e-01+5.82214678e-03j
-9.25948379e-01-5.01648264e-03j
-2.51908400e-01+1.69957295e-04j
4.50854781e-01+3.06629886e-02j
5.00641041e-01+2.26035695e-02j
-8.50587162e-02+7.07581691e-03j
-8.30587150e-01-5.13724620e-03j
-8.76703127e-01+2.74963569e-02j
-2.85874434e-01+4.82875132e-02j
4.40347188e-01-1.18991407e-03j
5.59483449e-01+2.86120497e-02j
-6.58966748e-02-2.46539056e-02j
-7.51861822e-01-7.42563917e-03j
-9.05223330e-01-1.82600588e-02j
-3.39286566e-01-1.48220789e-02j
3.67032103e-01+1.93924659e-02j
5.60797479e-01-2.40215724e-02j
-6.10120038e-02-1.56123168e-02j
-7.94477326e-01+1.72477554e-02j
-9.28975481e-01+1.36538764e-03j
-3.83108379e-01-2.40715364e-02j
3.17266457e-01-1.42847727e-02j
5.55033769e-01+1.48777166e-02j
-9.88514330e-03-1.45056798e-02j
-7.12300008e-01-1.15166080e-02j
-9.51942063e-01-2.43734092e-02j
-4.13209340e-01+9.84308332e-03j
3.36090771e-01-3.52539261e-04j
5.80559246e-01+1.37657112e-02j
4.87409129e-02+1.01038989e-02j
-6.99202272e-01-6.58722923e-03j
-9.54667785e-01-5.26509897e-03j
-4.66699025e-01+3.10906905e-04j
2.81597101e-01-7.77427515e-03j
5.83223641e-01-5.26601586e-03j
1.25045886e-01+1.97621215e-02j
-6.56895647e-01-1.72048598e-02j
-9.32235854e-01-1.88645336e-02j
-5.30999606e-01+4.61098392e-02j
2.49323962e-01-2.61515039e-02j
6.03794184e-01+2.52531446e-02j
1.40353933e-01-7.74173625e-04j
-6.17682978e-01-2.28904714e-02j
-9.40564272e-01-3.17323582e-02j
-5.29701224e-01-3.58287789e-02j
1.82548118e-01+2.79431611e-02j
5.58453044e-01-2.67007832e-02j
1.78608352e-01-1.69258010e-02j
-5.77615122e-01-1.37713720e-02j
-9.47028383e-01-1.14923317e-02j
-5.82261246e-01+6.58329101e-03j
1.89881345e-01+2.59348103e-02j
5.37914742e-01-3.72500704e-02j
1.94510977e-01+7.92611155e-05j
-5.08567735e-01-2.43479278e-02j
-9.65119870e-01-1.05442833e-02j
-6.20696055e-01+1.92430302e-03j
1.39055849e-01+2.81511688e-02j
5.76814616e-01-5.34857736e-04j
2.21239158e-01+1.53858825e-02j
-4.64092183e-01-1.57150654e-02j
-9.76197593e-01+2.24760558e-02j
-6.44033705e-01+1.14401494e-02j
7.68479002e-02+8.95495801e-03j
5.48806464e-01+6.73646280e-03j
2.90867369e-01+2.56340144e-02j
-4.44621169e-01-3.79259997e-03j
-9.35438052e-01+4.22161383e-03j
-6.89921299e-01+2.27787935e-02j
3.47580204e-02+1.25568088e-04j
5.59137809e-01-7.63522414e-03j
3.28666003e-01+1.28253274e-02j
-4.21008176e-01+1.73191031e-02j
-8.91048378e-01+6.63838761e-03j
-7.55452376e-01+1.52829605e-02j
-1.89020991e-02-2.26629200e-02j
5.47698799e-01+4.36067914e-04j
3.81062444e-01+2.90030352e-02j
-3.92385053e-01+9.79825885e-03j
-9.34006914e-01+8.10862119e-03j
-7.48628879e-01-2.43029715e-02j
-6.01923268e-02-1.41002650e-02j
5.35434885e-01+6.28290243e-03j
3.76723533e-01-1.24758591e-02j
-2.97911911e-01+2.69812438e-03j
-8.93036212e-01+2.22314763e-03j
-7.84211742e-01+3.87930851e-03j
-9.06763379e-02+6.39977702e-03j
5.08586283e-01+1.20678603e-02j
4.14580278e-01-6.27729583e-03j
-2.51071302e-01+1.99427908e-03j
-9.02733794e-01+3.38467690e-02j
-8.15075353e-01-1.86989999e-03j
-1.03816774e-01+2.23499514e-02j
4.92559639e-01-1.40393115e-02j
4.66043199e-01-2.21375225e-02j
-2.17694939e-01+3.77617961e-02j
-9.18069399e-01-2.12397048e-03j
-8.84203217e-01+7.38559726e-03j
-2.02594542e-01+1.43344060e-03j
4.87835366e-01-1.14353336e-02j
5.05284160e-01-3.87128744e-03j
-1.68821804e-01+1.26008981e-02j
-8.60370812e-01+2.14460216e-02j
-8.92472629e-01+1.95503990e-02j
-2.11896724e-01-2.69946242e-02j
4.50643364e-01-2.45116050e-03j
5.01652590e-01+1.08874398e-02j
-1.07292406e-01+1.79443724e-02j
-8.18326586e-01+1.27437968e-02j
-9.09811528e-01-8.15808190e-03j
-2.79385153e-01-6.64263315e-04j
4.11420404e-01-1.23799595e-02j
5.16426489e-01-2.17412918e-02j
-7.72889281e-02+2.88356547e-03j
-8.10989900e-01+1.36996568e-02j
-8.99682820e-01+1.39784614e-02j
-3.23442375e-01-4.76208901e-03j
3.81554380e-01-4.20307601e-02j
5.48506218e-01-3.32875635e-03j
-6.35802525e-02+5.38050055e-02j
-7.58677694e-01+1.15232890e-03j
-9.46390992e-01+1.62510388e-03j
-3.49797275e-01-4.22882438e-03j
3.71533448e-01-5.34775118e-02j
5.53058252e-01+1.29688584e-02j
-3.12594372e-03-1.99773490e-03j
-7.33640290e-01-2.79874823e-03j
-9.69669478e-01-6.85048987e-03j
-3.88263481e-01+2.34627437e-02j
3.18641233e-01-2.33945636e-02j
5.81651003e-01+7.82270250e-03j
5.88397657e-02-2.87982902e-02j
-6.96897439e-01-3.93622160e-02j
-9.34400792e-01+1.50925242e-02j
-4.26373670e-01+3.43396525e-02j
2.88667490e-01+1.12074203e-02j
5.62396324e-01-3.78557861e-02j
8.03350301e-02-4.02996341e-03j
-6.79185299e-01-2.34867772e-03j
-9.60203478e-01-3.01284483e-03j
-4.78945794e-01-1.76848086e-02j
3.05273148e-01+1.94269775e-02j
6.01534824e-01-6.45769764e-03j
1.34690630e-01+4.12241981e-03j
-6.13481484e-01+1.83282437e-02j
-9.63278738e-01+1.32317653e-02j
-5.20804943e-01-2.49578658e-02j
2.36305899e-01-2.61560732e-04j
5.76203001e-01+3.36511569e-04j
1.79356857e-01+1.92720490e-02j
-5.94293077e-01+1.04485222e-02j
-9.53801447e-01-3.26913544e-03j
-5.46361143e-01+1.27265334e-02j
2.00555448e-01+1.64734665e-02j
5.80074134e-01-2.38652692e-02j
1.72929817e-01-1.82160583e-03j
-5.79053626e-01+2.05199675e-02j
-9.59402281e-01+4.42321739e-04j
-6.12239134e-01+2.01911120e-02j
1.63442569e-01-1.63725782e-02j
5.70259176e-01+3.27112249e-02j
2.58025847e-01-2.76874928e-02j
-4.78023910e-01+1.57039708e-02j
-9.39704948e-01-1.00291147e-02j
-6.53419483e-01-1.13750233e-02j
1.14143356e-01+3.80237298e-02j
5.80485557e-01+1.68704077e-02j
2.73233413e-01-6.57017428e-02j
-4.95175355e-01-1.67727705e-02j
-9.85119531e-01+9.16159634e-03j
-6.62311267e-01+7.68290554e-03j
7.47145206e-02-1.07216267e-02j
5.55140709e-01-9.80677715e-03j
3.04818289e-01+2.47084215e-02j
-4.33182403e-01+8.37893444e-03j
-9.08952017e-01-1.37239088e-02j
-7.31599531e-01+1.69601729e-03j
3.42061862e-02-1.69766548e-02j
5.57349426e-01-3.12728870e-03j
3.56851294e-01+7.03061750e-03j
-3.98691946e-01-5.80297044e-03j
-9.71964093e-01-1.08065468e-02j
-7.33081558e-01-1.25513661e-02j
-1.88570992e-02-2.86092820e-03j
5.62077171e-01+3.97929133e-03j
3.86157581e-01+1.55755066e-02j
-3.24872844e-01+1.36512988e-02j
-8.92828997e-01-1.34807940e-02j
-7.68079823e-01-9.11495531e-03j
-8.07319280e-02+2.01735399e-02j
5.04872905e-01-2.35802632e-02j
3.82818689e-01-2.68597486e-03j
-2.91164394e-01-1.90035816e-02j
-9.03305335e-01-3.13804949e-03j
-8.29775497e-01+3.35237709e-02j
-1.13031864e-01-6.22894734e-03j
5.06201817e-01+1.05644295e-02j
4.59230052e-01+6.19497769e-03j
-2.45098796e-01-9.76174404e-03j
-8.82791186e-01-1.72778761e-02j
-8.27629164e-01+1.54521900e-03j
-1.94991863e-01+2.36719320e-03j
4.60291306e-01+1.14808106e-02j
4.58907286e-01+3.46872516e-03j
-1.94782460e-01-1.87931878e-02j
-8.82033705e-01+1.15787114e-02j
-8.76568826e-01-4.44128795e-03j
-2.08013615e-01+6.28928695e-03j
4.79992067e-01-8.29673800e-03j
4.74318965e-01-2.36321424e-02j
-1.77356783e-01-8.94458652e-03j
-8.39799599e-01-6.83682761e-03j
-8.72216026e-01+5.99991256e-03j
-2.70774519e-01-2.56906802e-02j
4.62466899e-01+1.01531053e-02j
5.30934263e-01-3.84016971e-02j
-1.26215207e-01+1.36419485e-02j
-8.05145623e-01+4.84420489e-03j
-9.20940320e-01+9.48171753e-03j
-2.96641956e-01+3.14996965e-03j
3.86877315e-01+1.62653074e-02j
5.35717306e-01+9.65198115e-03j
-3.07255051e-02-1.21761980e-02j
-7.58447648e-01+2.40749149e-02j
-9.15753302e-01-3.19842442e-02j
-3.53684538e-01+7.25324805e-03j
3.48718924e-01+2.73017364e-03j
5.46814571e-01-1.76818873e-02j
-7.04023493e-03+7.55283428e-03j
-7.70820996e-01-7.74190078e-03j
-9.01306784e-01-2.70015874e-02j
-3.81173293e-01+2.51637180e-02j
3.32983142e-01+2.33715465e-02j
5.57354709e-01+7.61858687e-03j
3.67267661e-02+3.60574025e-02j
-6.82271086e-01+4.23470452e-03j
-9.54101181e-01-1.36924688e-02j
-4.17211754e-01+9.14752965e-03j
3.01825225e-01+2.47077133e-02j
5.86941705e-01+3.00043581e-02j
1.01654820e-01+3.12262763e-02j
-6.93071935e-01-3.21386731e-02j
-9.41968795e-01-1.02723626e-02j
-4.77495582e-01+3.37138996e-02j
2.81934397e-01-1.56612862e-02j
5.36448121e-01+1.05599321e-02j
9.62689335e-02+2.16065029e-02j
-6.50074433e-01+6.89504727e-03j
-9.26037250e-01-1.36738825e-02j
-4.85984867e-01+1.33943285e-03j
2.35924820e-01+2.81868880e-02j
5.83010587e-01+1.67053726e-02j
1.85884645e-01-1.55330544e-02j
-6.12311763e-01+8.58822582e-03j
-9.84531767e-01+1.68720454e-02j
-5.32855562e-01+1.19335869e-02j
2.06598634e-01-1.95924782e-03j
5.77528494e-01-2.30613852e-03j
2.04308231e-01-1.12486759e-03j
-5.93403755e-01-3.58257625e-03j
-9.50059268e-01+3.80255633e-03j
-6.05659941e-01-4.29015300e-03j
1.79457127e-01-2.42486041e-02j
6.08291760e-01-5.97046782e-04j
2.04531928e-01-3.56413804e-02j
-5.11826985e-01-3.55918585e-03j
-9.40616593e-01+8.41010282e-03j
-6.65669796e-01-3.82969690e-03j
1.23570005e-01-7.51990875e-04j
5.84379754e-01-1.23792295e-02j
2.91566215e-01+9.12834578e-04j
-4.83308928e-01-1.82275773e-03j
-9.27357618e-01-2.23650232e-02j
-6.94785321e-01+1.78013250e-02j
6.50357543e-02-6.49396611e-03j
5.65940149e-01+1.35174313e-02j
3.01698109e-01+1.27394789e-02j
-4.40034492e-01-1.60005054e-02j
-9.77690290e-01-2.37823770e-02j
-7.15191034e-01-1.85536886e-02j
4.53472941e-02-2.92815105e-02j
5.54543159e-01+1.98713627e-02j
3.44591082e-01+2.18315961e-02j
-4.02895410e-01+2.44677879e-03j
-9.21501915e-01+1.79779881e-03j
-7.48763649e-01-2.35726876e-03j
1.24189711e-02-1.99198554e-02j
5.60415478e-01-2.36433995e-02j
3.90452783e-01-1.95253586e-02j
-3.63920178e-01+3.22832380e-02j
-9.22650812e-01-1.11418865e-03j
-7.80022273e-01+4.68695173e-02j
-5.69634656e-02+6.29044890e-03j
5.33568168e-01+5.86128873e-03j
4.00764436e-01+9.98633939e-03j
-3.15050924e-01+1.66516320e-02j
-8.89839403e-01-2.70544360e-03j
-8.02740837e-01+6.16045821e-03j
-8.46400551e-02+1.40810970e-02j
5.00592255e-01+2.18503669e-02j
4.31288542e-01-1.58659872e-02j
-2.31942254e-01-1.02572395e-02j
-8.92193370e-01+2.86013398e-04j
-7.92984868e-01-1.60149336e-02j
-1.35382095e-01+1.74804111e-02j
4.72271027e-01-8.42682402e-03j
4.87900294e-01+2.86321034e-02j
-2.24386273e-01+4.78513274e-02j
-8.47143681e-01-2.56203393e-02j
-8.55866196e-01-1.38576246e-02j
-1.96659906e-01+6.98728343e-03j
4.78041414e-01+1.49667369e-02j
4.93910806e-01+9.45270681e-05j
-1.79387460e-01+3.54194572e-02j
-8.34985925e-01+3.19469593e-03j
-8.59308082e-01+9.72589047e-03j
-2.60333792e-01+2.00179135e-02j
4.77995059e-01+2.25643882e-02j
4.74008765e-01+2.88406200e-02j
-1.08345862e-01+1.78578588e-02j
-8.27621073e-01-1.17332736e-02j
-8.84720408e-01+6.14263675e-03j
-2.66441236e-01+2.52455285e-02j
4.03036699e-01+6.67551737e-03j
5.12646034e-01-3.69806059e-03j
-8.04252585e-02+1.79703057e-02j
-8.20161048e-01-1.90894110e-02j
-9.16673722e-01-2.75395879e-02j
-3.22794973e-01-1.64758738e-03j
4.04343865e-01-4.60447892e-02j
4.93634450e-01+1.20702370e-02j
-2.17258090e-02-3.14838227e-03j
-8.09515009e-01-1.58907626e-02j
-9.36077397e-01+1.26921923e-02j
-3.69678804e-01-2.85405504e-02j
3.75148930e-01-2.34644958e-02j
5.21538257e-01+3.53888221e-03j
-1.24736916e-02+2.01762229e-02j
-7.45018568e-01+4.56319672e-02j
-9.39660268e-01-1.76579944e-02j
-3.92806550e-01-9.85102031e-03j
3.01907760e-01+1.92671965e-03j
5.60636144e-01+1.43223704e-02j
3.65522445e-02-1.63079500e-02j
-6.77109122e-01-3.43258682e-03j
-9.32897454e-01-4.38081958e-03j
-4.38374195e-01-1.43232145e-02j
3.07304163e-01-3.20107019e-03j
5.91850848e-01+2.78885035e-02j
7.33490601e-02-8.02427049e-03j
-6.35315759e-01-2.66555871e-03j
-9.56039192e-01+2.68683677e-02j
-5.21270256e-01-1.41190888e-02j
2.62745788e-01-1.54130398e-02j
5.55116767e-01-4.61340126e-04j
1.74080616e-01-5.97392695e-04j
-6.01997206e-01-2.11445839e-02j
-9.70644429e-01+2.52522031e-02j
-5.58807641e-01-4.59375819e-02j
1.90904664e-01-1.07558540e-02j
5.62214617e-01+1.16722825e-02j
1.63541318e-01+1.02509437e-02j
-5.60311746e-01+2.04313591e-02j
-9.47813653e-01+1.08126203e-02j
-5.95236674e-01+2.15974620e-03j
1.83638328e-01-7.86050774e-05j
5.59374729e-01+5.02705775e-03j
2.18652801e-01+1.65129451e-02j
-4.92722796e-01+1.92813981e-02j
-9.56415200e-01+8.44722796e-04j
-6.46454928e-01-6.33257040e-03j
1.45659243e-01-1.17904901e-02j
5.95792151e-01-2.06534123e-02j
2.43323697e-01+2.11629745e-02j
-5.10553179e-01+7.82559706e-03j
-9.48056031e-01-5.12120862e-03j
-6.65841537e-01+1.55630143e-02j
9.49575573e-02+1.34613585e-02j
5.52814067e-01-3.90671458e-02j
2.92293391e-01-1.43997602e-02j
-4.53723969e-01-7.72525766e-03j
-9.58220802e-01+1.74625808e-02j
-6.76961666e-01-2.23284560e-02j
3.70478954e-02+5.68356763e-03j
5.68429903e-01-8.90215189e-03j
3.07713495e-01-1.93614614e-02j
-4.06738079e-01+2.83054917e-02j
-9.44295886e-01-1.85571829e-02j
-7.06356350e-01+1.62674454e-02j
-7.01826101e-03+1.13306085e-02j
5.32765603e-01-1.05414799e-02j
3.51230753e-01+2.60531413e-02j
-3.81285664e-01-1.16905631e-02j
-9.10614009e-01+2.40237153e-02j
-7.74306228e-01+4.37135571e-03j
-3.38102457e-02-1.13060624e-02j
5.03653732e-01+1.19859965e-03j
4.00349814e-01+1.45165379e-02j
-3.44721876e-01-5.19932435e-03j
-8.98992900e-01+3.20351566e-02j
-7.57986425e-01+4.13784023e-02j
-1.37650890e-01+2.47423704e-04j
5.41383211e-01+2.33606888e-02j
4.25008636e-01+2.42392086e-02j
-2.78380332e-01-2.16549004e-03j
-8.96195114e-01+3.61995405e-02j
-8.38116378e-01+1.29225926e-02j
-1.54890431e-01+3.39831166e-02j
5.29844191e-01+7.30263801e-03j
4.35510246e-01-3.05141741e-02j
-2.58790494e-01+6.03227990e-03j
-8.65535558e-01+2.86861073e-02j
-8.42320601e-01+1.18411507e-02j
-1.62799441e-01-3.38781063e-02j
4.70745056e-01+2.66730989e-02j
4.85519327e-01-1.90212639e-02j
-1.72027633e-01+1.48997075e-02j
-8.58499064e-01+9.20129139e-04j
-8.86863055e-01-1.10225488e-02j
-2.54120049e-01-9.75536520e-03j
4.57998454e-01-4.91902099e-03j
4.99225893e-01+1.48949988e-02j
-1.19458925e-01+1.13483033e-02j
-8.25722725e-01+1.71602183e-03j
-8.73321692e-01+9.81144094e-03j
-2.73000648e-01+1.78628675e-02j
4.48419181e-01+1.04620075e-02j
5.64874586e-01+2.45934391e-02j
-7.92179242e-02-7.87402865e-03j
-7.96814324e-01+3.30452374e-02j
-9.17150742e-01+9.49797762e-03j
-3.05719775e-01+2.84605092e-02j
4.21437930e-01+1.28592033e-02j
5.48462622e-01-3.57940777e-02j
-4.84943543e-02-5.75855535e-03j
-7.74393860e-01-1.26335108e-02j
-9.19528806e-01-1.18992825e-02j
-3.58886447e-01+1.73241089e-04j
3.80917297e-01+2.18900327e-02j
5.11606090e-01-4.81407979e-03j
-8.56130984e-03-2.97135809e-03j
-7.48689930e-01+2.72517775e-02j
-9.48399760e-01-3.62606790e-02j
-3.88925472e-01-5.40426814e-03j
3.32710038e-01+2.36120580e-02j
5.25855575e-01+4.82456487e-03j
6.39293759e-02+7.99561208e-03j
-7.10593018e-01-2.99811137e-02j
-9.65007284e-01-2.64388993e-02j
-4.25765278e-01+8.00197176e-03j
3.15657140e-01-4.81765020e-03j
5.66356318e-01+4.68570518e-02j
8.62781010e-02-2.86292990e-03j
-6.59051572e-01+9.42441514e-03j
-9.38902005e-01+9.22165303e-03j
-4.78070659e-01-1.74161829e-02j
3.26725202e-01-1.55486777e-02j
5.66284428e-01-2.68778497e-02j
1.13337003e-01+7.92560802e-03j
-6.45924819e-01-1.53031319e-02j
-9.37163018e-01+1.87552303e-02j
-5.25955397e-01-1.21339430e-02j
2.46431426e-01+2.30089118e-02j
5.66565314e-01+2.02294038e-02j
1.38851816e-01-2.36692680e-02j
-5.97858874e-01+8.36709105e-03j
-9.74840357e-01+1.67247776e-02j
-5.88357687e-01+9.65077133e-03j
1.90827918e-01+6.18722641e-04j
5.75360226e-01+3.78085127e-03j
1.92215866e-01+1.87778201e-02j
-5.49588889e-01+1.77735594e-02j
-9.70413767e-01+1.26066296e-02j
-5.96366074e-01+2.31624336e-02j
1.47055871e-01+4.06609142e-03j
5.81257108e-01-1.87974774e-02j
2.40348459e-01+3.65535219e-03j
-5.11692459e-01-3.15708818e-02j
-9.18918077e-01+2.43031336e-02j
-6.53499744e-01+1.57312682e-02j
8.57276607e-02+3.27769779e-02j
5.41334703e-01+1.88362148e-02j
2.70603632e-01-1.29470558e-02j
-4.72668795e-01-7.02566421e-03j
-9.47553064e-01+9.74459709e-03j
-6.77632765e-01-3.10611265e-02j
5.73290537e-02+1.19228100e-02j
5.86231426e-01-3.96304632e-02j
3.13902049e-01-7.19304403e-03j
-4.32462770e-01-1.17311518e-02j
-9.27344969e-01+2.71965282e-02j
-6.99589376e-01+9.47396127e-03j
3.25995557e-02+1.40435628e-02j
5.26673708e-01-1.19156653e-02j
3.44511610e-01+1.29648432e-02j
-4.23940186e-01-5.49363629e-03j
-9.26380395e-01+3.09373880e-02j
-7.58691351e-01+7.57344875e-03j
-3.69685745e-02-1.06435498e-02j
5.22367051e-01+3.91372874e-04j
4.11798358e-01-3.04625057e-02j
-3.54609575e-01-8.30926812e-03j
-9.08259977e-01+3.39381514e-03j
-7.60016506e-01+2.54342669e-04j
-5.04546485e-02+1.28644573e-02j
5.40980503e-01+1.79985274e-02j
4.39474511e-01+1.80253113e-03j
-3.30720378e-01-1.48815357e-02j
-8.89968660e-01-1.56167847e-02j
-7.98711778e-01-5.78442838e-04j
-1.14926391e-01+3.17357803e-03j
5.26247262e-01+1.56092930e-02j
4.38321844e-01-3.05785149e-03j
-2.63019480e-01+2.47820322e-04j
-8.79322333e-01-1.73497240e-02j
-8.35839438e-01-1.84171639e-02j
-1.59339554e-01+8.90506379e-03j
4.93006443e-01-3.50544700e-02j
4.40543606e-01-1.38259969e-02j
-2.18469931e-01+1.78056779e-02j
-8.74861911e-01-9.30190106e-03j
-8.59693478e-01-1.02187324e-02j
-2.15363167e-01-1.64654631e-02j
4.48823062e-01-3.45597049e-03j
4.91810438e-01+3.47224299e-04j
-1.97675876e-01+2.22095787e-02j
-8.46277341e-01-1.81023427e-02j
-8.48150814e-01-4.11825254e-03j
-2.55293777e-01-2.47219006e-03j
4.29973720e-01-1.97934975e-02j
5.26800511e-01+2.04906344e-02j
-7.78718607e-02-6.47023309e-03j
-7.89344768e-01+2.69408844e-02j
-8.92160012e-01-3.71126873e-02j
-2.91020633e-01-1.83048850e-02j
4.39912860e-01+9.95080515e-03j
5.24734938e-01-1.60780772e-02j
-8.15824112e-02+3.57481177e-02j
-7.67587587e-01+6.96964058e-04j
-9.16233781e-01-9.57869970e-03j
-3.07455924e-01-1.29927574e-02j
3.68930697e-01-2.39987782e-02j
5.36838339e-01-1.62793485e-02j
-5.01134432e-02+1.37468682e-03j
-7.72414585e-01-2.65002189e-02j
-9.21737328e-01+1.43339962e-02j
-4.02934163e-01+1.31789523e-02j
3.95895088e-01+3.15844440e-03j
5.74831837e-01-1.35955149e-02j
2.78245682e-02+3.39098949e-03j
-7.39860706e-01-5.05263451e-03j
-9.65475954e-01-5.55057255e-03j
-4.07507447e-01-2.10908561e-02j
3.08811759e-01+1.13345821e-03j
5.78278148e-01-3.53997716e-04j
9.70167330e-02-9.66071872e-04j
-6.76601439e-01-5.63487296e-04j
-9.31692961e-01+6.02128399e-03j
-4.59004694e-01-2.10541522e-02j
2.92340604e-01+1.46839890e-02j
5.87934997e-01-6.99210036e-03j
9.05150990e-02+6.51184009e-03j
-6.46990460e-01-9.36320849e-03j
-9.63029810e-01-6.90798954e-03j
-4.75963151e-01-5.79445881e-02j
2.48230651e-01+5.05362479e-02j
5.68733145e-01-2.28844613e-02j
1.40501981e-01+9.58218256e-03j
-5.77090872e-01+1.47954260e-02j
-9.72001228e-01+1.77616453e-02j
-5.38121930e-01+9.08782778e-03j
2.30057967e-01-2.69096302e-03j
5.63504191e-01+2.18552502e-03j
2.28455575e-01+4.01245125e-03j
-5.88195137e-01+1.31486135e-03j
-9.55901777e-01+1.50647246e-02j
-5.82847003e-01+3.00148502e-02j
1.54472427e-01+2.91507533e-02j
5.87721488e-01-1.12211521e-02j
2.12441711e-01+7.32338133e-03j
-5.37501087e-01-2.69294293e-02j
-9.44970802e-01-1.50158648e-02j
-6.42448439e-01+1.93875984e-02j
1.24800551e-01-1.10504671e-02j
5.47551674e-01+1.07667780e-02j
2.65551471e-01-3.02009518e-02j
-4.72283679e-01-4.37321313e-03j
-9.51907156e-01+2.98634833e-02j
-6.50800601e-01-1.33413152e-02j
7.91199787e-02-4.50987062e-04j
5.82000422e-01+2.85696892e-03j
3.30644050e-01-5.17321164e-03j
-4.56966081e-01+1.12531660e-02j
-9.47050681e-01+8.67647733e-03j
-7.26417659e-01+2.36679011e-02j
4.36363062e-02-1.13877329e-03j
5.46307653e-01+1.99573381e-02j
3.46405855e-01-9.64641056e-04j
-4.07854407e-01-9.64916940e-03j
-9.28490957e-01+2.32776132e-02j
-7.23040426e-01+3.28350951e-02j
1.83580486e-03+6.39098248e-03j
5.24977330e-01-1.36985236e-02j
3.79565820e-01-3.55013339e-02j
-3.75141685e-01+5.18445346e-03j
-9.05528037e-01-1.84102995e-02j
-7.78700418e-01-2.44541275e-02j
-4.66575758e-02-3.02942888e-03j
5.42388845e-01+4.91344524e-02j
3.76394380e-01+1.69391777e-02j
-3.18668634e-01-1.53903893e-02j
-8.83961295e-01-1.12014614e-02j
-8.16614620e-01-4.87329004e-03j
-4.58462368e-02-3.36608248e-02j
5.38266387e-01+2.64937837e-02j
4.08698737e-01+5.79235867e-03j
-2.86000564e-01-4.89409551e-02j
-8.72657176e-01+3.76975187e-04j
-8.32730460e-01+9.08350454e-03j
-1.72195072e-01+1.83430968e-02j
5.15294405e-01-5.66812849e-03j
4.51171181e-01-1.96537713e-02j
-2.25107962e-01-2.85283858e-03j
-8.94666543e-01-9.63509525e-03j
-8.09975775e-01-3.97097611e-03j
-1.81624209e-01+3.98896695e-02j
4.46636850e-01-1.35612242e-02j
4.53973465e-01-8.85458176e-03j
-1.72792418e-01+1.44043026e-02j
-8.66366115e-01-8.99086101e-03j
-8.70423136e-01+9.19848474e-03j
-2.46600640e-01+1.09692088e-02j
4.22373387e-01-7.69097877e-04j
5.08717575e-01-1.44866058e-02j
-1.23760053e-01-2.07360466e-02j
-8.14547595e-01+2.63724303e-03j
-8.76187426e-01-1.74211001e-02j
-2.83907414e-01+1.74413199e-02j
4.41546393e-01-2.88376388e-02j
5.10146263e-01-1.21948541e-02j
-6.74182422e-02-2.77982249e-03j
-7.63344583e-01-2.51116829e-02j
-8.75151892e-01-2.14190540e-02j
-3.16679272e-01-3.66287879e-02j
4.04788205e-01+2.62124041e-02j
5.30828668e-01+1.05269327e-02j
-6.34617302e-02-9.34864602e-03j
-7.79805504e-01-1.76701269e-02j
-9.17466532e-01-3.81815351e-02j
-3.74632802e-01-2.19943517e-02j
3.52159953e-01+1.22890103e-02j
5.53695949e-01-3.04645523e-02j
1.31884796e-02-1.45415923e-02j
-7.63880598e-01-1.31663020e-02j
-9.54430561e-01-1.36501526e-02j
-4.22115585e-01-1.61700563e-02j
3.18931733e-01+3.82739860e-02j
5.41584270e-01+3.77388053e-03j
4.01297603e-02+4.60482835e-03j
-7.24346884e-01+2.87237462e-02j
-9.45972361e-01-9.53887605e-03j
-4.57090945e-01+1.76913658e-02j
2.97739095e-01+3.75949037e-02j
5.67685009e-01-1.53981768e-02j
1.07980578e-01-1.67873748e-02j
-6.28459125e-01-5.37864996e-03j
-9.68438862e-01-1.50502183e-03j
-5.00669925e-01+3.43185157e-03j
2.78444683e-01+2.61897839e-04j
5.62258270e-01+2.54371383e-02j
1.26038977e-01-7.40426410e-04j
-6.17882218e-01-2.54518718e-03j
-9.55647216e-01+1.05494208e-02j
-5.31866650e-01-2.42618113e-02j
2.30027004e-01+5.64891447e-03j
5.93143045e-01-1.88164721e-03j
1.81972967e-01-3.82144361e-03j
-5.80072721e-01-1.83550411e-02j
-9.61028428e-01-2.19996588e-02j
-5.56896582e-01-2.70696560e-02j
1.66656402e-01-1.72173652e-02j
6.10922752e-01-6.40990069e-03j
2.40105720e-01-1.25298665e-02j
-5.40149803e-01+2.91136316e-02j
-9.66508991e-01+2.51201761e-02j
-6.03927571e-01-1.30922250e-02j
1.53818131e-01+2.32176384e-02j
5.62675670e-01+8.67254513e-03j
2.26876005e-01-5.69521757e-03j
-4.98483799e-01+2.79941479e-03j
-9.68513960e-01-1.73415118e-02j
-6.50752841e-01-4.42538197e-03j
7.14962597e-02+8.01316195e-03j
5.84469968e-01-3.66260692e-03j
2.88566299e-01-3.29089998e-02j
-4.82033416e-01+3.43379444e-02j
-9.64468753e-01-3.61951240e-02j
-7.06470375e-01+3.47545992e-03j
7.06607704e-02-2.89331654e-02j
5.56909940e-01+2.14226460e-02j
3.35113439e-01+1.20171454e-02j
-4.24412639e-01+3.64665706e-03j
-9.12663614e-01+2.72430894e-03j
-7.48639700e-01+9.65756964e-05j
2.60012264e-02-1.10312955e-02j
5.52658985e-01+3.74358000e-02j
3.52964066e-01+1.17357709e-02j
-3.59145968e-01-2.33053622e-03j
-8.90018935e-01-1.25533500e-02j
-7.62233755e-01+7.48329302e-03j
-9.88952338e-03-1.25604823e-02j
5.18839629e-01+2.57574455e-02j
4.05242043e-01+1.51924762e-02j
-3.27212143e-01+3.00392766e-03j
-9.14900365e-01+2.01523284e-02j
-8.03909026e-01-2.48821687e-03j
-3.99805059e-02+1.20260612e-02j
5.13100723e-01+2.29267139e-02j
4.02161439e-01-8.88144589e-03j
-2.91309398e-01-9.06417781e-03j
-8.85321206e-01+4.01274108e-03j
-8.26868854e-01+1.24651087e-02j
-9.15415549e-02-3.80388110e-03j
4.90952176e-01-1.85186011e-02j
4.35440122e-01+1.37571522e-02j
-2.64738191e-01+1.76292952e-02j
-8.86952904e-01-1.28446747e-02j
-8.54173647e-01+3.18627554e-03j
-1.68339611e-01-3.17854998e-02j
5.07270845e-01+1.12285005e-02j
4.37247662e-01+2.08888072e-02j
-2.07576239e-01+2.50401813e-02j
-8.61231616e-01+2.49144299e-02j
-8.70492571e-01+4.28048220e-02j
-2.33502467e-01+2.31560458e-03j
4.92835406e-01+1.16046371e-02j
5.45679743e-01+1.66272653e-02j
-1.47907614e-01-4.13830183e-03j
-8.47603402e-01-5.59508621e-03j
-9.08759729e-01-1.35134252e-03j
-2.58241834e-01-1.44746506e-02j
4.36232599e-01+3.74464494e-03j
5.15897702e-01+1.75038162e-02j
-9.18226128e-02-1.18815930e-02j
-8.34027465e-01+2.37521932e-03j
-9.00768885e-01-3.64396442e-04j
-2.66269412e-01+3.01207300e-02j
4.38638275e-01+2.01673094e-02j
5.47319372e-01-1.65498899e-02j
-7.27659825e-02-2.50888328e-02j
-7.53310034e-01-1.21152165e-02j
-9.28163355e-01+3.45412169e-02j
-3.28489432e-01+3.54245331e-02j
3.91708923e-01-2.94836263e-02j
5.23374529e-01-7.43848276e-04j
5.59163293e-03+1.01485390e-02j
-7.21294020e-01+2.63413861e-02j
-9.24119901e-01+1.48687521e-02j
-3.92890555e-01+1.81174340e-02j
3.52227806e-01+2.05434961e-02j
5.64015621e-01+8.57501406e-03j
2.40826335e-02+9.00491290e-03j
-7.05774505e-01+4.31791391e-02j
-9.48621845e-01-6.50565204e-03j
-4.19915723e-01-1.88913659e-02j
3.29137436e-01+2.69363871e-02j
5.60676759e-01+2.86480267e-02j
4.15345565e-02-1.52805228e-02j
-6.92133712e-01+2.15008147e-02j
-9.46955858e-01-3.34841111e-03j
-4.89118628e-01-1.18878779e-02j
2.92013903e-01+2.64491995e-02j
5.85828503e-01-1.89960339e-02j
1.36320365e-01+1.69683968e-02j
-6.42759767e-01-2.11735119e-02j
-9.43453101e-01+4.12014592e-03j
-5.23635017e-01-9.19961387e-03j
2.11738128e-01-1.52368380e-02j
5.87753466e-01+7.53060050e-03j
1.32125282e-01+2.16462037e-03j
-6.32969195e-01-4.78528724e-03j
-9.63033330e-01+1.84214617e-03j
-5.63120180e-01+7.37228013e-03j
2.00422529e-01+2.38344835e-02j
5.88826719e-01-4.82426852e-03j
1.77591689e-01-2.57830365e-02j
-5.48048144e-01+1.67082005e-02j
-9.79510833e-01-2.85424639e-04j
-5.95911860e-01-4.58069071e-03j
1.50494793e-01-1.73920560e-03j
6.13097128e-01-1.77563278e-02j
2.25747080e-01-1.80740978e-02j
-5.32562209e-01+8.30217731e-03j
-9.44611351e-01-2.47865599e-03j
-6.43103125e-01-1.08373560e-02j
1.57987308e-01-2.70910111e-02j
5.72115232e-01-3.38560096e-03j
2.79408247e-01+8.38773750e-03j
-4.85852380e-01-2.28153841e-02j
-9.68154910e-01-3.92406479e-03j
-6.69153637e-01+5.21620588e-03j
7.61866736e-02-2.65478198e-03j
5.52225343e-01+2.49607312e-02j
3.09308848e-01-1.48985822e-02j
-4.25606225e-01+1.22341051e-02j
-9.80256076e-01-1.96550187e-02j
-7.17772242e-01+2.63413655e-02j
2.53329126e-02+2.75102200e-03j
5.80080187e-01-1.38601248e-02j
3.59319119e-01+1.52118548e-04j
-4.01222726e-01-8.43569771e-03j
-9.75266779e-01-2.06965842e-02j
-7.62343653e-01-9.75571726e-03j
-3.10579166e-02-8.08650947e-03j
5.32257770e-01-1.01115530e-02j
3.61125696e-01+2.07825652e-02j
-3.60422425e-01-1.02934718e-02j
-8.89595030e-01+3.22914100e-02j
-7.54952328e-01-1.24366920e-02j
-3.33302764e-02+9.29788511e-03j
5.26371863e-01+2.21128840e-02j
4.04463814e-01+1.45638409e-04j
-3.03708868e-01+5.68240520e-02j
-9.02463602e-01-4.40923243e-02j
-8.18601941e-01-4.14738531e-03j
-8.50310044e-02-5.94768502e-03j
5.07428941e-01-3.05591756e-03j
4.30313371e-01+3.71252436e-02j
-2.72873041e-01-8.06061901e-03j
-8.85381937e-01+2.85621797e-03j
-8.21505989e-01+3.72391606e-02j
-1.45719318e-01+2.99069980e-03j
5.16459588e-01-1.03497741e-03j
4.42567977e-01-8.58122518e-03j
-2.10851238e-01+1.88889050e-02j
-8.84206333e-01-2.61705153e-02j
-8.58418961e-01-6.21275609e-03j
-1.61834461e-01+1.99602668e-02j
4.91935698e-01+4.80438340e-02j
4.83419592e-01+1.00651271e-02j
-2.03328145e-01+2.67685597e-03j
-8.19113906e-01-4.00476050e-02j
-8.76051731e-01-7.88125800e-03j
-2.55188803e-01+1.37135948e-02j
4.39326207e-01-4.55073349e-02j
5.20117434e-01+4.02595845e-03j
-1.18610828e-01-8.67885403e-03j
-8.28641742e-01+8.67095532e-03j
-9.05997121e-01-1.27473832e-02j
-2.80065029e-01-8.54819770e-03j
4.11500038e-01+2.48340737e-02j
5.55216577e-01-1.91385261e-02j
-7.95812720e-02-1.64192257e-02j
-7.71857760e-01+1.58439242e-02j
-9.07246306e-01-1.68476596e-03j
-3.19529195e-01-1.78624018e-02j
4.02218699e-01-1.53232193e-02j
5.45801784e-01+1.76227318e-02j
-3.32159084e-02-1.89225638e-02j
-7.61026289e-01+2.45564246e-03j
-9.05243465e-01-4.87235819e-03j
-3.77542063e-01-4.05978564e-03j
3.45708399e-01+2.67487345e-02j
5.61836937e-01+1.21533786e-02j
1.17279529e-02+9.62390587e-03j
-7.09400858e-01+2.79802978e-02j
-9.34530800e-01+3.04076549e-02j
-4.17839759e-01+1.30688281e-02j
2.96635809e-01-1.20183353e-02j
5.67394482e-01+1.35923322e-02j
5.67259497e-02-1.22260285e-02j
-7.07072618e-01+6.17493279e-03j
-9.40950449e-01-5.67607202e-03j
-4.59405664e-01+1.38666008e-02j
2.89564135e-01+5.74220579e-03j
5.77500959e-01-2.41865249e-02j
8.07657662e-02-2.79934376e-03j
-6.55979719e-01-1.33363886e-02j
-9.48561728e-01-1.25645533e-02j
-5.27239566e-01-2.53325817e-04j
2.77902650e-01+2.91481831e-03j
5.78323747e-01-2.13847071e-02j
1.28187150e-01-8.59126975e-03j
-6.21146019e-01+1.42765855e-02j
-9.39274679e-01+8.60110352e-04j
-5.28502520e-01+3.13543950e-02j
2.20299571e-01+5.12912650e-04j
5.37535524e-01+8.66294788e-03j
1.97446947e-01-2.28801193e-02j
-5.93661924e-01+2.78449037e-02j
-9.70031750e-01-1.62128560e-02j
-6.16437342e-01-3.39061198e-02j
2.06573179e-01+2.93846988e-03j
5.62223721e-01+1.68413488e-04j
2.33967235e-01+2.68146175e-02j
-5.39115436e-01-1.17531912e-02j
-9.82843230e-01-5.72498112e-03j
-6.13041001e-01+1.34801044e-02j
1.22156229e-01+2.14586167e-02j
5.82777078e-01+4.64383116e-02j
2.63168586e-01-9.49544918e-04j
-5.05343101e-01+1.18156765e-02j
-9.59414729e-01+1.92617459e-02j
-6.68466124e-01-1.30242242e-02j
8.86489220e-02-1.92697501e-02j
5.83092244e-01+4.40759830e-03j
3.12530063e-01+2.23156585e-03j
-4.35251273e-01+7.25748964e-03j
-9.72737244e-01+3.89793711e-02j
-6.91027077e-01+4.19119893e-02j
4.05333171e-02-3.36737473e-02j
5.95394347e-01+3.19911712e-02j
3.39149083e-01-2.17634086e-02j
-4.12434055e-01+6.15012217e-03j
-9.47480702e-01+1.94712204e-02j
-7.06024482e-01-4.62550049e-02j
1.48551936e-02-8.58805345e-03j
5.79385694e-01-5.73351913e-03j
3.73749663e-01+1.01558685e-03j
-3.97839468e-01+3.54673614e-02j
-9.20471127e-01+1.30719000e-02j
-7.40175118e-01-7.59015748e-03j
-3.93856254e-02+2.32463446e-02j
5.47057355e-01+1.25464910e-02j
4.43721415e-01+1.30289545e-02j
-3.31018460e-01-3.07391114e-02j
-8.93404433e-01-7.44753490e-03j
-8.07694864e-01+1.30704784e-02j
-9.04520379e-02+3.15177430e-03j
5.23878337e-01-1.09667394e-02j
3.90241817e-01+2.27151086e-02j
-2.59509064e-01+3.53765564e-02j
-9.23832261e-01-1.72941766e-02j
-8.29975634e-01-1.06592949e-02j
-1.20630912e-01+9.18205445e-03j
5.08340083e-01-5.95279239e-03j
4.82084902e-01-1.63779629e-02j
-2.35378877e-01-3.23635351e-02j
-8.65825622e-01-1.89464498e-02j
-8.14789480e-01+1.81893715e-02j
-1.76713068e-01-1.95091349e-03j
4.99338443e-01+1.35068137e-03j
4.73138627e-01+4.59309209e-03j
-1.97523395e-01-8.76285893e-03j
-8.58167736e-01+1.06059531e-02j
-8.53616526e-01-2.74180949e-02j
-2.25103142e-01-5.75959079e-03j
4.74924776e-01-1.39536497e-02j
4.77695548e-01+3.08195999e-02j
-1.55987909e-01+5.29464405e-03j
-8.13628014e-01-2.00825672e-02j
-8.60934712e-01+6.03845712e-03j
-2.57662283e-01-1.93818822e-02j
4.48494366e-01-8.80993805e-03j
5.05902025e-01+2.29252837e-02j
-9.91714220e-02-5.44897107e-03j
-8.06642783e-01-4.73301986e-03j
-9.25917735e-01+4.41707260e-03j
-2.94462139e-01+7.82508222e-03j
3.93125236e-01+5.64077082e-03j
4.96075921e-01-2.75116608e-02j
-6.75047270e-02+3.58283549e-03j
-7.54210883e-01-4.38716569e-02j
-9.14665734e-01+1.06756838e-02j
-3.32163816e-01+1.01444601e-03j
3.64141591e-01+2.02161039e-04j
5.40792799e-01-1.58024247e-02j
3.19244672e-02+1.81049656e-02j
-7.19470685e-01-1.50942888e-03j
-9.50176288e-01-2.47897444e-02j
-4.11159300e-01-1.81715729e-02j
3.55272309e-01+9.75630591e-03j
5.63141526e-01-1.48483618e-02j
5.51524326e-02+1.38888861e-02j
-6.84548616e-01-3.32662103e-02j
-9.41451117e-01+1.23971542e-03j
-4.67245171e-01-9.72397341e-03j
3.18078365e-01-3.32510778e-03j
5.60097946e-01-9.12160818e-03j
8.44435283e-02-1.58376572e-02j
-6.48893326e-01+5.30904055e-03j
-9.51738923e-01+1.36917432e-02j
-4.88577511e-01-1.76877837e-03j
2.76999596e-01-1.12950737e-03j
5.83678474e-01-1.27966792e-02j
1.32509089e-01+3.22445077e-02j
-6.14969231e-01-7.95156971e-03j
-9.53724664e-01+1.45325947e-02j
-5.42398515e-01+3.06109747e-03j
2.51536686e-01+3.51893610e-02j
6.03787262e-01+2.32518095e-02j
1.67072044e-01-3.37148970e-03j
-5.75461665e-01+6.99276555e-03j
-9.59898217e-01+8.90557770e-03j
-5.47876060e-01+1.23649481e-02j
2.15891680e-01-2.67461389e-02j
5.74662292e-01+1.26852556e-02j
1.97839704e-01-1.85813983e-02j
-5.35891836e-01-4.23794465e-02j
-9.48085057e-01-2.45399821e-02j
-5.90303965e-01-4.54369388e-03j
1.55796750e-01-4.49589745e-02j
5.75830863e-01-1.56320680e-02j
2.51528009e-01+7.37833015e-04j
-5.33261799e-01-1.91497064e-02j
-9.64746340e-01-1.08006813e-02j
-6.56558540e-01-1.36222661e-02j
1.32334263e-01-4.94760231e-03j
5.62278910e-01-3.31081762e-03j
2.81595094e-01-1.61726586e-02j
-4.75018167e-01-3.39781099e-03j
-9.67437961e-01-2.31673364e-02j
-6.72714301e-01+3.53297046e-03j
4.26056821e-02-9.96974797e-03j
5.50820451e-01-1.40525774e-03j
3.51039862e-01+1.29041891e-02j
-4.45109974e-01-6.61171873e-03j
-9.35912032e-01+5.04699138e-02j
-7.10751481e-01+2.40338228e-03j
2.09438294e-02-2.04613551e-03j
5.77166763e-01+3.39978150e-04j
3.33938055e-01-5.77404235e-03j
-3.78867394e-01+3.49680110e-02j
-9.08647582e-01+1.44755300e-03j
-7.09100839e-01+3.75390793e-02j
-1.30326086e-02-1.36661310e-02j
5.56964220e-01+7.54484479e-03j
3.86147445e-01-2.94846639e-03j
-3.33282506e-01+9.47795535e-03j
-9.29754508e-01-1.19515811e-02j
-7.83895779e-01-3.20508332e-03j
-4.16411864e-02+2.52957832e-02j
5.33859056e-01-1.51929711e-02j
4.02511703e-01+3.50877980e-02j
-2.59259320e-01-3.69350017e-03j
-8.84175039e-01-7.76977063e-03j
-7.96660261e-01-1.58139446e-02j
-1.27190196e-01+5.90412432e-03j
5.29328004e-01+1.61084709e-02j
4.33287351e-01+1.93751178e-02j
-2.38695432e-01-1.45305447e-02j
-8.72405370e-01-1.85401697e-02j
-8.26886992e-01+4.54238310e-03j
-1.36069561e-01-1.36898151e-02j
4.77321803e-01+8.86294465e-03j
4.77337162e-01+6.20314825e-03j
-2.04658395e-01-1.37900652e-02j
-8.75452038e-01+6.25458469e-04j
-8.49299961e-01-3.52026296e-02j
-1.93874991e-01-2.04998147e-02j
4.45633614e-01-1.07735371e-02j
4.65615778e-01-2.42222404e-02j
-1.47386192e-01-5.29998947e-03j
-8.31011789e-01+5.14416616e-02j
-8.96112468e-01+2.18472388e-02j
-2.31595912e-01-1.35904333e-02j
4.29462036e-01-1.68590785e-04j
4.87465492e-01+6.57895297e-03j
-1.19490679e-01-2.65538113e-03j
-8.14237060e-01-2.13384476e-02j
-9.03782745e-01-2.66604500e-02j
-2.91430839e-01-5.29342778e-02j
4.47206431e-01-1.52642603e-02j
5.09640632e-01+1.56773861e-02j
-4.65921733e-02-1.91986289e-02j
-7.90115650e-01+1.22528374e-02j
-9.21145430e-01-5.75895392e-03j
-3.10770597e-01+7.24171432e-03j
3.83296162e-01+5.82667271e-03j
5.42545585e-01-6.58566275e-03j
-3.60306885e-02-1.36528490e-02j
-7.33879116e-01+1.66836504e-02j
-9.22290344e-01-2.04635935e-02j
-3.93305523e-01-1.85076171e-02j
3.56059056e-01+2.49087694e-02j
5.53853828e-01-1.66569739e-02j
1.14725824e-02+1.74721366e-02j
-7.30038253e-01+6.52507983e-03j
-9.20887835e-01-3.44664895e-02j
-4.33207203e-01-1.55161035e-02j
3.03367020e-01-1.45765965e-02j
5.39536775e-01+4.42853107e-03j
5.73414361e-02-1.39639149e-02j
-6.92522284e-01-1.65219766e-02j
-9.20194433e-01-1.60462589e-02j
-4.65597683e-01-1.00336383e-02j
2.88695186e-01-1.14369691e-03j
5.92860109e-01+2.03937218e-02j
1.13982540e-01+3.70548190e-03j
-6.45286789e-01-1.38857967e-02j
-9.21655015e-01+2.41912666e-02j
-5.25394304e-01-6.51321279e-03j
2.69101151e-01-6.39791574e-03j
5.59954704e-01+1.63719243e-04j
1.48297839e-01-2.67708703e-03j
-6.17982215e-01+6.18409630e-02j
-9.58352140e-01+7.12666684e-03j
-5.44643656e-01+1.07138293e-02j
2.00049650e-01+2.15196826e-02j
5.84103899e-01-2.17147006e-02j
2.06907440e-01-2.31561672e-04j
-5.77530345e-01+1.60151096e-03j
-9.73876407e-01-1.69129208e-02j
-5.64086861e-01-4.30460404e-03j
1.91377181e-01+7.27954648e-03j
5.85629338e-01-4.39745734e-04j
2.28192592e-01-1.75226755e-02j
-5.43163654e-01-5.51517509e-03j
-9.52157622e-01+8.71946498e-03j
-6.59070268e-01-2.56184749e-03j
1.34645516e-01-9.50537364e-03j
5.92482318e-01-3.28397651e-02j
2.89534723e-01-1.25034288e-02j
-4.99883219e-01-4.70608086e-02j
-9.57357822e-01+1.37509876e-02j
-6.56135923e-01-1.17177811e-02j
8.74829203e-02+7.71105039e-03j
5.72173523e-01-1.28858409e-02j
3.04081866e-01-6.62711186e-03j
-4.31745957e-01+1.19189892e-02j
-9.33322594e-01-5.74884048e-03j
-7.10136467e-01+3.16127319e-02j
4.57942834e-02+9.14970011e-03j
5.40224548e-01+3.78542750e-03j
3.35226638e-01+2.14602778e-03j
-4.32984709e-01-5.09136651e-02j
-9.24308515e-01+2.81335545e-02j
-7.20396840e-01-4.19300377e-02j
1.18945707e-03+7.76719152e-03j
5.59838458e-01+1.65951474e-02j
3.46138526e-01-2.41537235e-02j
-3.62931142e-01+5.56859097e-03j
-9.28754828e-01-2.65924360e-03j
-7.47267282e-01-1.92139405e-02j
1.06157133e-02-1.45717875e-02j
5.16562585e-01+3.62704769e-03j
4.17270259e-01-1.21664063e-02j
-3.15763957e-01+2.47409645e-02j
-9.06933049e-01-1.29682709e-02j
-7.87856165e-01+2.45537129e-03j
-9.48087114e-02+1.70935368e-02j
5.37458528e-01-1.08872892e-02j
4.24438119e-01-1.51275042e-03j
-2.72611204e-01+4.36909689e-04j
-9.37536045e-01-6.87416777e-03j
-8.47091038e-01-9.00560381e-03j
-1.11149450e-01+1.51383781e-02j
5.30377878e-01+9.53631857e-03j
4.64143131e-01-1.32464015e-02j
-2.06848259e-01-1.60947509e-02j
-8.78646117e-01-3.13415807e-02j
-8.13824675e-01-1.65097871e-02j
-1.69068912e-01+1.39639800e-02j
4.31957709e-01+1.66992746e-02j
4.91796680e-01+2.04338045e-02j
-1.73066964e-01-1.69533890e-03j
-8.23296526e-01-2.48376267e-02j
-8.73993611e-01-2.55522251e-02j
-2.47066226e-01+1.25461110e-02j
4.57501166e-01+9.84448047e-03j
5.14728169e-01+1.27348206e-02j
-1.57213233e-01+2.27013828e-02j
-8.25918335e-01-4.93370987e-03j
-9.03350387e-01+1.12207435e-02j
-2.51134595e-01+9.15784359e-03j
4.42485813e-01-2.27760170e-02j
5.14925051e-01+1.65943984e-03j
-9.10423796e-02+1.70415446e-02j
-7.92152840e-01+2.91025087e-02j
-8.90023870e-01-2.46770638e-02j
-3.03207901e-01+2.28074678e-02j
3.94029175e-01-2.78837453e-02j
5.38495879e-01+1.44412791e-02j
-3.26801597e-02-3.16989282e-02j
-7.49640307e-01+1.06669767e-02j
-9.14309198e-01-1.65459864e-02j
-3.85686729e-01+1.69554015e-02j
3.42796471e-01+2.82455057e-02j
4.88919193e-01-5.92523048e-03j
-6.87063607e-04+1.91398536e-02j
-7.24458225e-01-1.70539031e-02j
-9.18036106e-01+2.10304611e-02j
-4.03365819e-01-3.80970151e-02j
3.36745507e-01-3.56945365e-02j
5.66286493e-01-1.97358402e-03j
4.47131999e-02-1.30476484e-03j
-7.25569075e-01+3.17627753e-03j
-9.24898068e-01-9.67508900e-03j
-4.05831890e-01+3.77598661e-03j
2.96260480e-01+1.99514965e-02j
5.55366733e-01-9.59762201e-03j
9.95625506e-02-1.28247221e-02j
-6.50290205e-01-7.61502234e-03j
-9.33594394e-01-2.23017297e-02j
-4.94188464e-01+1.84942025e-03j
2.58027325e-01-1.39971882e-02j
5.69731765e-01-1.38882404e-02j
1.32589477e-01-2.25400862e-03j
-6.06437848e-01+2.20590333e-02j
-9.44664427e-01+1.82808756e-02j
-5.03301610e-01+4.17498457e-03j
2.33674860e-01-3.32470940e-03j
5.77218020e-01+1.60380874e-02j
1.81596744e-01-2.50949642e-03j
-5.89316276e-01+4.15121462e-03j
-9.43920345e-01-6.32648849e-04j
-5.58699637e-01-1.34587405e-02j
1.94831467e-01+4.10173563e-03j
5.65187887e-01-3.87608295e-02j
2.26344237e-01-1.10598861e-02j
-5.60262818e-01-1.32964300e-02j
-9.61141451e-01-2.90059809e-03j
-6.34876789e-01-1.47219260e-02j
1.53307650e-01+9.29567230e-03j
5.62473508e-01-4.00770008e-03j
2.66658507e-01-2.07084804e-02j
-5.02354633e-01+1.41031722e-02j
-9.57978107e-01-1.33906359e-02j
-6.39110122e-01-1.74798545e-02j
1.38062929e-01-9.24634651e-03j
5.36294438e-01+1.69553827e-02j
3.08041166e-01-1.40230878e-03j
-4.77852890e-01-2.19475926e-03j
-9.31377799e-01-6.63813001e-03j
-7.01746196e-01-1.16806599e-02j
7.11674281e-02-8.88213515e-03j
5.81877221e-01-1.13414447e-02j
3.27499596e-01+6.26239509e-03j
-4.10403548e-01-1.77364373e-02j
-9.28725867e-01-7.48106268e-03j
-7.24762176e-01+7.00940540e-03j
-1.60884115e-02-4.66260065e-03j
5.57514138e-01+1.88211339e-02j
3.49536899e-01+5.22498069e-03j
-3.42738778e-01+1.52218533e-02j
-9.29954819e-01-1.91699531e-02j
-7.83920927e-01+5.53421087e-03j
-1.53013106e-02-7.34633046e-03j
5.20699483e-01+3.42047171e-03j
3.92980375e-01-1.61786107e-02j
-3.37847562e-01-2.16426600e-02j
-9.17429466e-01-4.18795287e-02j
-7.98125565e-01+2.37101846e-03j
-5.52351550e-02-1.16659837e-02j
5.41285260e-01+1.78510273e-02j
4.27246716e-01+8.38608169e-03j
-2.92893473e-01+1.69344321e-02j
-8.77592754e-01-1.25521415e-02j
-7.80824277e-01+1.05864504e-03j
-1.05664058e-01-1.34808605e-02j
5.15264023e-01-1.19334991e-02j
4.42197066e-01-9.12906181e-03j
-2.41813355e-01+5.81635019e-03j
-8.73460322e-01-1.68510037e-02j
-8.83088803e-01-4.66532985e-03j
-1.28822767e-01-7.44163270e-03j
4.85466708e-01+9.09088691e-03j
4.89883794e-01+9.74454459e-03j
-2.12096568e-01+8.49563959e-03j
-8.64119133e-01+1.55041967e-02j
-8.81624921e-01+2.20099831e-02j
-1.89053480e-01-3.02531662e-02j
4.85786550e-01-8.03978777e-03j
4.75964136e-01-3.15226869e-02j
-1.63496560e-01+2.24669042e-02j
-8.26497508e-01-1.87061538e-02j
-8.87085341e-01+6.65483637e-03j
-2.59390223e-01+1.62644922e-02j
4.27077197e-01-1.33353543e-02j
5.20688533e-01-5.50670647e-03j
-7.30013337e-02+1.81693270e-02j
-8.14914192e-01-2.54128636e-03j
-9.13423668e-01-1.45279578e-02j
-3.02895317e-01+1.73192505e-02j
4.13373691e-01-7.61511536e-03j
5.26935474e-01+3.47289402e-02j
-6.32446780e-02+8.26390167e-04j
-7.97136585e-01+1.84210838e-02j
-8.87678271e-01-3.93091841e-03j
-3.24497577e-01+9.04477767e-03j
3.81481666e-01-3.68095123e-02j
5.53122160e-01-1.02884549e-02j
-9.83642415e-03-6.62771508e-03j
-7.51689576e-01+1.68127261e-03j
-9.30986212e-01-3.48045767e-02j
-3.96885185e-01-1.92286451e-03j
3.68489681e-01-7.67282530e-03j
5.55872275e-01+4.08127867e-03j
2.20388049e-02+1.58472563e-02j
-7.29028519e-01-8.80774939e-03j
-9.22312921e-01-1.81202372e-02j
-4.13958245e-01+3.29308092e-03j
2.90759343e-01-1.99311046e-02j
5.93790216e-01-1.01231886e-02j
5.50716106e-02-1.05889364e-02j
-7.05313768e-01-1.89831707e-02j
-9.58314043e-01-1.26261888e-02j
-5.13794518e-01-7.21260219e-03j
2.43794867e-01+3.92913532e-02j
5.82618003e-01+1.80397633e-02j
7.52386793e-02+8.45990162e-03j
-6.41794977e-01+1.35698004e-02j
-9.47882575e-01-1.80298178e-02j
-5.31127061e-01-3.11774764e-02j
2.28717075e-01+2.00991586e-02j
6.05768231e-01-3.57754400e-02j
1.64327120e-01-1.90365136e-02j
-5.77862530e-01-8.56054076e-03j
-9.61949615e-01-2.36352388e-02j
-5.63977404e-01-1.86605459e-02j
2.10192944e-01+3.05601638e-03j
5.80727624e-01-1.83356020e-03j
2.25199356e-01+9.27503980e-03j
-5.48740152e-01+1.11068502e-02j
-9.27564235e-01+2.83845071e-02j
-5.81777780e-01-2.74881850e-02j
1.57851744e-01-8.70661767e-04j
6.13472983e-01-2.46411847e-02j
2.31342690e-01-2.06682118e-02j
-5.00507265e-01+3.57994116e-02j
-9.31993091e-01+1.92378614e-02j
-6.41253180e-01+5.03342095e-03j
1.11348900e-01-2.20031776e-03j
5.84096496e-01-1.50077976e-02j
2.76089268e-01+1.29279309e-02j
-4.92163763e-01+2.58055595e-02j
-9.11281399e-01-1.39809626e-02j
-7.04258838e-01-6.77070821e-03j
6.68433953e-02+1.35757048e-02j
6.01133594e-01+1.57363231e-02j
3.48106967e-01+9.22999463e-03j
-4.32674883e-01-3.01858017e-03j
-9.51628615e-01+1.46592536e-03j
-6.79793252e-01-1.03388938e-02j
1.69547712e-02-2.31641186e-02j
5.51502018e-01+1.10370157e-02j
3.59696874e-01-1.85511910e-03j
-3.70499736e-01+1.27808665e-02j
-9.45028591e-01-3.85064667e-02j
-7.49823587e-01+2.97000649e-02j
1.74054124e-02+5.39437931e-03j
5.67461206e-01+1.18101284e-02j
3.85410181e-01-3.76027231e-02j
-3.44642499e-01-4.06782817e-02j
-9.03441616e-01+1.32008856e-02j
-7.81345951e-01+2.14215943e-02j
-4.34877728e-02-2.81477691e-02j
5.18751591e-01-1.56500789e-02j
4.25082537e-01+3.52159948e-02j
-3.00313719e-01+1.55740184e-04j
-9.07868365e-01-1.54123241e-02j
-8.05744899e-01-1.04952376e-02j
-7.37774975e-02-1.49185820e-02j
5.28895386e-01-9.29809318e-03j
4.46979101e-01-2.00715594e-02j
-2.89659481e-01+1.83018731e-02j
-8.92593481e-01+1.95821950e-03j
-7.98176270e-01+1.30788498e-02j
-1.41743364e-01+4.25653555e-03j
4.77194521e-01+1.08715210e-02j
4.58281236e-01+1.69261189e-02j
-2.16563368e-01-3.05720448e-02j
-8.50663762e-01-8.65965205e-03j
-8.21021089e-01-9.63503173e-03j
-2.05446843e-01+2.61678831e-02j
4.78676460e-01+3.71083042e-03j
5.16637674e-01-5.53765574e-03j
-1.61880022e-01+8.40199723e-03j
-8.52906590e-01-4.36777812e-04j
-8.66984685e-01+4.32321920e-03j
-2.35064823e-01-5.81558935e-03j
4.61289863e-01-8.38249537e-03j
4.99300135e-01+1.56487152e-02j
-1.30406279e-01-1.53073979e-02j
-8.21379529e-01+2.36797788e-02j
-8.89388430e-01+2.76483390e-02j
-2.70982589e-01-2.74095586e-02j
4.24143484e-01+4.12611972e-03j
5.11251656e-01-1.94498670e-02j
-5.67370082e-02-1.20684943e-02j
-7.78255345e-01-7.12625352e-03j
-8.92415688e-01-7.60350881e-03j
-3.00016806e-01-8.28977310e-04j
4.18278580e-01+1.31262365e-03j
5.62244063e-01-2.03105847e-03j
-2.05453804e-02-3.67924737e-03j
-7.52058505e-01+9.24695184e-03j
-9.03820569e-01+1.06767498e-02j
-4.16591624e-01+1.83878402e-02j
3.56320498e-01-5.07784653e-03j
5.68492066e-01-1.70031870e-02j
-3.09038371e-03-6.69017526e-03j
-7.17155269e-01-3.69331159e-02j
-9.14317974e-01+1.37620341e-02j
-4.29246621e-01-1.34741607e-02j
3.38903367e-01+1.35279497e-02j
5.49907409e-01-2.29455758e-02j
4.48268956e-02-7.46847430e-03j
-6.96775863e-01-4.74227832e-02j
-9.56922092e-01+2.26458812e-02j
-4.49797373e-01+1.43522689e-02j
2.71348558e-01+2.36264670e-02j
5.87807496e-01-1.84357355e-02j
9.54138923e-02+6.50240452e-03j
-6.50783114e-01+1.84900188e-02j
-9.72686037e-01-2.99225244e-04j
-5.16076352e-01+8.40478555e-03j
2.71298991e-01+3.16420551e-02j
5.92584200e-01-1.75901646e-02j
1.46965294e-01+7.45357230e-03j
-6.08704396e-01-2.76819227e-02j
-9.85060542e-01+3.11462932e-02j
-5.57912284e-01-3.04806962e-02j
2.21464509e-01-6.50346446e-03j
5.90835007e-01+1.59121957e-02j
1.78400383e-01-3.98097997e-03j
-5.79223945e-01-1.11390138e-02j
-9.83447079e-01-8.30686805e-04j
-5.91049667e-01+3.33211423e-02j
1.84276179e-01+2.51035212e-02j
5.79028652e-01-1.30989435e-02j
2.33542082e-01+1.13759974e-02j
-5.09846159e-01-1.33109453e-02j
-9.72452092e-01+5.98178497e-03j
-5.96328507e-01+5.81865544e-02j
1.17452091e-01+3.15441475e-02j
5.72658869e-01+2.43026671e-02j
2.27943527e-01+2.23720301e-02j
-4.94509650e-01+6.32292176e-03j
-9.40381785e-01-3.94796921e-03j
-6.41780919e-01+2.07199824e-03j
1.19089600e-01+2.49908356e-02j
6.00351431e-01-6.65251968e-03j
2.92372391e-01+1.07784544e-02j
-4.47181761e-01+1.21428002e-02j
-9.30110081e-01-2.87196826e-03j
-6.95719334e-01+2.81861020e-02j
4.93549151e-02+5.53655882e-02j
5.67846477e-01-5.74744943e-03j
3.46503723e-01+5.15437617e-02j
-3.96940977e-01-2.01958489e-02j
-9.45285336e-01+6.58750619e-03j
-7.05148950e-01+6.98727719e-03j
-8.74893507e-03-1.26058238e-02j
5.63904471e-01+1.55351890e-02j
3.82823648e-01+2.53331469e-02j
-3.66502154e-01+2.05889250e-02j
-9.30554808e-01-6.65960499e-03j
-7.73331860e-01-5.54207369e-03j
-3.68468287e-02-3.14300125e-02j
5.20214229e-01+1.31296664e-03j
4.09670954e-01+1.51747256e-02j
-2.96931205e-01+1.27108952e-02j
-8.98439493e-01-6.44542833e-03j
-8.00869380e-01-1.13870239e-02j
-9.50755253e-02+2.31652766e-03j
5.31129711e-01+1.00350505e-02j
4.40548142e-01-2.15624730e-02j
-3.00262863e-01-3.96107610e-03j
-9.22155263e-01+3.51771833e-03j
-8.32474382e-01+7.44654072e-03j
-1.18229059e-01+2.90375585e-03j
5.08610313e-01-3.09296142e-02j
4.60395873e-01-1.58156745e-02j
-2.37278349e-01-2.23996072e-02j
-8.78941051e-01+1.31391356e-02j
-8.52605105e-01+4.44786896e-03j
-1.60534645e-01+5.71531565e-03j
4.83938812e-01+4.46202711e-02j
4.81996537e-01+1.12027009e-02j
-1.86447452e-01+1.95727574e-03j
-8.71874839e-01+9.01893485e-03j
-8.66838022e-01+2.14990487e-02j
-2.24822746e-01-2.74402321e-02j
4.78158883e-01+4.99184147e-03j
4.97724192e-01-1.54557058e-02j
-1.27606552e-01+2.11049527e-02j
-8.38101755e-01+1.18354898e-02j
-8.88883029e-01-2.43426681e-02j
-2.70142692e-01-1.56544213e-03j
4.29528424e-01+1.62439768e-02j
5.23921564e-01-7.61884216e-03j
-8.46525731e-02+1.27954764e-02j
-7.92141901e-01+4.45085602e-03j
-9.40876669e-01+8.98978188e-03j
-3.17438276e-01+2.77948011e-02j
4.08877335e-01+8.52930170e-03j
5.48217776e-01-1.35963904e-03j
-4.97934123e-02+1.40538459e-02j
-7.86797460e-01+2.24116014e-02j
-9.08713200e-01-3.07534226e-02j
-3.39212790e-01-5.09952082e-03j
3.88738398e-01+6.73854881e-03j
5.43574074e-01+3.26636984e-03j
-4.25668910e-03+6.43536867e-03j
-6.90960198e-01+4.76037368e-03j
-9.63278179e-01-7.06746072e-03j
-3.89848655e-01-1.58624002e-02j
3.48307080e-01-1.10516651e-02j
5.87482934e-01+7.35689065e-03j
3.80452836e-02+1.94199459e-03j
-7.45806601e-01+5.70749613e-03j
-9.59360458e-01+3.34869899e-02j
-4.30454142e-01-8.81978041e-03j
3.27517711e-01+9.26726704e-05j
5.78258304e-01-1.74709306e-02j
9.74070339e-02-2.64213268e-02j
-6.63086854e-01+1.62281616e-02j
-9.29335741e-01+2.23041437e-02j
-4.49897997e-01+1.49059461e-02j
2.80457587e-01-1.60223616e-02j
5.70402464e-01-1.57710536e-02j
1.18459912e-01+1.40854072e-02j
-6.55917694e-01+1.83916387e-02j
-9.26292566e-01+1.39729594e-02j
-5.59812410e-01+7.32221864e-03j
2.25607988e-01+2.03541854e-02j
5.75167282e-01+5.12059586e-03j
1.50903611e-01+1.05249365e-02j
-6.01664253e-01+9.95052358e-03j
-9.70806523e-01+7.60669206e-03j
-5.61675582e-01-1.19875042e-02j
1.77175934e-01+2.12725093e-02j
5.82198790e-01-4.59243337e-03j
2.06219815e-01+1.72249355e-02j
-5.86165327e-01-4.26591885e-03j
-9.85667942e-01-2.46782612e-02j
-5.96385252e-01-3.29033088e-04j
1.44537596e-01+2.62938800e-02j
5.75464167e-01+1.24216676e-03j
2.47360009e-01-1.05511792e-03j
-5.43917170e-01-6.44798986e-03j
-9.64682209e-01-1.20507922e-02j
-6.61788579e-01-9.11076709e-03j
9.74939589e-02-3.28739284e-03j
5.97828047e-01+2.55847193e-02j
2.73418342e-01+3.52680761e-02j
-4.77013167e-01-8.34179326e-03j
-9.74856480e-01+1.02361378e-02j
-6.94709944e-01-3.22157077e-04j
7.79758867e-02-1.85297737e-02j
5.30047620e-01+6.64014852e-03j
3.07696088e-01+3.85811078e-02j
-4.35108712e-01-5.43111747e-03j
-9.34757937e-01+1.59578238e-02j
-7.04963107e-01+2.33203821e-03j
2.27402512e-02-1.46717943e-02j
5.57962009e-01+2.95384874e-02j
3.77567285e-01+1.45782572e-03j
-3.88825776e-01+3.29609051e-02j
-9.34248381e-01-1.70686946e-02j
-7.33855265e-01-1.56782928e-03j
-2.70335686e-02-3.33932361e-04j
5.35370873e-01+1.93944600e-02j
3.92572228e-01+1.96276397e-02j
-3.42686582e-01+5.02621771e-02j
-8.95042080e-01+1.21596583e-02j
-7.88846897e-01+1.51717042e-03j
-3.48971579e-02-2.29533040e-02j
5.38573367e-01+1.98945129e-02j
4.16308428e-01+3.80369301e-02j
-2.65117138e-01+1.00905640e-02j
-8.99945528e-01+1.09465075e-02j
-8.11422403e-01+6.26611618e-03j
-1.08786492e-01+3.96728404e-03j
5.24808253e-01+1.19799513e-02j
4.15172745e-01-2.22586432e-02j
-2.55586047e-01+6.79802307e-03j
-8.56362794e-01-4.09818962e-03j
-8.24931201e-01-1.18264490e-02j
-1.68820234e-01-1.19824157e-02j
5.06027748e-01-2.58872313e-02j
4.89211690e-01-1.12062219e-02j
-2.22797214e-01+3.52784820e-02j
-8.73692768e-01-1.37896126e-02j
-8.76802319e-01-1.23008104e-02j
-1.85844235e-01+3.31621464e-03j
4.49400459e-01-1.40601086e-03j
4.80894998e-01-6.91367856e-03j
-1.55768574e-01-1.61715486e-02j
-8.32647697e-01-3.16336446e-02j
-8.86799591e-01+7.14494868e-03j
-2.45353234e-01+5.09766060e-04j
4.11723388e-01+9.63948323e-04j
4.87052103e-01+8.21490414e-03j
-1.09753533e-01+6.08544519e-03j
-8.39226803e-01+6.41918787e-03j
-8.89442937e-01-2.48052238e-03j
-2.73661887e-01+1.76642286e-02j
4.21457457e-01-1.33433530e-02j
5.05787790e-01+6.86842478e-03j
-5.14281351e-02-8.64498102e-03j
-8.44679627e-01-1.02742785e-02j
-9.11062737e-01+1.92148770e-02j
-3.34799441e-01+1.09740349e-02j
3.83043583e-01-1.06592451e-02j
5.25951108e-01-5.32390009e-04j
-3.77753073e-02+6.75544979e-03j
-7.60530318e-01+3.07649164e-03j
-9.14857780e-01+3.77530018e-03j
-3.77876562e-01-5.72084442e-03j
3.72289856e-01+3.31444731e-02j
5.48446037e-01-1.70808981e-02j
2.43703989e-02+1.70589923e-02j
-7.04334332e-01+4.73191874e-03j
-9.77942681e-01-3.39005175e-02j
-4.28283287e-01+1.44319433e-02j
3.44509576e-01-2.51920340e-02j
5.56849268e-01+2.68957638e-02j
7.16597785e-02+3.64854787e-02j
-6.75718366e-01-1.23349224e-02j
-9.54919563e-01+2.22225210e-03j
-5.08361592e-01+8.38941966e-04j
2.69238249e-01-3.46220966e-02j
5.39865981e-01-2.03577490e-02j
9.81184026e-02-5.24970339e-03j
-6.72493341e-01-3.17088936e-02j
-9.47479670e-01-4.14211941e-03j
-5.41649299e-01+3.09815673e-03j
2.44247651e-01-5.13918258e-03j
5.56051058e-01-5.11199874e-03j
1.55791197e-01+2.04453138e-02j
-6.39701848e-01-6.49358933e-03j
-9.63408147e-01-6.46468449e-03j
-5.68272837e-01+7.09559687e-03j
1.86107035e-01+3.78514855e-02j
5.86855570e-01-1.77709457e-02j
2.01105438e-01+2.39214009e-02j
-5.71848257e-01+4.15500061e-02j
-9.43387465e-01+1.93750094e-02j
-5.62011873e-01+3.59025905e-02j
1.46676600e-01-1.67499093e-02j
5.61526942e-01-2.20087549e-02j
2.48552110e-01-2.32509417e-02j
-5.52980375e-01-1.47582511e-02j
-9.47338094e-01-2.98075566e-02j
-6.41491985e-01+9.51996456e-03j
1.48244258e-01-3.42406509e-02j
5.90062542e-01-7.78499456e-03j
2.76989864e-01+8.11578090e-03j
-4.80731967e-01+7.09447893e-03j
-9.47143354e-01-6.16600992e-03j
-6.47378787e-01+4.49371181e-03j
6.98354141e-02-2.49257374e-02j
5.59756898e-01+3.64002087e-03j
2.70879101e-01+1.88564873e-03j
-4.20029291e-01-1.60259440e-02j
-9.21726297e-01+1.03842001e-02j
-6.95074012e-01+2.75090618e-02j
5.13378723e-02-3.36204709e-02j
5.68834345e-01+2.83906182e-03j
3.29432095e-01-3.54218494e-03j
-3.90683308e-01-5.08497835e-03j
-9.48530139e-01+1.02812821e-02j
-7.51038603e-01-3.65964267e-03j
-2.79826383e-03-1.21638919e-02j
5.55700375e-01-9.13382081e-04j
3.71467156e-01-1.45546966e-02j
-3.28310335e-01-2.95901896e-02j
-9.45137078e-01-2.91020582e-02j
-7.40741255e-01-8.61158170e-03j
-7.21197020e-02-3.92615914e-02j
5.43384680e-01-1.57737617e-02j
4.01897341e-01-1.69692700e-02j
-3.06631933e-01+3.81549703e-03j
-9.25428660e-01+9.50406036e-03j
-7.93620899e-01+8.16980134e-03j
-1.01670369e-01+2.54637175e-02j
4.77901502e-01-1.70217842e-03j
4.28746946e-01-1.31397962e-02j
-2.89006904e-01+1.00583112e-02j
-8.90378395e-01+4.31080874e-02j
-8.53136253e-01+1.75280295e-02j
-1.40739538e-01-2.05813754e-02j
4.82459642e-01+2.98814769e-02j
4.54654733e-01+1.37877833e-02j
-2.38101945e-01-5.09977404e-03j
-8.64552283e-01+9.97918515e-03j
-8.25299110e-01-1.27568068e-02j
-1.92300917e-01-5.17262971e-03j
4.46622865e-01-1.24152758e-02j
4.93165856e-01-1.24330080e-02j
-2.09997189e-01+7.92156693e-03j
-8.25765217e-01+3.00763994e-02j
-8.71516537e-01-5.18230020e-02j
-2.43926287e-01+1.61965844e-02j
4.72928541e-01+1.16753539e-03j
4.99554024e-01+4.21618364e-03j
-1.42282773e-01-1.83408971e-02j
-8.38179408e-01-2.45844004e-03j
-9.12795002e-01+4.18829199e-02j
-2.80271163e-01+3.02908088e-02j
4.51003283e-01+2.11497717e-02j
5.38494471e-01-1.22495417e-02j
-9.27733125e-02-8.97931242e-03j
-8.12030187e-01-1.27780665e-02j
-9.12661996e-01+3.70106172e-02j
-3.55720483e-01+8.88663759e-03j
4.01568045e-01-1.94953725e-03j
5.67218725e-01-3.02909463e-02j
-6.42303596e-02+1.08213093e-03j
-7.88015798e-01+1.06516977e-02j
-9.43185232e-01+6.51439143e-03j
-3.77498072e-01+3.02265984e-02j
4.06796164e-01+2.04386908e-02j
5.56434236e-01+1.30076095e-02j
1.80985456e-02-6.45986372e-03j
-6.91648228e-01-6.04422061e-03j
-9.48105850e-01+4.55122813e-03j
-4.18824226e-01+2.78467827e-02j
3.00437419e-01-1.31853224e-02j
5.68465696e-01+2.54267469e-02j
3.68959746e-02-1.04269310e-03j
-7.23562917e-01-1.62308638e-02j
-9.75489749e-01+7.42997262e-03j
-4.39628443e-01+1.19865204e-02j
2.81710052e-01-5.87234859e-03j
5.89555302e-01-2.14492165e-02j
9.07989102e-02-8.36238229e-03j
-6.67361210e-01-5.05196080e-03j
-9.22579143e-01-3.12293316e-02j
-4.80716799e-01+2.33298840e-02j
2.52648361e-01+4.80828501e-04j
5.74740666e-01+3.05770804e-02j
1.20070102e-01-1.82746856e-02j
-6.41537471e-01+6.38147314e-03j
-9.48340510e-01-1.53735345e-02j
-5.33698857e-01+2.27736444e-02j
1.91408012e-01+6.28587804e-03j
5.81345038e-01+8.01529578e-03j
1.78108226e-01-2.74875871e-02j
-5.78114243e-01-4.52565263e-03j
-9.36625175e-01+1.51547130e-02j
-5.59838837e-01+1.90843897e-02j
1.89545321e-01-2.42493375e-02j
5.94050279e-01-8.66912578e-03j
2.16690542e-01+6.19738957e-03j
-5.48251434e-01+3.03260973e-03j
-9.63279832e-01-1.02739196e-02j
-6.43344598e-01+1.58246403e-02j
1.66581106e-01-5.03078353e-04j
5.63459485e-01+1.70913591e-02j
2.18497021e-01+6.15717255e-03j
-5.20597795e-01+8.11313543e-03j
-9.66524336e-01-1.05306360e-02j
-6.59351917e-01+1.22452171e-02j
1.31942567e-01+3.37963599e-02j
5.37937050e-01-1.35321122e-02j
2.85846112e-01-3.82243407e-03j
-4.54470355e-01+1.48611294e-02j
-9.49552226e-01-1.36932193e-02j
-6.85465837e-01+9.44863929e-03j
4.29458102e-02-3.16648458e-02j
5.52083499e-01+2.10283481e-02j
2.98356768e-01-1.46033258e-02j
-4.36903181e-01-4.18398731e-03j
-9.64114622e-01-3.94104986e-03j
-7.24988989e-01-3.87420129e-03j
-3.24865535e-03-1.97895875e-02j
5.45225210e-01-1.77133199e-03j
3.59190304e-01-1.74702176e-02j
-3.67414978e-01+4.93399733e-02j
-9.15058710e-01+4.26285371e-02j
-7.64221312e-01-2.38915673e-02j
-2.85411090e-02-5.50933272e-03j
5.24584381e-01-4.55915746e-03j
3.51182572e-01-4.52794259e-03j
-3.43922624e-01-1.86698859e-02j
-8.96761295e-01-2.00673200e-02j
-7.60588811e-01-8.76846767e-03j
-7.22552896e-02+2.66207240e-02j
5.41332291e-01-4.06483096e-03j
4.18139288e-01+5.55424719e-03j
-2.76725166e-01-9.82851308e-03j
-8.88923259e-01+1.14845919e-02j
-8.20562138e-01+1.03941795e-02j
-9.98668480e-02-2.48698017e-03j
4.97884206e-01-3.53258903e-03j
4.64128831e-01-3.53889624e-03j
-2.66141653e-01-2.32161181e-03j
-8.75929941e-01+1.21770355e-02j
-8.59965704e-01-6.20233632e-03j
-1.62222104e-01+9.23275911e-03j
4.85852606e-01-9.20292912e-03j
4.50026847e-01+4.98322223e-02j
-1.94118644e-01-6.73906018e-03j
-8.99383512e-01-1.36748899e-02j
-8.83250287e-01+3.04839348e-03j
-1.92855526e-01-8.95497340e-03j
4.49995580e-01-4.43325944e-03j
4.88189291e-01-7.91587935e-03j
-1.49739432e-01+3.05886791e-02j
-8.18652266e-01-3.05762376e-02j
-8.92047916e-01-8.81910826e-03j
-2.76939738e-01+1.46583251e-02j
4.16606777e-01+8.85719346e-03j
5.33864461e-01-2.09959774e-02j
-1.18535432e-01-1.48326156e-02j
-7.82630871e-01+2.00593476e-02j
-9.22950626e-01-1.11189995e-02j
-3.07472368e-01+3.49458253e-04j
4.27699818e-01-3.20936632e-02j
5.29531422e-01+1.90110013e-02j
-4.76290657e-02-8.03132574e-03j
-7.74602671e-01+1.72146664e-02j
-9.39438746e-01-1.39065441e-02j
-3.10545791e-01+1.83282133e-02j
3.37098314e-01+3.60858823e-03j
5.47179396e-01-2.24417606e-03j
-1.84059971e-02+3.42928603e-02j
-7.37998982e-01-1.46227021e-02j
-9.41560733e-01+2.05394514e-02j
-3.98251938e-01+5.69647256e-05j
3.25836343e-01+1.22460411e-02j
5.73158096e-01+2.00277498e-02j
8.52051376e-02+2.48090993e-02j
-7.23181643e-01+2.68529314e-02j
-9.88704242e-01+1.55463983e-02j
-4.28135825e-01+1.25024434e-02j
3.05274771e-01-6.03172073e-03j
5.39174080e-01+2.27047904e-03j
6.65684164e-02+1.19060764e-02j
-6.65661475e-01-3.53671599e-02j
-9.52435249e-01-1.49319913e-03j
-4.62740794e-01+3.61902520e-02j
2.87851684e-01-3.08535033e-03j
6.05399357e-01-1.82975695e-02j
1.30862209e-01-1.43994301e-03j
-6.75237592e-01+6.68098482e-03j
-9.62681209e-01+1.75499980e-02j
-5.13706588e-01+7.16790928e-04j
2.39723753e-01+1.66509812e-02j
5.70639850e-01-9.53968293e-03j
1.52473663e-01-6.46472989e-03j
-5.85629105e-01-3.50402693e-02j
-9.50002676e-01-2.42812029e-03j
-5.53778688e-01+3.49451150e-03j
1.90748321e-01+1.35360904e-03j
5.87489307e-01+3.17507343e-03j
2.09193559e-01+5.22282937e-03j
-5.73537467e-01+1.14859441e-02j
-9.27153994e-01-4.15580261e-04j
-5.75964418e-01-2.01328163e-02j
1.57837041e-01+1.74493094e-02j
5.86446854e-01+1.91424190e-02j
2.47618880e-01+1.23132043e-02j
-5.05989699e-01-2.14185570e-02j
-9.37733670e-01-1.33710711e-02j
-6.19424717e-01-3.63164321e-03j
1.06978305e-01-6.24140992e-02j
5.67601981e-01-5.50910978e-04j
2.64279115e-01+2.31303496e-02j
-4.73065271e-01-2.34558037e-03j
-9.36343526e-01-1.12790558e-02j
-6.46853037e-01+2.30891826e-02j
7.35675921e-02+4.10594778e-02j
5.54353791e-01-2.54721164e-02j
3.02660207e-01+2.78067967e-04j
-4.36929424e-01-2.29844724e-02j
-9.34101846e-01+2.40619668e-02j
-7.04677235e-01-2.74032215e-02j
1.37834275e-02+6.33254139e-03j
5.50282878e-01+1.08262507e-02j
3.58797478e-01+1.33892903e-02j
-3.88272143e-01-2.33125986e-02j
-9.43631847e-01-1.07213190e-02j
-7.38323886e-01+3.68794767e-03j
-1.18657467e-02+1.41316562e-02j
5.48623472e-01-1.41112256e-03j
3.74273353e-01+1.23108217e-02j
-3.53289544e-01+5.08032526e-04j
-8.98296877e-01-2.70038762e-02j
-7.33650019e-01-1.68664069e-02j
-4.19372926e-02-5.00410937e-03j
5.38749870e-01-2.51803449e-03j
4.33832616e-01+1.65068542e-02j
-3.01779280e-01+2.70616653e-02j
-9.02782599e-01-1.05373896e-02j
-8.00207967e-01-1.11786277e-02j
-8.93263015e-02-2.43208176e-03j
5.18105016e-01+8.65744830e-03j
4.10804772e-01+1.52407382e-02j
-2.80238386e-01+4.01332140e-03j
-8.57431440e-01-1.44250555e-02j
-8.36085634e-01+1.67856608e-02j
-1.37023535e-01-1.69590308e-02j
4.66666903e-01-1.26641940e-02j
4.53464658e-01-1.24003466e-03j
-2.33609522e-01+5.54630964e-03j
-8.69660587e-01-5.62362140e-03j
-8.78272109e-01-2.83981109e-02j
-2.28357788e-01+2.38066903e-02j
4.90843337e-01+1.87614880e-02j
4.64901278e-01-2.36461145e-02j
-1.73374541e-01+1.40288608e-02j
-8.27979839e-01-1.15846018e-02j
-8.76759447e-01+1.75475722e-04j
-2.45065910e-01+1.24852010e-02j
4.59580780e-01-2.65822996e-02j
5.25078568e-01-1.26029603e-02j
-1.66452732e-01+8.77093723e-03j
-8.29743901e-01-3.41455570e-03j
-8.88019661e-01-1.03777849e-02j
-2.78756758e-01-2.97734458e-03j
3.92866616e-01-2.51626144e-02j
5.44269520e-01-2.73373945e-02j
-1.09424968e-01-6.97309747e-04j
-8.15159398e-01+5.79248760e-03j
-9.10724876e-01-4.20147514e-03j
-3.35257850e-01-1.79064849e-02j
3.98660449e-01+1.40282404e-02j
5.58181265e-01-1.17843765e-02j
-1.02561744e-02+1.46737323e-03j
-7.42802366e-01-2.15986882e-03j
-9.06836698e-01+1.70097354e-02j
-3.53598833e-01-5.48362289e-03j
3.52408948e-01+1.35759073e-03j
5.71361288e-01+1.21448362e-02j
2.56791283e-02+1.33813935e-02j
-7.25158520e-01-5.47216111e-03j
-9.45014933e-01+4.41938527e-03j
-4.14383249e-01+1.29363555e-02j
3.47794038e-01+2.94715481e-02j
5.62852768e-01+1.27805578e-02j
6.75687592e-02+2.93809590e-02j
-7.01776308e-01+1.15323882e-02j
-9.20054980e-01+4.48692957e-03j
-4.54360834e-01-3.74487473e-02j
3.13088102e-01+6.35211178e-03j
5.70544463e-01-2.11860813e-02j
1.51059161e-01-1.30181143e-03j
-6.46486413e-01+9.30005988e-03j
-9.38867244e-01+1.65201532e-02j
-5.16697130e-01-2.05767841e-02j
2.73072872e-01+1.43467475e-02j
5.81921518e-01-1.53620425e-02j
1.50241241e-01-3.38026983e-02j
-5.80883029e-01+5.22624656e-03j
-9.86560823e-01-2.57065999e-02j
-5.41141865e-01-1.76138929e-02j
2.08178976e-01+1.87546275e-02j
5.85372494e-01-3.25273725e-02j
2.27507773e-01-2.21317610e-03j
-5.89740239e-01+2.27244398e-02j
-9.53458629e-01-1.68560297e-02j
-5.92100082e-01+1.78708031e-02j
1.76409707e-01+1.24137092e-02j
5.90414620e-01+2.58040469e-02j
2.07531220e-01-7.13135402e-03j
-5.09000027e-01-2.16705094e-02j
-9.70732867e-01+2.70224265e-02j
-6.42809836e-01-1.94941370e-03j
1.35053593e-01+1.45566956e-02j
5.66963970e-01-1.91327032e-02j
2.79001634e-01-1.01620090e-02j
-4.78730582e-01-2.95815251e-02j
-9.72808832e-01-1.54642691e-02j
-6.65874877e-01+2.49390334e-02j
9.29373638e-02-2.07103235e-02j
5.42882966e-01-2.70334866e-02j
2.94375437e-01-3.70901193e-02j
-4.58985248e-01+5.86257028e-03j
-9.27245363e-01+8.30157774e-03j
-6.80187505e-01-2.64185418e-02j
5.83101517e-02+5.03727123e-03j
5.74841004e-01+1.67748846e-02j
3.21727677e-01+1.52402929e-02j
-4.26700776e-01-8.89303187e-03j
-9.48581263e-01+4.05153082e-02j
-7.25194839e-01+4.10866936e-02j
3.00885175e-02+5.49191529e-03j
5.36646058e-01-2.48547981e-02j
3.80059819e-01-2.01094448e-02j
-3.56934855e-01+3.82269143e-02j
-9.31938665e-01+8.24332246e-03j
-7.87070429e-01-2.63055973e-02j
-5.09495216e-02-8.76535274e-03j
5.52108306e-01+5.72943949e-03j
4.12741421e-01-8.36704954e-03j
-3.23392947e-01-2.36512283e-02j
-8.91808693e-01+4.49231602e-03j
-7.97498156e-01-3.70341621e-02j
-9.57569800e-02-3.34582462e-03j
5.18261768e-01-3.14205182e-03j
3.83594320e-01-3.35428648e-03j
-2.50301089e-01-1.87997761e-03j
-9.07673860e-01-9.35265349e-03j
-8.48989563e-01-1.96375450e-03j
-1.66944620e-01-4.41503661e-03j
4.79381295e-01+2.12337270e-02j
4.51885506e-01+1.08575728e-02j
-2.23316970e-01+1.00148978e-02j
-8.50075603e-01-2.02133852e-02j
-8.51252807e-01-1.09154688e-03j
-1.88697770e-01+1.75582359e-02j
4.78708374e-01+3.86638883e-03j
4.57869181e-01-1.66468919e-02j
-2.13235055e-01+4.86500138e-03j
-8.59255299e-01-2.43550002e-02j
-8.59692710e-01+6.20188607e-03j
-2.28971321e-01-2.10790294e-02j
4.56082740e-01+2.00365255e-03j
4.83407278e-01-1.30499110e-03j
-1.48344253e-01+7.43212156e-03j
-8.34788213e-01+3.23264881e-03j
-8.89515016e-01-1.81767723e-04j
-2.49224719e-01+8.21952474e-03j
4.46181716e-01-1.17669071e-02j
5.24991465e-01+5.39022260e-02j
-9.49451061e-02+5.54470487e-03j
-8.05971807e-01-4.17726498e-03j
-9.13379642e-01-9.15073962e-03j
-3.04737050e-01+2.52664315e-02j
4.16598603e-01-6.26643463e-03j
5.07608403e-01-3.68171243e-02j
-4.54736244e-02+9.43408358e-03j
-7.86240951e-01+2.74569190e-02j
-8.91747179e-01+1.21341071e-02j
-3.48785854e-01+9.84795639e-03j
3.87291637e-01-1.99075696e-02j
5.56890939e-01-2.62481131e-03j
3.30360356e-02+6.49978279e-03j
-7.23014620e-01+2.27373242e-03j
-9.67256311e-01-7.56882170e-03j
-4.04089799e-01-7.03051132e-03j
3.66012422e-01+1.04367075e-02j
5.55669442e-01-1.31572586e-02j
1.90860669e-02+2.57284742e-03j
-7.05851798e-01-2.11081714e-02j
-9.67965285e-01-4.22149344e-03j
-4.44126023e-01-6.00604759e-03j
3.03271435e-01+1.01772326e-02j
5.28498851e-01+7.17072092e-03j
1.07490545e-01-7.13926053e-03j
-6.36478576e-01+1.19542829e-03j
-9.73415531e-01+3.82168560e-02j
-4.72743978e-01-1.10986163e-02j
2.69714127e-01-3.46931027e-03j
6.00362122e-01-1.14884788e-02j
1.72549208e-01+2.03735553e-03j
-6.19404332e-01+1.10836173e-02j
-9.57428038e-01-5.35854074e-03j
-5.46148494e-01-6.70098446e-03j
2.11795824e-01-1.79420351e-02j
6.03723983e-01+9.84993096e-03j
1.61491230e-01-1.92325602e-02j
-5.77757158e-01+2.64835782e-02j
-9.61279251e-01-1.08725775e-02j
-5.69415066e-01+2.10017564e-02j
1.70337061e-01+5.51620016e-05j
5.70450686e-01-1.91590247e-02j
1.69201721e-01+7.05561413e-03j
-5.04212157e-01+1.79783888e-03j
-9.71556425e-01+9.28434704e-03j
-6.07307823e-01+1.29454570e-02j
1.68692680e-01+1.71776098e-02j
6.02671744e-01+8.76064101e-03j
2.64430149e-01-4.02375185e-03j
-5.05690676e-01+3.30978655e-02j
-9.62711108e-01+2.69925817e-03j
-6.68159018e-01-4.02155693e-02j
8.74092415e-02-8.49848898e-03j
5.70578001e-01+1.54699573e-02j
3.02946536e-01-2.94262766e-02j
-4.59360470e-01+1.88105366e-02j
-9.73462127e-01-2.14362764e-02j
-6.62588321e-01-5.36006592e-03j
7.92232451e-02-2.59334529e-02j
5.71725800e-01-1.18005639e-02j
3.34554407e-01-1.52470426e-02j
-4.52267587e-01-1.81315939e-02j
-9.53120182e-01+1.33932775e-02j
-7.07943767e-01+6.60558900e-03j
8.54940174e-03+2.07091884e-02j
5.88887177e-01+2.27399181e-02j
3.56242475e-01+1.29717063e-02j
-3.97457140e-01-2.05208909e-03j
-9.23381179e-01-1.45244416e-02j
-7.83595898e-01+1.13222430e-02j
4.71430653e-03-1.55301331e-02j
5.60682860e-01+1.33495267e-03j
3.86162081e-01+2.98065111e-02j
-3.42576782e-01+5.17155786e-04j
-9.24352367e-01+1.72850319e-02j
-7.88246173e-01+1.95845910e-02j
-6.57525193e-02-4.84469788e-03j
5.28546641e-01+1.04776057e-02j
4.10909160e-01-1.78957005e-02j
-2.69622624e-01-3.33546740e-03j
-9.32230619e-01+2.98826931e-02j
-8.13717730e-01-3.43615569e-03j
-9.91809241e-02+2.50024039e-02j
4.92685599e-01+6.66784203e-03j
4.33693229e-01-6.99109473e-03j
-2.64196225e-01+1.35402668e-02j
-8.92723925e-01-3.37852511e-03j
-7.95724181e-01-1.50223049e-02j
-1.28033034e-01-1.74976618e-02j
5.16770283e-01-1.43223332e-02j
4.44178995e-01-1.56752086e-02j
-2.17788213e-01-2.38764286e-02j
-8.72012591e-01+2.00796753e-02j
-8.61679053e-01-7.63028537e-03j
-1.97448466e-01-1.89160310e-02j
4.56596018e-01-9.78858936e-03j
4.88250260e-01-2.59003721e-02j
-1.30161674e-01-1.25674745e-02j
-8.52738686e-01+4.47431844e-03j
-8.94101518e-01+8.70224587e-03j
-2.52738298e-01+1.25727596e-02j
4.63867375e-01-1.20426245e-03j
4.87047878e-01-9.76592084e-03j
-1.22183467e-01-2.44575908e-03j
-8.11498543e-01+2.96532211e-02j
-9.22584236e-01-7.07194757e-03j
-2.58191138e-01+8.15086537e-03j
3.99676683e-01-2.90481828e-02j
5.29858177e-01+7.22483025e-03j
-5.69234750e-02-1.54205603e-02j
-7.64826516e-01-1.09630863e-02j
-9.27585008e-01-2.28133083e-02j
-3.28312260e-01+1.20251683e-02j
4.03858216e-01+1.94567478e-02j
5.29159467e-01-2.52018325e-02j
-2.18340179e-02-1.00565745e-02j
-7.69415070e-01-1.47119593e-02j
-9.29403086e-01+2.69738846e-02j
-4.36272262e-01+2.89415418e-02j
3.44047327e-01-1.52903461e-02j
5.72098250e-01-1.12064023e-02j
-2.47818750e-03-2.39731894e-02j
-7.41833738e-01+2.15894953e-02j
-9.67677719e-01-1.58260798e-02j
-4.34211914e-01+2.24803217e-02j
3.37558757e-01+3.23982898e-02j
5.40956635e-01+4.58229961e-03j
7.07864126e-02+6.12375314e-04j
-6.67493490e-01+8.36042385e-03j
-9.56226026e-01-2.90086151e-03j
-4.49775068e-01-8.96254799e-03j
2.41673961e-01-6.76470082e-03j
5.83055650e-01+1.08513069e-02j
9.71847009e-02+1.29652019e-02j
-6.36347243e-01-9.69731210e-03j
-9.54719515e-01+2.21082588e-02j
-4.95788139e-01-1.58944636e-02j
2.30872289e-01-1.28719767e-02j
5.51604424e-01-9.95798630e-03j
1.52480482e-01-1.88200527e-02j
-5.54597847e-01+2.84495146e-02j
-9.77430591e-01-4.37480953e-04j
-5.55518202e-01-1.00247412e-02j
2.09161786e-01+3.85913756e-02j
5.69330427e-01+1.73109748e-02j
2.22684208e-01-2.94895900e-02j
-5.71037917e-01+1.24718769e-02j
-9.39509322e-01-1.71194812e-02j
-5.38147314e-01+7.45527115e-04j
1.83640586e-01+3.54168102e-02j
5.88520504e-01-1.46874268e-02j
2.44305084e-01-2.08617024e-02j
-5.57916549e-01+4.04562667e-03j
-9.59044737e-01-2.69205986e-03j
-6.21165835e-01+1.13569350e-02j
1.15425998e-01+1.97206611e-02j
5.86225273e-01+1.40331371e-02j
2.96890642e-01-1.62504140e-02j
-4.63007349e-01-9.16877299e-03j
-9.22885668e-01+2.05242101e-02j
-6.21972671e-01+3.13636076e-02j
7.13454974e-02+3.91708642e-02j
5.60181693e-01+1.50032190e-02j
3.19149801e-01-8.89236679e-03j
-4.09118255e-01-4.24463192e-02j
-9.62693521e-01+5.97550685e-03j
-7.02833074e-01-2.99300220e-02j
3.70445320e-02+1.96259698e-02j
5.01777616e-01-3.21618242e-02j
3.35089299e-01+6.51941348e-04j
-3.77780111e-01-1.56061056e-02j
-9.32579962e-01-1.57383998e-03j
-7.25258788e-01+2.40906561e-02j
-3.20000523e-02+3.22483568e-02j
5.55929482e-01-7.72734544e-03j
3.95533467e-01-5.15548358e-03j
-3.48204419e-01+2.73828652e-02j
-9.31082737e-01-1.38429286e-02j
-7.65357790e-01-1.49050404e-02j
-3.57140911e-02+2.21462689e-02j
5.26661151e-01-7.94161200e-03j
4.11873023e-01+1.32917393e-02j
-2.89334797e-01-2.35230009e-02j
-9.07811506e-01-9.10600329e-03j
-8.00377824e-01+1.96819313e-02j
-6.40999246e-02-4.27443520e-03j
5.12541126e-01+2.08074017e-02j
4.26861601e-01+5.54593540e-02j
-2.66535574e-01+1.58232057e-02j
-9.11132459e-01+8.91115916e-03j
-8.22728936e-01-5.95034181e-03j
-1.47074295e-01+9.29663014e-03j
4.86247158e-01+5.71404111e-02j
4.55529639e-01-5.37916875e-04j
-2.07137013e-01-1.29569564e-02j
-8.80352099e-01-4.63326174e-03j
-8.28459326e-01-5.64063859e-03j
-1.59272434e-01+6.24966552e-03j
4.62936031e-01-1.48944939e-04j
4.94947104e-01-1.63741605e-02j
-1.66942134e-01+1.09878688e-02j
-8.40744986e-01+7.23935262e-03j
-8.77191843e-01-4.03948595e-03j
-2.56284109e-01-1.44713316e-02j
4.33778838e-01+1.02264579e-02j
4.86898656e-01-1.37826158e-02j
-1.31281312e-01-3.31755115e-02j
-8.27648497e-01-1.32957213e-02j
-8.94387588e-01+1.03045271e-02j
-2.63652744e-01+4.34234623e-03j
4.66716507e-01-6.05807690e-03j
4.85926211e-01+1.41571625e-02j
-1.12754282e-01-3.30596138e-02j
-7.90929861e-01+4.91099800e-03j
-8.70358618e-01-2.88540920e-02j
-3.31006410e-01+1.05978519e-02j
3.88787970e-01+1.91058660e-02j
5.17836435e-01-4.00902332e-03j
-4.58590481e-02-2.18696660e-02j
-7.78552897e-01-1.11886310e-02j
-9.10011865e-01-2.51714980e-03j
-3.67519606e-01-1.56517578e-02j
3.63653897e-01-3.45417153e-02j
5.54495370e-01-2.62128046e-03j
4.47320526e-03+1.32889417e-02j
-7.09228098e-01-4.48730422e-02j
-9.19239658e-01-2.35763734e-03j
-3.84366514e-01+2.05473854e-02j
3.08926136e-01+1.12003890e-03j
5.46978742e-01-2.35240019e-02j
4.46711630e-02+7.71245786e-03j
-7.12398927e-01-2.04488691e-03j
-9.49084870e-01-1.05357419e-02j
-4.62567319e-01-1.96351549e-02j
3.35063296e-01+9.54755141e-03j
5.63791626e-01+8.98396440e-04j
9.32197329e-02+4.12658872e-02j
-6.71353554e-01+3.88637786e-02j
-9.64197499e-01+1.78368266e-02j
-4.97363479e-01+2.20279194e-02j
2.64877076e-01-1.54901917e-02j
6.02321566e-01-1.79490568e-02j
1.44453919e-01+5.46894770e-03j
-5.97098997e-01-8.75338144e-03j
-9.72403113e-01-1.15675796e-02j
-5.07116491e-01-1.10499682e-02j
2.59181627e-01+2.80071684e-02j
5.94390874e-01-1.59081283e-02j
2.18430578e-01+3.64745849e-02j
-5.86270628e-01-1.01545659e-02j
-9.56011195e-01-1.39631455e-02j
-5.74657107e-01-3.38163300e-02j
1.93226662e-01-1.75991190e-02j
5.83783490e-01-2.70707862e-03j
1.90562307e-01-1.43582218e-02j
-5.34810918e-01+3.13235980e-02j
-9.86811441e-01-2.72410698e-02j
-6.14756379e-01-9.54314896e-03j
1.59947539e-01-1.19267373e-02j
5.52067549e-01-1.93984809e-02j
2.69317739e-01-4.06005651e-03j
-5.10536783e-01+6.86367106e-03j
-9.74000549e-01+1.38176279e-02j
-6.33272090e-01+1.54463684e-02j
1.03267070e-01+2.39466405e-02j
5.81444970e-01+7.28136340e-03j
3.02412784e-01+5.17467846e-02j
-4.89557085e-01-8.88898425e-03j
-9.37842622e-01-7.19742905e-04j
-7.07440286e-01+5.30457420e-03j
5.93807290e-02+1.24648732e-02j
5.43155301e-01+3.52507708e-02j
3.35814385e-01+3.25740551e-02j
-4.24374990e-01-1.06708592e-02j
-9.41098297e-01+3.65458725e-02j
-7.26250577e-01+8.82474421e-03j
1.42321436e-02-2.00047337e-02j
5.47097577e-01-3.19290650e-02j
3.45872040e-01+2.63472728e-02j
-3.86162520e-01+1.05701543e-02j
-9.42744258e-01+2.21207484e-02j
-7.60541623e-01-4.58700155e-03j
-3.20119281e-02-1.42328330e-02j
5.68329817e-01-2.34203672e-02j
3.88253085e-01-1.72344175e-02j
-3.12774976e-01-9.09173671e-03j
-9.04217896e-01+2.26386669e-02j
-7.99123541e-01+9.32953103e-03j
-8.76861935e-02+6.50296512e-03j
5.40523558e-01+1.16249528e-02j
4.08926171e-01-2.69873177e-02j
-2.56727887e-01-7.63015731e-03j
-9.23239154e-01+2.30904935e-02j
-7.98948101e-01-1.81419890e-02j
-1.38577264e-01+1.20659913e-02j
5.20163660e-01-2.28882628e-02j
4.04460412e-01+6.85410790e-03j
-2.44910229e-01+2.61131020e-03j
-8.56851703e-01-9.10426644e-03j
-8.69975293e-01+1.98829302e-02j
-1.41233167e-01+1.98274028e-03j
5.02974877e-01-2.08174362e-02j
4.93910748e-01+9.57709994e-03j
-1.88334795e-01+4.60061456e-03j
-8.60675173e-01+4.43409057e-02j
-8.61247585e-01+7.67198288e-03j
-2.29270405e-01-1.97692814e-02j
4.60839358e-01+1.26661989e-02j
4.81405319e-01-4.32437101e-02j
-1.38533401e-01-2.34703641e-03j
-8.62829351e-01-1.04899272e-02j
-8.85149078e-01+2.37280278e-03j
-2.44227200e-01+8.70898904e-03j
4.44896996e-01-6.48760750e-03j
5.11223475e-01+2.29514040e-02j
-1.08456919e-01-3.70914264e-02j
-7.82907919e-01-4.18871979e-03j
-9.03382801e-01-1.81767780e-03j
-2.91836132e-01+9.68258027e-03j
4.06659422e-01+1.69088858e-02j
5.20054884e-01+1.85951317e-02j
-6.47067171e-03+6.19547753e-03j
-7.45358892e-01+2.47516648e-02j
-9.31926359e-01+9.02138831e-03j
-3.35234457e-01+1.71505680e-02j
3.70307900e-01-2.43369770e-02j
5.62869409e-01-2.16188719e-02j
2.05375544e-02+3.54778041e-03j
-7.43063376e-01+4.39963748e-03j
-9.44636694e-01-4.31662830e-03j
-3.79684332e-01+2.20519799e-02j
3.33616357e-01+1.04673548e-02j
5.50695764e-01+3.50516165e-02j
2.16323744e-02+1.83368407e-02j
-7.32702209e-01-4.60914655e-03j
-9.20451143e-01+9.33464705e-03j
-4.62484227e-01+1.31031514e-03j
3.41499898e-01+1.56419079e-02j
5.41130889e-01-2.95874071e-02j
1.08134263e-01-9.77148206e-04j
-6.81710113e-01+1.44431815e-03j
-9.90260819e-01+1.12264114e-02j
-4.58828490e-01-2.53325742e-02j
2.62983507e-01-8.18930471e-03j
5.99617987e-01-2.85955166e-02j
1.57266785e-01+5.30917673e-04j
-6.64215228e-01-7.24219402e-03j
-9.70782396e-01-3.70989711e-02j
-5.41810947e-01+1.65477481e-04j
2.34091616e-01+1.32277532e-02j
6.07875467e-01-1.07422098e-02j
1.81665275e-01+3.98017353e-04j
-5.89434188e-01-2.40623889e-02j
-9.44403951e-01-1.51742116e-02j
-5.63168252e-01-2.07372965e-02j
2.14647038e-01-8.05991602e-04j
6.04577277e-01+8.34477311e-03j
2.03691230e-01-2.77099580e-02j
-5.59144049e-01-2.60522654e-02j
-9.84508182e-01-1.41483014e-02j
-5.82043500e-01-9.50879457e-03j
1.32361010e-01+1.74651530e-02j
5.69132276e-01+1.12328215e-02j
2.76275922e-01+2.61575233e-03j
-5.38466132e-01-1.29476657e-02j
-9.74051953e-01+1.08808421e-02j
-6.82578553e-01-1.02297653e-02j
8.68016894e-02+1.28096846e-02j
6.31314958e-01-9.81347190e-03j
2.96683686e-01+3.00375505e-02j
-4.83968106e-01-1.02277421e-02j
-9.31223394e-01-2.27344639e-02j
-6.70477933e-01-3.52523282e-02j
9.10775064e-02-1.69737914e-02j
5.61809296e-01-2.32185440e-02j
3.40958619e-01+2.08735126e-03j
-4.36941328e-01-1.95456110e-02j
-9.62418182e-01-2.31276085e-02j
-7.45310014e-01+2.34874089e-02j
4.54492465e-02+2.87219449e-02j
5.24292596e-01+2.37809721e-02j
3.24345772e-01+2.00736393e-02j
-3.77517571e-01-3.99209286e-02j
-9.43270618e-01-6.76349461e-03j
-7.39959322e-01+2.99751950e-03j
-1.65988992e-02+2.14548672e-03j
5.24788729e-01+1.11132887e-02j
4.26671799e-01-7.26766422e-04j
-3.54400101e-01-2.56749634e-02j
-9.52083130e-01-5.30537876e-02j
-7.73851451e-01+5.90058305e-03j
-3.43487970e-02-1.74844843e-02j
5.47097681e-01-1.02441467e-02j
4.51422039e-01+3.17170063e-03j
-2.85541669e-01-2.70612199e-03j
-9.06253731e-01-1.58932468e-02j
-8.04058257e-01-1.24334900e-02j
-9.79598705e-02+2.42260853e-02j
5.24341264e-01+1.76274590e-03j
3.95750162e-01+7.65035217e-03j
-2.45830821e-01-1.41617325e-02j
-8.72871198e-01-5.45007102e-04j
-8.52033714e-01-1.33335574e-03j
-1.44273711e-01-2.07355804e-02j
4.98043166e-01+1.48837457e-02j
4.53487600e-01-1.41123929e-02j
-2.18869972e-01+2.45175593e-02j
-8.56960320e-01+3.66747510e-02j
-8.55586033e-01+1.19546376e-02j
-1.74395402e-01+5.12806751e-03j
4.65678738e-01-2.10650607e-02j
5.00632621e-01-2.99650721e-03j
-1.87942380e-01-6.08440881e-03j
-8.65778192e-01+9.02994736e-03j
-8.67174246e-01-1.95652229e-02j
-2.24584012e-01+3.17335660e-02j
4.79191345e-01-5.89422325e-03j
4.89743132e-01-9.33999911e-03j
-1.24659453e-01+2.44662231e-02j
-7.89883109e-01-1.54132869e-02j
-8.97096154e-01+6.19520378e-04j
-2.62490778e-01+8.84198189e-03j
4.17091347e-01-2.94870776e-02j
5.07382707e-01+1.77139691e-02j
-8.62587556e-02+2.16573627e-02j
-7.99288802e-01+3.45673888e-03j
-9.19607487e-01+7.71058324e-03j
-3.27018158e-01-6.78251944e-03j
4.09965741e-01+1.84444041e-02j
5.36535628e-01+3.13384715e-02j
-5.49370578e-02+9.81500018e-03j
-7.48225496e-01-2.30926060e-02j
-9.69305335e-01-2.54323261e-02j
-3.71453838e-01-1.66364047e-02j
3.46572609e-01-1.96581085e-02j
5.75438416e-01+3.55823619e-03j
-3.50868480e-04-1.81806322e-03j
-7.21599329e-01+1.83002934e-02j
-9.54111647e-01-2.31132099e-03j
-4.12463261e-01+1.95257114e-03j
3.15061756e-01-1.18994241e-02j
5.51509169e-01+1.83322907e-03j
5.81879667e-02+6.45541182e-03j
-6.97688177e-01+1.43185281e-02j
-9.43678289e-01-2.87905750e-02j
-4.47451886e-01-1.41770150e-02j
2.82086215e-01+1.26560999e-02j
5.77583084e-01-4.55739129e-03j
1.05059028e-01-2.53218037e-02j
-6.66694800e-01-8.95762949e-03j
-9.32919649e-01-3.73471364e-03j
-5.02537403e-01+1.26250669e-03j
2.53221357e-01+1.54211628e-03j
5.73238157e-01-2.36214517e-02j
1.66339969e-01+1.83407110e-02j
-5.76815396e-01-7.32095397e-03j
-9.24635734e-01-8.79647083e-04j
-5.39441823e-01-2.46726921e-02j
2.30164564e-01+1.57514308e-02j
5.93154217e-01-2.06659988e-02j
1.91067588e-01+2.43913426e-02j
-6.03304201e-01+1.99049137e-02j
-9.46064122e-01-1.02194994e-04j
-6.01079481e-01+5.97427452e-03j
1.59978246e-01+1.53606387e-02j
5.72010215e-01+3.62949427e-02j
2.39019212e-01+5.74957932e-03j
-5.24966849e-01-9.59124706e-03j
-9.59790662e-01-2.82824113e-02j
-6.21424826e-01+4.81871237e-03j
1.09392503e-01-7.56709691e-03j
5.76479533e-01-1.91808771e-02j
2.95892602e-01-2.72366742e-02j
-5.04100422e-01+7.23792916e-03j
-9.82587431e-01+4.04722691e-02j
-6.67341432e-01+1.65676097e-02j
6.96016616e-02+2.31348959e-02j
5.35966524e-01-2.60343929e-02j
3.00140916e-01-1.48750688e-03j
-4.50060255e-01+2.60521052e-02j
-9.86698565e-01-4.02523395e-02j
-6.71856274e-01-1.68457842e-02j
5.39568437e-02-1.69414585e-02j
5.53737993e-01-6.60827033e-03j
3.49463780e-01-2.25695925e-02j
-4.16225560e-01+2.62771476e-03j
-9.38166774e-01-1.84624146e-02j
-7.55279951e-01-5.13394714e-03j
1.14424185e-03+1.26837277e-02j
5.42098576e-01+1.85543269e-02j
3.76691970e-01-1.42022473e-02j
-3.73635917e-01+1.53328762e-02j
-9.33960034e-01-8.91960134e-03j
-7.73101755e-01+2.39524072e-03j
-3.18424016e-02-4.90126741e-02j
5.44422652e-01+5.45639558e-03j
3.83345289e-01+1.46763105e-02j
-3.33899711e-01+3.45793598e-03j
-9.03232728e-01+2.02937583e-02j
-7.78256600e-01+1.56718968e-02j
-1.01097827e-01-1.65012473e-02j
5.17051930e-01+5.38413459e-03j
4.33427449e-01-1.64363559e-02j
-2.53623842e-01-4.78184844e-02j
-9.11051799e-01-2.84917882e-02j
-8.02656492e-01-1.98652041e-02j
-1.49196696e-01+9.54719596e-03j
5.13440592e-01+7.17204801e-03j
4.27465332e-01-2.06307483e-02j
-2.48396086e-01-7.66729421e-04j
-8.81691982e-01+2.98610265e-02j
-8.34808896e-01+2.18854523e-02j
-1.71929646e-01-2.19923860e-03j
4.98377752e-01+5.57216773e-03j
4.67118948e-01+4.38008567e-02j
-1.95952177e-01-1.58800091e-02j
-8.47081913e-01+1.76430855e-02j
-8.66592511e-01-1.51167350e-03j
-2.14067268e-01+5.48983742e-03j
4.62742195e-01+1.18820987e-02j
5.07497902e-01+1.84764004e-02j
-1.34860204e-01+1.38296997e-02j
-8.09543822e-01-1.81714321e-03j
-9.00490205e-01-3.08717890e-02j
-2.74826426e-01+3.03065368e-03j
4.35581732e-01+7.75068908e-03j
5.44292792e-01+4.08786245e-02j
-9.81413193e-02-1.79734185e-02j
-8.06879411e-01-2.09756312e-04j
-8.95550404e-01-1.44180799e-02j
-3.44377537e-01-2.28288055e-03j
3.62177960e-01-2.51333777e-02j
5.43552740e-01+6.76457176e-03j
-3.40202928e-02-1.45397164e-02j
-7.68077686e-01+2.82638263e-02j
-9.16429906e-01-3.43663845e-04j
-3.72765530e-01+1.77676165e-02j
3.38254943e-01+4.05020754e-03j
5.69852438e-01+3.13274744e-03j
4.20734482e-03-3.54555268e-03j
-7.22971790e-01-2.74586262e-03j
-9.22542189e-01-4.54500806e-02j
-3.91470065e-01+3.42572927e-02j
3.46005541e-01-6.62909933e-03j
5.81885151e-01-1.12629612e-02j
7.45030419e-02-2.99334089e-02j
-7.30629504e-01-1.01281388e-02j
-9.50790921e-01-9.56886260e-03j
-4.58611845e-01+1.44682223e-02j
2.96168271e-01-8.25307774e-03j
5.90488823e-01-1.46740056e-03j
8.52351040e-02+1.31551164e-02j
-6.66033046e-01+1.18877021e-02j
-9.27777797e-01+2.07773927e-02j
-4.71923222e-01+1.19140339e-02j
2.42381960e-01-1.02160996e-02j
5.84330354e-01-2.30787027e-02j
9.45279284e-02-8.89642253e-03j
-6.10459192e-01-1.35732010e-02j
-9.66218854e-01+5.59949637e-03j
-5.41842328e-01+2.89056344e-03j
2.24487956e-01+7.87695764e-03j
5.66920312e-01+1.26370448e-02j
2.00493411e-01+1.22212357e-02j
-5.78999091e-01-7.71044948e-03j
-9.71238671e-01+2.34914254e-02j
-5.73499172e-01-3.12800643e-02j
1.91811977e-01+3.84940295e-03j
5.55671691e-01+1.61548547e-04j
2.35249723e-01-3.57361801e-03j
-5.55728451e-01-3.78953247e-02j
-9.55283424e-01-2.53068449e-04j
-6.11383445e-01+2.99661634e-02j
1.24780155e-01+2.50535982e-03j
5.47433013e-01-6.67020436e-03j
2.77988454e-01-1.56846506e-02j
-4.93700717e-01+2.56158375e-02j
-9.84089403e-01-6.86108771e-03j
-6.28493886e-01-1.41716141e-02j
8.68095410e-02+5.76889192e-03j
5.71361857e-01-5.82115532e-03j
3.03765903e-01-1.31853111e-04j
-4.54385841e-01+1.01749807e-02j
-9.54322163e-01+1.33107902e-02j
-7.03050612e-01-3.80880904e-02j
4.47763430e-02+8.71057036e-03j
5.41911522e-01-1.26954762e-02j
2.78447501e-01+1.90234558e-03j
-4.24331217e-01+5.84677484e-03j
-9.39560372e-01+2.52277645e-03j
-7.40571078e-01-2.61011955e-02j
6.38756354e-02-8.94905461e-03j
5.41866259e-01-6.70136879e-03j
3.28447176e-01+1.14177959e-02j
-3.89827616e-01-1.04166027e-03j
-9.47532270e-01-2.80543488e-02j
-7.67968946e-01+1.23160372e-02j
1.90126447e-03+8.79858716e-03j
5.26878896e-01+2.10048828e-03j
4.09144880e-01+3.67778735e-03j
-3.43211180e-01+3.96026450e-02j
-9.39840577e-01-2.12583369e-02j
-7.98854053e-01+1.97468366e-02j
-7.41567692e-02+3.54395734e-03j
5.29044398e-01+2.74611561e-02j
4.08931849e-01-1.64870391e-02j
-2.88751524e-01-1.96519056e-03j
-9.13216295e-01-1.84554376e-03j
-8.08746481e-01-9.79772219e-03j
-1.18122051e-01-4.78470614e-03j
4.81035655e-01-1.36661415e-03j
4.44103854e-01+2.98888916e-02j
-2.68762224e-01-2.88772003e-03j
-8.82172245e-01-2.30716492e-02j
-8.74739912e-01+9.56678301e-03j
-1.93994547e-01-2.01344118e-02j
5.14520348e-01+1.22978735e-03j
4.66205029e-01+5.95759093e-04j
-1.73647683e-01-7.73398763e-03j
-8.47288759e-01+9.41309328e-03j
-8.93486520e-01-2.23308454e-02j
-2.07997264e-01-1.68940622e-02j
4.50637187e-01+1.43750733e-02j
5.02638213e-01-3.94594688e-02j
-1.75784028e-01-5.30123590e-03j
-8.08017109e-01-6.25285505e-03j
-8.95135901e-01+2.34566393e-02j
-2.57906231e-01-2.00372183e-02j
4.44633386e-01+3.60272193e-02j
5.25875875e-01+1.73440535e-02j
-1.11623452e-01-2.31419385e-02j
-8.44605530e-01-1.69248162e-02j
-9.24311109e-01+9.35988063e-03j
-2.76953438e-01+1.87445097e-02j
4.16534240e-01-4.02247614e-03j
5.23556997e-01+6.45935434e-03j
-4.64455390e-02-3.31609326e-02j
-7.59293070e-01+8.73824968e-03j
-8.93773006e-01+1.97277620e-02j
-3.15906289e-01+1.20698658e-03j
4.09971083e-01-1.56404113e-02j
5.23385586e-01-1.15046884e-02j
-1.19221526e-02-6.23579465e-03j
-7.54897502e-01-4.17756305e-04j
-9.33256459e-01+1.46967227e-02j
-3.93827764e-01-6.12121211e-03j
3.18964983e-01-6.14611513e-04j
5.71653067e-01+1.72399903e-02j
7.43792976e-03+2.33695731e-02j
-7.30167022e-01-2.67018679e-02j
-9.63159722e-01-1.28434585e-02j
-4.37492772e-01+1.15003316e-02j
2.85832167e-01+1.25336237e-02j
5.39774586e-01+5.56281947e-03j
5.39912394e-02+2.76357744e-02j
-6.69730334e-01-1.26388560e-02j
-9.66398952e-01+1.72739257e-02j
-4.88202471e-01+3.74841676e-02j
2.71798601e-01-8.60809331e-03j
5.75625630e-01-1.07457103e-02j
1.02047978e-01+2.71118774e-02j
-6.51392807e-01-7.33936448e-03j
-9.64214439e-01+2.57615511e-02j
-5.21015575e-01+1.00141893e-02j
2.23070090e-01+9.15155230e-03j
5.86080371e-01+1.70496004e-03j
1.54368462e-01-1.80055825e-02j
-6.12581915e-01-9.80233416e-03j
-9.40625740e-01+4.46732848e-02j
-5.65700022e-01+1.20058090e-02j
2.12378898e-01-2.74022135e-02j
5.96428851e-01-2.86395563e-02j
1.94165013e-01+2.22570702e-02j
-5.76989892e-01-1.64369668e-03j
-9.84585602e-01+3.35048916e-02j
-5.83478413e-01-7.16160050e-03j
1.44286305e-01-8.54997553e-03j
5.80365218e-01-3.10907743e-02j
2.34086599e-01+4.13326303e-02j
-5.56511996e-01-7.78202158e-03j
-9.61520061e-01+1.40379580e-02j
-6.19310261e-01-1.50808313e-02j
1.12215948e-01+5.26625783e-03j
5.94403985e-01+2.87981859e-02j
2.37716152e-01-3.42280478e-03j
-4.88927550e-01-1.11353111e-02j
-9.59731163e-01-7.38695013e-03j
-6.53893890e-01-2.12486844e-03j
7.39664424e-02+4.81509738e-04j
5.85534422e-01-2.57811996e-02j
3.17812664e-01+3.57310789e-03j
-4.35612380e-01+5.57867477e-03j
-9.30495337e-01+2.39623894e-03j
-6.92504182e-01-1.98449130e-02j
4.20390075e-02-2.43082786e-02j
5.50711050e-01+1.00418086e-02j
3.76338452e-01+1.19531647e-03j
-3.71470344e-01-3.05253967e-02j
-9.54137468e-01+7.93734053e-03j
-7.36837773e-01+4.20022798e-03j
-1.78343513e-02+7.45097891e-04j
5.48880113e-01-5.87240381e-03j
3.58742138e-01-1.10584624e-02j
-3.47861504e-01+4.86492665e-03j
-9.19913980e-01+1.60091029e-02j
-7.98832810e-01-6.28494762e-03j
-2.00144021e-02+1.01262281e-02j
5.33836275e-01-1.58851580e-02j
4.05198697e-01-1.52374037e-02j
-3.03127146e-01-2.19006089e-02j
-9.45605360e-01-2.05362279e-03j
-7.77653127e-01-1.72766170e-02j
-1.00408068e-01-3.00793215e-02j
5.15912586e-01-4.47177524e-04j
4.44213491e-01-1.93161349e-02j
-2.64284576e-01-2.35294660e-02j
-9.03243666e-01+2.08121377e-02j
-8.14393493e-01-5.91432221e-03j
-1.20459065e-01-2.01785553e-03j
4.89159009e-01+8.85179848e-03j
4.30324810e-01+1.02506975e-03j
-2.48881739e-01-4.24707118e-03j
-8.80575077e-01+1.75039819e-02j
-8.33224911e-01+9.17282495e-03j
-1.75418323e-01-3.92849526e-02j
4.60944825e-01-6.16219748e-03j
5.04147902e-01+1.04582620e-02j
-1.87254265e-01-5.54649486e-04j
-8.67331862e-01-1.46287987e-02j
-8.96744450e-01-1.38385916e-02j
-2.37535304e-01-6.14052351e-03j
4.31720444e-01+9.73929752e-03j
5.18076447e-01+6.29084792e-03j
-1.18522788e-01-1.24942750e-02j
-8.20724677e-01+7.83177259e-03j
-8.69380329e-01-2.78882817e-02j
-2.75080794e-01+9.22989486e-03j
4.23126778e-01-1.78593647e-02j
5.13212096e-01-7.46845087e-03j
-1.03927191e-01-3.58808079e-03j
-7.80535814e-01+1.59113096e-03j
-9.02291867e-01+1.00515669e-02j
-3.32939792e-01+3.14039949e-02j
4.13742649e-01+2.55521562e-02j
5.66356253e-01-7.91450924e-03j
-5.51295475e-02+2.12509550e-02j
-7.47719679e-01-1.28762395e-02j
-9.53858569e-01-9.50103220e-03j
-3.93993239e-01+1.13617939e-02j
3.62716162e-01+3.37806697e-02j
5.23066764e-01+2.20585480e-04j
-5.54637892e-02+8.91876731e-03j
-7.34147174e-01+4.48686292e-03j
-9.38115704e-01+2.40186643e-02j
-3.88988064e-01-2.66677335e-02j
3.34840341e-01+1.49305519e-02j
5.73534769e-01-2.99343798e-02j
4.72280610e-02-1.27812289e-03j
-6.88759832e-01+1.74746630e-02j
-9.46666772e-01-5.66087881e-03j
-4.74565498e-01-1.13974335e-02j
3.11746865e-01-1.57075113e-02j
5.77342736e-01+1.79948262e-02j
6.91698171e-02-1.70630324e-02j
-6.30469629e-01-6.80342393e-03j
-9.48518731e-01-5.34105750e-02j
-4.84206942e-01+3.01407530e-02j
2.62435919e-01-1.97917840e-02j
5.73643906e-01-3.51230341e-04j
1.26812877e-01+1.87243773e-02j
-5.95664849e-01-2.10526035e-02j
-9.33657847e-01+1.47034035e-02j
-5.37822202e-01+1.07021367e-02j
2.12524961e-01+2.10626430e-03j
5.95144072e-01-1.56618300e-02j
1.82653126e-01+2.58048197e-02j
-6.04570333e-01-2.10891600e-02j
-9.42581441e-01-4.60175093e-03j
-5.34732987e-01-3.03993844e-02j
2.05240310e-01+6.03645641e-03j
5.75655459e-01-2.14056021e-02j
2.19766976e-01+1.39062498e-02j
-5.55686980e-01-5.95990239e-03j
-9.73339991e-01+6.48960678e-03j
-6.28425498e-01-1.24047917e-03j
1.51910641e-01+3.35864529e-03j
5.79469030e-01-2.13186592e-04j
2.64066760e-01-2.24719734e-02j
-5.21964398e-01-1.20411853e-03j
-9.71988656e-01+3.67037895e-04j
-6.33390043e-01+2.13109410e-02j
9.57718694e-02+2.50680596e-02j
5.56232538e-01+1.56592322e-02j
2.79492589e-01+1.92812435e-02j
-4.35888197e-01+4.66174140e-04j
-9.38146085e-01-3.96821127e-02j
-6.79850461e-01+2.36051360e-02j
4.32982097e-02-1.44248233e-02j
5.65764389e-01-2.92912816e-02j
3.06621000e-01+1.38358221e-02j
-4.07528089e-01-2.01354560e-02j
-9.41071899e-01+2.69321218e-02j
-7.48321291e-01+2.46057651e-02j
1.30128914e-02+3.86224254e-02j
5.54005953e-01+1.34421606e-02j
3.65119706e-01+1.34013963e-02j
-3.51011105e-01-3.18163203e-02j
-9.49436955e-01-9.58064799e-03j
-7.76694311e-01+1.41827843e-02j
-6.68185641e-02-4.27816232e-03j
5.59028064e-01+1.53391520e-02j
3.80815529e-01-2.02447499e-02j
-3.15043048e-01-3.81679394e-02j
-9.26339092e-01-2.27404927e-03j
-7.71835262e-01+2.35825427e-02j
-5.70565410e-02+2.67288388e-02j
5.52072962e-01-2.83874853e-02j
4.02281348e-01-1.53909254e-02j
-2.70682101e-01+1.62773995e-02j
-9.06383706e-01+1.90428084e-02j
-8.23811087e-01-2.43649501e-02j
-1.67643838e-01-7.59757942e-03j
5.07686910e-01-1.55470236e-02j
4.53088220e-01-7.04383464e-03j
-2.57317940e-01-9.73599645e-03j
-8.80743002e-01+2.00027429e-02j
-8.47195368e-01+4.96012327e-04j
-1.71263618e-01+2.89128521e-02j
4.99568950e-01-2.82956396e-02j
4.79194904e-01-3.85733299e-03j
-1.77210105e-01+2.31932418e-03j
-8.60399529e-01-2.22799870e-02j
-8.52160224e-01+9.84350511e-03j
-1.96252375e-01+4.44778401e-03j
4.55427655e-01+2.31873500e-02j
5.00214396e-01+1.22936458e-02j
-1.53569692e-01+5.87067082e-03j
-8.28646379e-01-4.01050682e-02j
-8.94634002e-01-3.42610563e-02j
-2.73654422e-01+3.26511653e-03j
4.21183347e-01-1.56657734e-02j
5.10720033e-01-2.93668647e-02j
-1.28679484e-01+4.60150239e-03j
-8.00964400e-01+1.39791298e-02j
-8.96547884e-01-7.28778007e-03j
-3.11714985e-01+9.40497390e-03j
4.12740515e-01+8.37461970e-03j
5.62767023e-01-2.37408889e-03j
-4.00275435e-02-7.34556827e-03j
-7.85473144e-01+3.04903977e-03j
-9.30734021e-01-3.97168112e-02j
-3.19426951e-01+1.58411751e-02j
3.83049127e-01-1.62445061e-02j
5.42260095e-01+2.60785573e-03j
-9.70966645e-03-1.16508679e-02j
-7.44238592e-01+6.19135640e-03j
-9.14569268e-01-4.25909378e-02j
-4.14496670e-01+9.39415364e-03j
3.67275543e-01+3.56800492e-03j
5.70298675e-01+3.94854159e-03j
4.27156823e-02-2.58489992e-02j
-7.23191831e-01+2.78103033e-02j
-9.21460812e-01+2.97819144e-03j
-4.38896890e-01-1.60342131e-04j
3.36005683e-01+2.22235077e-02j
5.61219565e-01+1.41557345e-03j
9.71631829e-02+3.14369700e-02j
-6.72619261e-01-9.73420680e-03j
-9.55734443e-01+2.61918039e-02j
-4.93955989e-01+2.41816925e-02j
2.97738957e-01-2.05205730e-03j
5.80857168e-01-1.23218533e-02j
1.23753186e-01+1.20209634e-02j
-6.40441228e-01+1.24248249e-02j
-9.77144489e-01-1.49681267e-02j
-5.23184136e-01-3.44693686e-03j
2.27393966e-01+3.98997370e-03j
5.75475934e-01+3.88465546e-02j
1.95548836e-01-2.47315350e-02j
-6.04568563e-01+1.96946549e-02j
-9.53428061e-01+5.14514544e-03j
-5.52513153e-01+3.57310004e-03j
1.79292343e-01-1.40232151e-02j
5.40632736e-01+1.53020575e-02j
2.17492519e-01-1.39678346e-02j
-5.63916826e-01-2.58020904e-02j
-9.33843551e-01+4.45777556e-03j
-5.82201673e-01-2.83445471e-02j
1.31888966e-01+5.67280672e-03j
5.91183555e-01-1.54731694e-02j
2.51397651e-01+1.56600009e-02j
-5.20183026e-01+7.24769054e-03j
-9.55958066e-01-7.76251591e-03j
-6.32087286e-01-2.11804373e-02j
1.03660864e-01-1.54473706e-02j
5.63857943e-01+6.01607800e-03j
2.98992391e-01+2.43473487e-02j
-4.99225582e-01-6.22586624e-03j
-9.59906780e-01-4.22473871e-03j
-6.92061288e-01+4.07549862e-03j
1.00334429e-01-6.41848772e-03j
5.80937619e-01-2.31154095e-02j
3.06489155e-01-8.11772083e-03j
-4.30071417e-01+6.99007755e-03j
-9.37731907e-01+1.66910628e-03j
-6.89042794e-01-1.01546929e-02j
6.45855764e-03-5.71488456e-04j
5.68943126e-01+2.21955977e-02j
3.06427693e-01-1.21177425e-02j
-3.98140340e-01-5.55199658e-02j
-9.48764410e-01+5.25097828e-03j
-7.62581262e-01-2.01605218e-02j
4.82999132e-03-9.90229635e-03j
5.49126716e-01-6.89753796e-03j
4.05770697e-01+2.60772892e-03j
-3.07199990e-01-9.64062396e-03j
-8.91868835e-01+1.15378871e-02j
-7.84591681e-01-2.24558653e-02j
-5.11337318e-02+1.94979923e-02j
5.31997370e-01+4.29069579e-03j
4.29671239e-01-6.30200068e-03j
-2.84475707e-01-5.31137169e-03j
-9.01111973e-01+3.49342996e-02j
-8.13037126e-01+1.11658169e-02j
-9.53332629e-02-1.14585512e-02j
4.79370433e-01+3.85631300e-02j
4.50734626e-01-1.84593177e-02j
-2.45976634e-01-3.21288794e-02j
-9.04471896e-01-8.38756407e-03j
-7.97995989e-01+6.72470911e-03j
-1.58591961e-01-7.20222194e-03j
4.95825781e-01-2.27826903e-03j
4.38972293e-01+2.39588876e-04j
-2.33343248e-01+7.02512753e-03j
-8.48511063e-01-5.96459315e-03j
-8.74536863e-01+2.17386860e-02j
-1.84575705e-01-1.34768179e-03j
4.57417625e-01+2.94740834e-02j
5.13704147e-01-1.95130156e-02j
-1.32493636e-01-1.82049759e-02j
-8.13283827e-01+6.31873264e-03j
-8.59127992e-01+1.89377339e-02j
-2.15587059e-01-1.43841832e-02j
4.38046795e-01+2.11676511e-02j
5.33844322e-01+7.31141811e-03j
-9.80935040e-02+1.62421920e-02j
-8.36824506e-01-4.54402663e-03j
-9.16170301e-01+1.39181563e-02j
-2.77310729e-01-3.85670743e-03j
3.96123041e-01-2.83082512e-02j
5.23919837e-01-2.87836202e-02j
-7.61301356e-02+9.84390720e-03j
-7.80835575e-01+1.64420594e-03j
-9.41059224e-01+1.58012504e-02j
-3.62705414e-01-9.21359939e-03j
3.67602593e-01+2.40087494e-02j
5.38801976e-01+8.77152116e-04j
-5.45508537e-02-2.87654931e-03j
-7.62795088e-01-1.81567603e-02j
-9.24904304e-01+1.83413243e-03j
-3.58050981e-01-1.04155377e-02j
3.56788080e-01+6.23247272e-03j
5.49535547e-01+1.60753612e-02j
3.32802548e-02+3.56827189e-04j
-7.24840056e-01-5.50723786e-03j
-9.38245847e-01+1.22771022e-03j
-3.88356231e-01-2.57853384e-03j
3.00494235e-01+2.06221646e-02j
5.76635365e-01-1.03895095e-02j
8.27635538e-02-8.43158211e-03j
-6.99805731e-01+1.34510412e-02j
-9.40539614e-01-4.26069516e-02j
-4.93882451e-01+1.56119324e-02j
2.95432525e-01+1.39986564e-02j
5.93935824e-01+1.62476196e-02j
1.36085483e-01+2.46594706e-02j
-6.30306656e-01+7.23015829e-04j
-9.48423597e-01-7.26950995e-03j
-4.81874456e-01+2.58297139e-02j
2.43510178e-01-2.85448467e-03j
6.17569445e-01-3.81982004e-02j
1.45191513e-01+1.58910239e-02j
-5.99998637e-01-1.73910482e-02j
-9.65302601e-01+9.21567505e-03j
-5.43888352e-01-1.02402391e-02j
1.77951259e-01+1.01713657e-02j
6.09227705e-01+1.54771576e-04j
1.93645607e-01+1.33289956e-02j
-5.89154984e-01-4.00283005e-03j
-9.37894070e-01+1.60261986e-04j
-5.79516619e-01+1.89797780e-02j
1.78571633e-01+2.47429505e-02j
5.91982775e-01+7.23433195e-03j
2.18219475e-01-1.02466344e-03j
-5.08883079e-01+1.96943849e-02j
-9.53172297e-01+2.07835496e-02j
-6.35562414e-01+7.23726010e-03j
9.40093828e-02-2.54138450e-02j
5.35838080e-01-1.36453887e-02j
2.73701692e-01-3.68955018e-03j
-4.73363411e-01+1.35671349e-02j
-9.68901945e-01-6.78856729e-03j
-6.74706524e-01+2.01747814e-02j
9.36188722e-02-2.77334843e-02j
5.68539571e-01-1.47269509e-02j
3.18970885e-01+6.45972831e-03j
-4.76448174e-01+9.98178665e-03j
-9.59330626e-01-8.09996010e-03j
-6.89553001e-01-2.35804840e-03j
4.79539042e-02-1.45680136e-02j
5.42256623e-01+1.49035465e-02j
3.66736653e-01+1.06585156e-02j
-4.09950090e-01+1.48402777e-02j
-9.26342053e-01+1.81388713e-02j
-7.59054084e-01+2.01678605e-02j
-5.80215090e-03-2.57118553e-02j
5.71946148e-01-3.85733906e-03j
3.92196398e-01+2.12885399e-02j
-3.70289897e-01-3.54519224e-03j
-9.19692844e-01-3.43306591e-02j
-7.65775141e-01+2.43882571e-02j
-6.72270781e-02-3.40244304e-03j
5.34350325e-01-1.85073270e-02j
4.04735048e-01+3.19445834e-02j
-3.37716281e-01+1.71592072e-02j
-9.21189765e-01-3.93911752e-03j
-7.87781237e-01+1.61375771e-03j
-9.87689786e-02-2.08528039e-02j
5.65252936e-01+1.90160008e-02j
4.50877553e-01+4.95952950e-03j
-2.51858811e-01+1.46743267e-02j
-9.22425538e-01-3.20849602e-03j
-8.23442898e-01+7.26579909e-04j
-1.40573980e-01-7.36317518e-03j
4.81110340e-01-7.22090299e-03j
4.58646838e-01-1.50819302e-02j
-2.06856870e-01-3.56100016e-02j
-9.07604685e-01-1.02034092e-02j
-8.47257647e-01+5.80765991e-03j
-1.49038754e-01-1.15212375e-02j
4.98721615e-01+2.60822804e-02j
4.50394729e-01-3.94804152e-02j
-1.94010401e-01-2.90547256e-02j
-8.54707604e-01-7.07313607e-03j
-8.53341726e-01+2.72026353e-02j
-2.19127468e-01-4.40342284e-02j
4.55389852e-01+4.53880006e-03j
5.21584190e-01+1.87897198e-02j
-1.31987570e-01+2.94400421e-02j
-8.33499026e-01-1.81826226e-03j
-8.94255334e-01-2.31091159e-02j
-2.63494038e-01-1.45684559e-02j
4.22789693e-01-2.03741111e-02j
5.23370351e-01-1.97733157e-02j
-9.02417400e-02+2.15137769e-02j
-8.30307347e-01-5.25198405e-02j
-9.11908291e-01+1.44824904e-02j
-3.20889721e-01-1.65980624e-02j
3.97865819e-01+3.30877502e-02j
5.32557060e-01-1.35955762e-02j
-4.64258381e-02-3.35772363e-02j
-7.77600537e-01-1.64251660e-02j
-9.70293304e-01-1.41138986e-04j
-3.94000827e-01-1.63403993e-02j
3.77624168e-01-1.91894155e-02j
5.25357392e-01-8.87778194e-03j
2.28809671e-02+8.17867151e-03j
-7.08835558e-01+1.06641500e-02j
-9.49080751e-01+3.68080316e-02j
-3.95852110e-01-1.72707489e-03j
3.44315746e-01-1.16469626e-02j
5.50626564e-01-7.57975388e-03j
4.14557591e-02+4.70621737e-02j
-7.50591197e-01+1.07264929e-02j
-9.77141064e-01-2.03496892e-02j
-4.48385910e-01+1.16109875e-02j
3.07960486e-01-1.76854591e-03j
6.07441411e-01+3.92126189e-02j
1.20947453e-01+7.96939767e-04j
-6.68188989e-01-2.78456701e-02j
-9.64542624e-01+1.44911363e-02j
-4.98886852e-01+2.10394040e-02j
2.75572070e-01+2.36336990e-03j
5.71172484e-01-3.44814417e-02j
1.31402357e-01-8.89519536e-03j
-6.47982083e-01-1.33596165e-03j
-9.46214168e-01+1.56502947e-03j
-5.10940209e-01+4.71381717e-02j
2.31786534e-01-1.05482256e-02j
5.88342648e-01+5.95373933e-03j
1.84584064e-01+2.21282018e-02j
-6.14658423e-01-1.64337869e-02j
-9.65022474e-01-7.45594423e-04j
-5.87123231e-01+3.13765925e-02j
1.87617850e-01-2.81359639e-03j
6.14821920e-01-1.90328670e-02j
2.28214967e-01-6.56407770e-03j
-5.53085168e-01-1.14260555e-03j
-9.51006806e-01+2.95190885e-03j
-5.92029266e-01-3.66759653e-02j
1.50959682e-01-3.83220244e-02j
5.75961626e-01-2.00759430e-02j
2.69467871e-01-9.72330801e-03j
-5.26470724e-01+2.69074957e-02j
-9.46106444e-01-2.10134537e-02j
-6.38046351e-01+1.50675884e-02j
9.37118688e-02-1.06933462e-02j
5.59578745e-01-2.25130027e-03j
3.02966930e-01-2.62489605e-03j
-4.46547478e-01-2.66800792e-02j
-9.51030701e-01-1.72229675e-02j
-6.84384793e-01+4.90881903e-03j
6.97285074e-02+1.13233219e-02j
5.55371715e-01-2.12821009e-02j
3.24987798e-01-6.30686026e-03j
-4.06858251e-01-6.04001557e-03j
-9.48391887e-01-7.12598751e-03j
-7.48876922e-01+1.47753119e-02j
5.94433098e-02-2.18411797e-02j
5.66850851e-01+1.86730766e-02j
3.92547740e-01+1.61180408e-03j
-3.67133202e-01-1.18941028e-02j
-9.28799164e-01+3.46701971e-02j
-7.51216082e-01-8.40868807e-03j
-2.71617186e-02+1.23701330e-02j
5.36015929e-01+8.24019925e-03j
3.50992666e-01-2.65044338e-02j
-3.44833828e-01+8.37782469e-03j
-9.02757929e-01-1.99976282e-02j
-7.57224529e-01+3.70159204e-02j
-6.44463937e-02-6.86141008e-03j
5.25280759e-01-5.09390677e-02j
3.89967228e-01+8.12511701e-03j
-2.76495686e-01+3.15354284e-02j
-8.73457853e-01+2.61255128e-02j
-8.19521474e-01+2.47434669e-02j
-6.78795990e-02-2.20797379e-03j
5.12029812e-01+8.68111843e-04j
4.43943030e-01-1.12726729e-02j
-2.44172263e-01-3.39698487e-02j
-8.57947347e-01-3.40268839e-02j
-8.44357517e-01-2.31806952e-02j
-1.79345365e-01+4.54442607e-03j
4.58839242e-01-2.22074223e-02j
4.45443065e-01+1.60792193e-02j
-1.85360056e-01-1.85182006e-02j
-8.26232478e-01+1.94569290e-03j
-8.34078847e-01+2.04854623e-03j
-1.95432453e-01-5.48864649e-03j
4.59346804e-01-3.40731905e-02j
5.12152622e-01-6.55043915e-03j
-1.71242771e-01-1.86212145e-02j
-8.36066703e-01-1.37160439e-02j
-8.93385025e-01-1.65146446e-02j
-2.42686695e-01-2.79202793e-02j
4.31054454e-01+4.10519212e-02j
5.06778259e-01+1.74012411e-02j
-1.26241637e-01-1.92242272e-02j
-8.04811203e-01+5.18586444e-03j
-8.76115068e-01+2.71444103e-02j
-2.98418557e-01-2.63060133e-02j
4.06543101e-01-8.34717367e-03j
5.12060127e-01-6.39413576e-03j
-7.02946107e-02+5.90825160e-03j
-7.54789757e-01-9.55223745e-03j
-9.08041397e-01-2.18331642e-02j
-3.49455971e-01+5.50721099e-03j
3.27423954e-01-3.60600525e-02j
5.54108881e-01-1.10390797e-02j
-2.07286371e-02+4.57701512e-03j
-7.34318581e-01-3.21630633e-04j
-9.52587387e-01-2.53375262e-02j
-3.60058013e-01+5.80838731e-03j
3.75303908e-01+2.47295478e-02j
5.50586815e-01-9.10107440e-03j
3.44029640e-02-2.91759972e-02j
-7.11525657e-01-3.11995225e-02j
-9.18684816e-01+1.87819060e-03j
-4.16292181e-01+2.03531779e-03j
3.29277012e-01+6.21275093e-03j
5.99759445e-01-2.84427203e-02j
6.20655795e-02+7.71675031e-03j
-6.80153842e-01+2.94334586e-02j
-9.14503511e-01-1.11228477e-02j
-4.57242332e-01+5.69059395e-03j
2.92834332e-01+8.10746161e-03j
5.62113018e-01-2.08739445e-02j
1.28974561e-01+2.90906462e-02j
-6.44171196e-01-1.36073258e-02j
-9.64727493e-01+1.98838958e-02j
-5.41157750e-01-1.53038147e-02j
2.42429755e-01+5.79711652e-03j
6.16269856e-01+5.96708846e-03j
1.56871847e-01+1.16325328e-02j
-6.12663436e-01-2.40290529e-02j
-9.78566730e-01+8.20951234e-03j
-5.60252282e-01+9.72571093e-03j
2.15511925e-01-4.21854268e-03j
6.01006105e-01+1.24518875e-03j
1.84242067e-01+2.79772678e-02j
-5.57122858e-01-1.61525267e-02j
-9.47965620e-01-2.60893306e-02j
-6.03186019e-01-3.06977088e-03j
1.65131249e-01-1.67938493e-03j
5.91221846e-01+1.47965369e-02j
2.14092105e-01-1.54376074e-02j
-5.31749259e-01+5.64796108e-03j
-9.60042535e-01+3.90802511e-03j
-6.12200461e-01+1.52594977e-02j
1.29377651e-01-4.06228091e-03j
5.83420298e-01-2.96016807e-02j
2.87044953e-01+7.83374732e-03j
-4.92836896e-01+1.41388924e-02j
-9.57810578e-01-8.19134928e-03j
-6.57815207e-01+5.29521627e-03j
1.07955309e-01-9.40766924e-03j
5.66546994e-01-2.86248830e-02j
3.05056074e-01+5.16506850e-04j
-4.35266798e-01-1.28291862e-02j
-9.19549309e-01-8.24864792e-03j
-6.96189330e-01+2.51500615e-02j
2.07115581e-02-1.75910665e-02j
5.40753820e-01+7.83407673e-03j
3.38357543e-01+1.55904718e-02j
-4.32584127e-01+9.19640866e-03j
-9.21291125e-01+1.36652127e-02j
-7.45000198e-01+1.00653996e-02j
-8.60290658e-03+5.77680100e-03j
5.68097264e-01+1.36561714e-02j
3.81189517e-01-3.59644618e-03j
-3.33122369e-01-1.68253476e-02j
-9.54465308e-01-1.31867181e-02j
-7.55952868e-01+8.35717141e-03j
-4.10426186e-02+2.93206936e-02j
5.28349968e-01+1.58675997e-02j
4.12174165e-01+3.34452932e-02j
-3.32622856e-01+1.08452836e-02j
-9.11292256e-01+2.47826710e-02j
-8.01461953e-01-2.62775304e-02j
-1.04857943e-01-2.30367713e-03j
5.33971547e-01-1.78266039e-03j
4.17274817e-01+1.01561313e-02j
-2.76306576e-01+2.10528317e-02j
-8.89178515e-01-1.43573431e-02j
-8.44599243e-01+1.29266139e-02j
-1.41357079e-01-3.17273849e-02j
4.83649736e-01-1.49449273e-02j
4.75924872e-01+2.23075005e-02j
-2.49229737e-01-1.08673166e-02j
-8.65920207e-01-2.07464214e-02j
-8.71960810e-01-2.54044405e-02j
-1.88601146e-01-2.13953712e-02j
4.59485129e-01+2.53988156e-02j
4.87786075e-01-7.81633979e-03j
-1.79100745e-01+3.36021030e-02j
-8.43913232e-01-2.58254408e-03j
-8.32109477e-01+1.61548459e-03j
-2.49349912e-01+1.40694233e-02j
4.43284493e-01-1.91835997e-02j
5.50423225e-01-2.70828152e-02j
-1.17807627e-01-1.07555665e-02j
-8.21442118e-01-2.93117557e-02j
-8.74895114e-01+2.04839941e-02j
-2.89797171e-01-2.54799060e-02j
4.47799174e-01+9.29314464e-03j
5.04840629e-01-1.77487797e-02j
-7.37005707e-02-1.85227591e-02j
-7.73268392e-01-2.93840628e-02j
-9.34229033e-01+1.97659714e-02j
-3.16106067e-01+1.53292590e-02j
3.89100187e-01+4.01757610e-02j
5.15301471e-01-2.00890113e-02j
-2.75337877e-02-1.29194958e-02j
-7.84724260e-01+1.66620054e-02j
-9.03609992e-01+3.62386965e-03j
-3.74635844e-01+1.22331412e-02j
3.35198651e-01+6.54753982e-03j
5.38816365e-01+1.27218226e-02j
-7.55579363e-03-1.18927594e-02j
-7.26185048e-01-9.83235379e-03j
-9.52886141e-01+1.15004063e-02j
-3.95003677e-01-2.02004838e-02j
3.38043736e-01-1.74720970e-02j
5.62564987e-01-8.37692069e-03j
4.85940886e-02-6.20891423e-03j
-7.09771414e-01+1.55922808e-02j
-9.56918538e-01+2.06720018e-02j
-4.59424377e-01-2.01390849e-02j
3.02472404e-01-1.17508629e-02j
5.66736921e-01-2.46499048e-02j
6.09030405e-02+3.68827486e-02j
-6.70423205e-01+1.24789467e-02j
-9.71421467e-01-1.64594649e-02j
-4.89025787e-01+1.31462975e-02j
2.59712427e-01-3.10243470e-02j
5.92745222e-01+4.17941065e-03j
1.44583690e-01-1.36619097e-02j
-6.11642459e-01+1.91357444e-02j
-9.52987058e-01-3.71945212e-02j
-5.43429495e-01+8.81067382e-03j
1.83378306e-01+1.34573481e-02j
5.62670773e-01-1.95868711e-02j
1.60530061e-01+3.75169005e-02j
-5.80181661e-01+1.91945857e-02j
-9.49285432e-01-4.77779700e-03j
-5.90743612e-01+1.23081891e-02j
1.36571102e-01-7.16414828e-03j
5.72493290e-01+2.95329261e-02j
2.21454770e-01+2.55824503e-02j
-5.61153608e-01+1.06303722e-02j
-9.47922107e-01-1.97749447e-02j
-6.11993261e-01+1.96579768e-02j
1.24256356e-01-3.23824900e-02j
5.82559215e-01+6.77759085e-03j
2.68331582e-01+9.41210100e-03j
-5.16302230e-01-3.02518442e-02j
-9.42517986e-01-5.21496645e-03j
-6.57674467e-01+3.81882602e-03j
1.06714127e-01+3.91149072e-03j
5.68586593e-01-1.29396140e-02j
3.17123343e-01-2.26961130e-02j
-4.78727452e-01-6.16086901e-03j
-9.39819325e-01-2.72718962e-02j
-6.80979740e-01-2.27794729e-02j
2.79289559e-02+8.65951984e-04j
5.66022333e-01-1.29295034e-03j
3.17013925e-01+3.78761654e-03j
-4.38135551e-01-2.04796928e-02j
-9.46521800e-01+1.76008212e-02j
-7.20614963e-01+6.28213291e-04j
2.09483177e-02+3.38693274e-02j
5.64859861e-01+4.70226552e-03j
3.78063161e-01+1.91922833e-02j
-3.73157412e-01-2.50583427e-02j
-9.04466733e-01-1.25685443e-04j
-7.59094945e-01+2.31522859e-02j
-2.97601942e-02-1.36525937e-02j
5.39661240e-01+2.47443531e-02j
3.57816560e-01+1.76619298e-02j
-3.19078080e-01-5.46013816e-03j
-9.00431756e-01+6.86077254e-02j
-7.64281937e-01-1.79256662e-03j
-1.03256759e-01-1.69273490e-02j
5.34719569e-01+2.94196372e-02j
3.94070196e-01+4.61179593e-03j
-2.80488657e-01+3.52892224e-02j
-8.87680195e-01+2.62489448e-02j
-8.39421178e-01+4.87093626e-03j
-1.22201061e-01-5.42566390e-03j
5.02457812e-01-2.07800167e-03j
4.32060549e-01-2.06282342e-02j
-2.36470864e-01+3.41096703e-03j
-8.83380437e-01+1.82131072e-02j
-8.34190318e-01+3.76701210e-03j
-1.71761347e-01-4.77238150e-03j
5.19598427e-01-1.73748021e-02j
4.72591111e-01-2.61031051e-02j
-1.76296594e-01+5.30858333e-02j
-8.51705857e-01-4.24938406e-03j
-8.08754916e-01+1.97895925e-02j
-2.05832678e-01+1.98209072e-02j
4.58640116e-01-2.03743001e-02j
4.42909014e-01-2.72439376e-03j
-1.15091249e-01-1.00669286e-03j
-8.40072864e-01+3.51807230e-03j
-8.81725146e-01-9.47508298e-03j
-2.52996897e-01+9.37783843e-03j
4.23325582e-01+1.97398276e-02j
4.91891509e-01+1.37689072e-02j
-8.56458753e-02-5.22163394e-03j
-8.01061582e-01-1.47620812e-02j
-8.97258908e-01-2.17662074e-03j
-3.15977530e-01+1.46595603e-02j
4.22583501e-01-3.77142723e-02j
5.78248298e-01+3.15744894e-02j
-5.56685185e-02-1.39204700e-02j
-7.78006536e-01-1.58273567e-03j
-8.95028993e-01-9.79592849e-03j
-3.57781655e-01+3.18097444e-03j
3.69252997e-01-3.36946718e-02j
5.44789444e-01-2.63602106e-03j
1.31546100e-02-2.03027155e-02j
-7.39806490e-01-1.04182539e-02j
-9.17791441e-01-1.60976551e-03j
-4.07772403e-01-3.28394964e-02j
3.33540860e-01-2.37151773e-02j
5.75289300e-01-1.09682394e-02j
8.17056385e-02-1.75839180e-02j
-7.04823528e-01-1.33564488e-02j
-9.64196206e-01+2.98596109e-02j
-4.27366316e-01+1.78109846e-02j
3.19811895e-01-1.11730490e-02j
5.56571460e-01+1.61923213e-02j
8.91886954e-02-4.65413439e-03j
-6.67037977e-01+1.37026754e-02j
-9.27141640e-01+1.47825185e-03j
-4.85105290e-01-4.11382761e-02j
2.91069997e-01-1.04739525e-02j
5.68326163e-01+6.47393149e-03j
1.41103178e-01-4.32675973e-02j
-6.47545771e-01-5.57104853e-03j
-9.51542901e-01-5.49148499e-03j
-5.47706660e-01-1.91794369e-02j
1.91979011e-01-1.93456650e-02j
5.55044682e-01+6.27444049e-03j
1.72934184e-01+6.03569505e-03j
-5.68910155e-01-3.35546409e-02j
-9.63865932e-01-5.59296931e-03j
-5.59951293e-01-6.57238967e-03j
2.20524819e-01+2.99048529e-02j
6.16974020e-01+7.58456993e-03j
2.34877597e-01-8.19148310e-03j
-5.55901825e-01+1.56683228e-02j
-9.49136426e-01-5.27272198e-03j
-6.35423748e-01-3.80724232e-02j
1.44570638e-01+2.49445142e-03j
5.66071826e-01+3.00144587e-02j
2.64723471e-01-2.26315725e-02j
-4.83117728e-01-1.86637600e-02j
-9.75372671e-01+2.22698726e-02j
-6.80599954e-01-1.46255265e-02j
1.36984583e-01-9.60438991e-03j
5.63899749e-01+2.88443211e-02j
3.12113784e-01+7.68734040e-03j
-4.90051279e-01-2.53270234e-02j
-9.35236417e-01+1.52888219e-02j
-6.85777193e-01+1.09841721e-02j
8.94168040e-02-2.00772426e-02j
5.93438067e-01+1.16969230e-02j
3.17850841e-01-1.56174648e-02j
-4.65619049e-01-9.92184342e-03j
-9.48065562e-01+4.12797967e-03j
-7.02393658e-01+2.82204199e-02j
3.50527401e-02+9.96750583e-03j
5.79803779e-01+8.73432613e-03j
3.45438484e-01+1.24301659e-02j
-4.16107024e-01+7.29572417e-03j
-9.37561902e-01+2.73360611e-02j
-7.31098297e-01-3.18948114e-02j
-3.22263765e-02+6.05513414e-03j
5.34191324e-01-5.15611772e-03j
3.57546120e-01-1.70807276e-03j
-3.58817627e-01+5.11246329e-03j
-9.25078564e-01-5.41227949e-02j
-7.41820371e-01-8.27979798e-03j
-3.26078973e-02-7.32001191e-03j
5.35566510e-01-1.04210685e-02j
3.93027594e-01+2.95668691e-02j
-2.90039891e-01-2.28038478e-02j
-9.15693740e-01+7.43107066e-04j
-7.84096911e-01+1.56386651e-03j
-1.10757409e-01-3.30265868e-03j
5.02615518e-01-3.76200875e-02j
4.04680145e-01-1.56976429e-02j
-2.70898017e-01+4.72268624e-03j
-8.71182641e-01-1.24138397e-02j
-7.99944129e-01+5.75833557e-04j
-1.29982695e-01-9.71732379e-03j
4.93491841e-01+1.93115403e-02j
4.91214449e-01+3.91486931e-02j
-1.97351506e-01-2.06403974e-02j
-8.57733020e-01+1.06791611e-02j
-8.19597093e-01+4.99886965e-03j
-1.74619023e-01-5.30385259e-02j
4.75844122e-01-2.17873182e-02j
4.96080151e-01+2.40321515e-02j
-1.25821675e-01+2.68317129e-02j
-8.32714110e-01+2.50081051e-02j
-8.41830347e-01-9.65812130e-03j
-2.30221888e-01-4.69496186e-02j
4.68831017e-01-7.59700531e-03j
4.80748284e-01+2.47207017e-02j
-1.01414619e-01-1.19676416e-02j
-8.28851048e-01+3.26424627e-03j
-9.19301394e-01-1.31233965e-02j
-3.22707159e-01+5.92512411e-03j
4.22970094e-01+9.46496445e-04j
5.27646877e-01-1.36271867e-02j
-3.57162456e-02-5.83400479e-03j
-7.76603045e-01+1.46807348e-02j
-9.53390957e-01+7.80652851e-03j
-3.65051677e-01+1.89897066e-02j
4.10699126e-01+3.63019355e-02j
5.13499743e-01+1.13909923e-02j
1.20984921e-02+1.16136091e-02j
-7.64383314e-01-2.10569042e-02j
-9.42517379e-01+3.18673217e-02j
-3.77892428e-01+1.03538326e-02j
3.74879753e-01+1.24399795e-03j
5.38577053e-01+1.29630458e-02j
1.75681951e-02+5.27880067e-03j
-7.37326658e-01+7.80838685e-03j
-9.58532047e-01-3.68050279e-02j
-4.12051151e-01-5.81361860e-03j
3.35029225e-01-2.30198774e-02j
6.08076111e-01+1.44795260e-02j
8.07288277e-02-2.18555040e-02j
-6.66148881e-01-5.27148449e-03j
-9.51859528e-01-1.47382030e-02j
-4.47137246e-01+3.61815495e-03j
2.78686208e-01+3.58000597e-02j
5.86693083e-01+1.07966160e-02j
7.95807851e-02+1.01275781e-02j
-6.49053235e-01-3.70106471e-02j
-9.30075537e-01+2.51352869e-02j
-5.18717527e-01-1.24633906e-02j
2.51366423e-01-7.90941294e-03j
5.46759286e-01-5.24938468e-03j
1.44143433e-01+3.40402159e-03j
-6.39200651e-01+2.70159318e-02j
-9.61634579e-01+3.45195062e-03j
-5.48122193e-01+1.89407197e-02j
1.83237899e-01-3.97477865e-02j
5.90448086e-01-7.17070531e-03j
1.86443894e-01-3.58355311e-02j
-5.60570904e-01-2.39309780e-03j
-9.35005472e-01+1.13326132e-02j
-5.78298155e-01+7.38368374e-03j
1.88737437e-01-5.75237474e-03j
5.72592113e-01-9.49703019e-03j
2.30322957e-01+3.95759965e-03j
-5.30360118e-01+1.80244141e-03j
-9.85781440e-01+9.55159353e-03j
-6.45916647e-01-1.75701729e-02j
1.35662733e-01+2.56584572e-03j
5.68945747e-01-7.41046969e-03j
2.91570602e-01-3.34997767e-03j
-5.11558637e-01+6.78687616e-03j
-9.85014730e-01+1.44601392e-02j
-6.66944831e-01+1.59906308e-04j
1.06290568e-01-3.14214892e-03j
5.99882692e-01+5.56762147e-03j
3.06410591e-01+2.92893801e-02j
-4.56513442e-01+2.71005934e-04j
-9.84524152e-01+1.59098817e-02j
-6.90868115e-01+1.95534405e-02j
4.86193698e-02-9.08361837e-03j
5.38451079e-01-8.67153450e-03j
3.16737845e-01-1.17781432e-03j
-4.28047786e-01-3.31143993e-02j
-9.46901964e-01+3.57350832e-02j
-7.31275742e-01+2.84841032e-02j
7.87936044e-03+7.07526634e-04j
5.16192343e-01+1.60116249e-02j
3.32455795e-01+1.84907278e-02j
-3.70096146e-01-6.62090211e-03j
-9.43937588e-01-4.90573786e-03j
-7.43148177e-01-4.74364110e-04j
-4.02386202e-02-2.81153175e-02j
4.95917764e-01+1.58353993e-02j
4.15603123e-01-5.60171070e-03j
-3.00620633e-01+3.39870052e-03j
-8.99471957e-01-1.06461464e-02j
-8.02975630e-01+6.13755560e-03j
-9.44503100e-02+2.18256673e-02j
5.35326121e-01+1.12238693e-03j
4.24512225e-01+1.52860445e-02j
-2.67689930e-01+1.22806464e-02j
-8.86486409e-01-9.44915201e-03j
-8.06121654e-01+1.80475903e-02j
-1.43394256e-01+3.88719630e-04j
5.13718738e-01+1.94449702e-02j
4.51259208e-01-4.46809869e-03j
-1.88715049e-01+3.52132128e-02j
-8.89645125e-01+1.02991927e-02j
-8.65710654e-01-1.31652199e-02j
-1.58603852e-01-1.12345885e-02j
4.59840284e-01+5.59274891e-03j
4.65890269e-01-4.16302385e-02j
-1.60968983e-01-1.30348078e-02j
-8.28568639e-01+6.74175834e-03j
-8.92118464e-01+1.29656311e-02j
-2.47043885e-01+2.88200658e-02j
4.54249121e-01-2.13707262e-02j
5.02570035e-01+3.64016164e-02j
-1.17825056e-01+1.54564081e-02j
-8.51390049e-01+3.46589297e-02j
-8.75407785e-01+4.30293678e-03j
-2.49098966e-01-2.28795480e-02j
4.15614377e-01+4.91333054e-03j
5.18152085e-01+5.96077221e-03j
-8.96452130e-02-5.78962256e-03j
-7.96246982e-01-2.95292413e-02j
-9.06319886e-01-7.88510018e-03j
-2.91408539e-01+3.18682034e-02j
4.14797439e-01+1.85363633e-02j
5.18845927e-01-7.11430495e-03j
-1.69184586e-02-1.66535893e-02j
-8.05471114e-01+1.44803543e-02j
-9.45890224e-01-8.31420514e-03j
-3.61074094e-01-1.99169441e-03j
3.75202148e-01+5.53088846e-03j
5.28546461e-01-2.64943646e-02j
3.23536914e-04+8.68688878e-03j
-7.45482967e-01-1.45973684e-02j
-9.26513523e-01+9.36465365e-03j
-4.16576754e-01+6.18398272e-03j
3.38368620e-01-2.69936730e-02j
5.72830004e-01-1.19590782e-02j
5.50669865e-02+3.11098671e-03j
-6.97014295e-01+4.81591161e-03j
-9.31762456e-01+2.11051422e-02j
-4.76098546e-01+2.07709997e-02j
2.75277596e-01-2.29149849e-02j
5.45347188e-01-6.51398006e-03j
1.03612878e-01-1.28218094e-02j
-6.65789977e-01+6.50960148e-03j
-9.43876794e-01+2.24776390e-02j
-5.21050038e-01+1.17591389e-03j
2.41407585e-01+7.55375664e-03j
5.28758257e-01-1.75915299e-02j
1.54196965e-01-6.02306959e-03j
-6.31545181e-01+3.90929226e-02j
-9.50909140e-01-9.06640110e-03j
-5.19926410e-01+5.90979944e-03j
2.01933186e-01-2.09218588e-02j
5.84578144e-01+1.93788264e-02j
1.69888330e-01-4.03978361e-03j
-5.97126264e-01-5.27042706e-03j
-9.44893866e-01+1.00999384e-02j
-5.66818952e-01+3.98194542e-03j
2.10692175e-01+1.15053258e-02j
5.66602511e-01+8.97236845e-03j
2.13709525e-01-2.72031607e-03j
-5.89381334e-01+1.40065904e-02j
-9.73906160e-01-2.88725364e-02j
-5.92393966e-01-2.80155565e-02j
1.33549966e-01+5.12237605e-03j
5.81765079e-01+3.58690237e-03j
2.34911402e-01+7.41754531e-03j
-5.00206077e-01+9.58586701e-03j
-9.41162114e-01+7.23283034e-04j
-6.48743300e-01+2.89570530e-02j
9.53765335e-02+1.66848249e-02j
6.12092150e-01+4.62038140e-03j
2.83652565e-01+1.43894111e-02j
-4.56406961e-01-1.71552021e-02j
-9.50732956e-01-1.34842773e-02j
-6.69553827e-01+1.85906037e-02j
5.39676433e-02-2.75608677e-02j
5.41213020e-01-1.48176831e-03j
3.46030364e-01+2.25961133e-02j
-3.96934527e-01+3.57900922e-03j
-9.33587593e-01+3.87820274e-02j
-6.88631111e-01+8.71305461e-04j
3.66959137e-02+4.52999123e-03j
5.66459429e-01-2.05465954e-02j
3.67712531e-01-2.83458177e-02j
-3.98914911e-01+1.53891715e-02j
-9.02424666e-01-2.27731123e-02j
-7.81389044e-01+6.77711952e-03j
-3.07139956e-02-2.66100184e-02j
5.36557716e-01+8.30771283e-03j
3.74115417e-01-9.76344065e-03j
-3.29081522e-01+1.43136351e-02j
-9.11209225e-01-5.47152777e-03j
-7.72083030e-01+2.70193157e-02j
-1.05908152e-01+2.51732282e-03j
5.03862711e-01+2.66043813e-03j
4.33256664e-01-1.55665127e-03j
-2.97442969e-01-2.19107584e-02j
-8.92103967e-01-1.22098053e-02j
-8.32352511e-01+2.24184579e-02j
-1.05890688e-01-4.13573971e-03j
5.12261356e-01-3.04288398e-03j
4.36858662e-01+1.32140715e-02j
-2.45276242e-01+1.03086190e-02j
-8.34180714e-01-8.45527689e-03j
-8.18224801e-01-1.56851623e-02j
-1.24789437e-01-1.41075398e-02j
5.01966272e-01+1.47762665e-02j
4.63184539e-01+5.77725303e-03j
-1.74102104e-01-1.68771053e-02j
-8.64043222e-01-1.23542860e-02j
-8.80080288e-01+8.15041356e-03j
-2.12606280e-01+1.54258199e-02j
4.84775486e-01-1.64599442e-02j
4.90414390e-01-3.33836121e-02j
-1.70588323e-01-9.22844681e-03j
-8.32415971e-01-1.11657379e-02j
-8.88813093e-01-2.59796905e-02j
-2.42017073e-01+2.55067553e-04j
4.44119028e-01+2.52974707e-02j
5.01687759e-01-6.70889929e-03j
-1.18400555e-01-1.75113638e-02j
-8.00403701e-01-1.47161608e-02j
-8.91335185e-01-1.79174232e-02j
-2.93494798e-01-7.38084023e-03j
4.15913789e-01+7.64249606e-03j
5.34005179e-01+1.52040044e-02j
-7.89940646e-02+5.22340705e-03j
-8.04736377e-01+2.96959658e-02j
-9.12651230e-01+1.49242318e-02j
-3.42210314e-01+2.12356813e-02j
3.67163759e-01-1.51216345e-02j
5.83352042e-01-1.39983577e-02j
-1.77118095e-02-3.30600496e-02j
-7.57047586e-01-6.43356377e-03j
-9.42040904e-01-1.06449160e-02j
-3.98732471e-01-1.45407546e-02j
3.50924633e-01+2.40804076e-02j
5.73533594e-01-1.99296603e-02j
4.24131354e-02+4.74666548e-03j
-6.95976952e-01+4.14670689e-03j
-9.51309228e-01-3.42153383e-02j
-4.28175107e-01+9.59628902e-03j
3.07318813e-01+1.33143022e-02j
5.61904763e-01+3.12382818e-03j
4.15957745e-02-1.52062299e-02j
-6.81610674e-01-8.06145635e-03j
-9.51079496e-01-7.55535021e-03j
-4.61121650e-01-1.15868000e-02j
2.73366753e-01-2.17028086e-02j
6.02563742e-01-2.30036973e-02j
1.08912093e-01+1.66648572e-03j
-6.32679538e-01+1.11125133e-02j
-9.20786877e-01-3.33922181e-03j
-5.22880624e-01+8.84424948e-03j
2.44684331e-01-5.78224237e-04j
5.96274149e-01-7.54589602e-03j
1.20035125e-01-7.85418898e-03j
-5.83320437e-01-1.60480476e-03j
-9.52385655e-01-1.38669676e-02j
-5.70007829e-01-3.02718958e-03j
1.96109403e-01-9.88788257e-04j
5.94128178e-01+2.40588802e-03j
2.26960657e-01+3.84032244e-03j
-5.48786817e-01-2.89435312e-02j
-9.51320370e-01+1.86489780e-02j
-5.93568861e-01+2.64414270e-03j
1.37838036e-01-1.60054723e-02j
5.71257301e-01+9.91434312e-03j
2.49468541e-01+1.46443205e-02j
-5.32858136e-01+3.43409059e-03j
-9.19333855e-01+1.58378822e-02j
-6.27343686e-01+1.40619215e-02j
1.00473968e-01+1.98375912e-02j
5.78747852e-01+1.28710659e-02j
2.84901940e-01+6.50240164e-03j
-4.91273086e-01+2.08874521e-02j
-9.67383217e-01+4.39243694e-03j
-6.89194126e-01-1.47665940e-02j
6.07863645e-02-9.12034151e-03j
5.50676312e-01-6.77188340e-03j
3.04685781e-01+1.89347994e-02j
-4.23377420e-01-1.29775100e-02j
-9.60943679e-01-2.03126775e-02j
-6.96342936e-01-2.70860434e-02j
1.25666385e-02-6.51024351e-04j
5.59105435e-01-1.07000799e-03j
3.43141128e-01-2.89206438e-02j
-3.99671532e-01-6.88699081e-03j
-9.36825918e-01+6.45247423e-03j
-7.50187104e-01-2.47439755e-02j
-3.24126771e-03+1.79300674e-02j
5.34115585e-01-8.89003417e-04j
3.76555483e-01+1.03070407e-02j
-3.58071909e-01-2.89439360e-02j
-9.55305461e-01-9.37979566e-03j
-7.72408490e-01-3.59512939e-02j
-4.74230772e-02-4.27811822e-03j
5.55287325e-01+7.72865168e-04j
4.28490218e-01-1.93584008e-02j
-3.03570507e-01-2.50071628e-02j
-9.16620199e-01+1.20398318e-02j
-8.16148580e-01+8.36798400e-03j
-1.02440990e-01+2.64432359e-03j
5.03741082e-01-5.57673395e-03j
4.24311374e-01-1.84880124e-02j
-2.57376067e-01+4.20109378e-03j
-8.82280491e-01+2.02455662e-03j
-8.38491714e-01+1.00236443e-02j
-1.23338838e-01+4.02402107e-02j
5.16022803e-01-3.25025369e-03j
4.10558593e-01-3.38878071e-03j
-1.73771159e-01-2.96235663e-04j
-8.65525073e-01+1.59938340e-02j
-8.54622350e-01-1.31075679e-02j
-2.11479993e-01-2.02360938e-02j
4.54744261e-01+8.10710356e-03j
4.76576620e-01+1.39831768e-02j
-1.76468035e-01-5.38879027e-03j
-8.75208061e-01+2.30056640e-02j
-8.76266837e-01+1.85328726e-02j
-2.20923494e-01+1.80169291e-02j
4.46071003e-01+3.14393491e-02j
5.09889263e-01-6.68980030e-03j
-1.02502170e-01+1.20772287e-02j
-8.09384215e-01+1.01268442e-02j
-8.92480512e-01+6.02375296e-03j
-2.53721074e-01-1.40937530e-02j
4.10214276e-01-1.61178902e-02j
5.44662081e-01-4.62605304e-04j
-8.37348744e-02+5.62067234e-03j
-7.71237399e-01+2.52760364e-02j
-9.16322199e-01+2.29336086e-02j
-3.17421152e-01-7.08087698e-03j
3.87729850e-01+3.09117205e-02j
5.51959045e-01-1.59465989e-03j
-5.06547536e-02+1.48122674e-03j
-7.38627970e-01-8.18861661e-03j
-9.08026338e-01-2.92681001e-03j
-3.63999417e-01+8.63983398e-03j
3.65413339e-01+1.23039812e-02j
5.63621517e-01+2.12482424e-02j
3.37555431e-02-1.13507265e-02j
-7.18709364e-01+6.30149180e-03j
-9.42742138e-01+2.48001594e-02j
-4.23535078e-01-1.02327756e-03j
3.19988354e-01+4.79089729e-02j
5.62229262e-01+2.69280261e-02j
8.62069643e-02-4.47811556e-03j
-6.77946251e-01+4.91978358e-03j
-9.38844967e-01+1.19655549e-02j
-4.29118295e-01-2.30540306e-02j
2.77937846e-01-1.23851229e-02j
5.49233292e-01+2.57564398e-03j
1.21799495e-01-2.84652927e-02j
-6.78503896e-01+9.28486836e-03j
-9.56578766e-01-2.28486758e-02j
-4.81529895e-01-3.70042051e-03j
2.56992630e-01-1.82398894e-02j
5.60815774e-01+1.06493901e-02j
1.54001087e-01-7.35250688e-03j
-6.32756983e-01-1.29134057e-02j
-9.87869547e-01-1.27236387e-02j
-5.27622040e-01+1.61050821e-02j
2.14758391e-01-8.77105299e-03j
5.98095313e-01+1.98955743e-02j
2.02885283e-01-4.58321632e-03j
-5.65645893e-01+8.65323476e-03j
-9.71961994e-01+7.04621424e-03j
-6.20380772e-01-1.16996655e-03j
1.58580217e-01+2.68631882e-03j
5.96779795e-01-8.18614803e-04j
2.29004485e-01-4.66811061e-02j
-5.45957979e-01+1.01191619e-02j
-9.86544601e-01+2.43885188e-02j
-6.12572031e-01-6.62840319e-03j
1.20650701e-01-1.29612990e-02j
5.75340268e-01-2.53223842e-03j
2.57857789e-01+1.18649288e-02j
-4.93484377e-01+1.60697252e-02j
-9.67593569e-01-9.17271224e-03j
-6.58098517e-01-1.45059961e-02j
1.03604985e-01+1.14429622e-02j
5.66354307e-01-2.15093799e-02j
2.94077469e-01-2.07383445e-02j
-4.52925552e-01-2.58354265e-02j
-9.28179266e-01-1.35444891e-02j
-7.00533064e-01-4.02040877e-03j
8.38887980e-02+3.09840671e-02j
5.82515811e-01-3.86276240e-02j
3.37422029e-01-1.23190060e-02j
-4.14732068e-01-9.63354716e-03j
-9.37655712e-01+2.42253565e-02j
-7.09049153e-01+2.02634395e-03j
1.94029179e-02+5.23986651e-03j
5.62160901e-01+4.23875933e-03j
3.81205209e-01-1.81792819e-02j
-3.84272881e-01-2.46594284e-02j
-9.23162036e-01-5.20546035e-03j
-7.43716647e-01-2.05991484e-02j
-2.48716315e-02-5.85952207e-03j
5.48033756e-01+1.90621919e-02j
4.13039643e-01+1.26006559e-02j
-3.21098793e-01+7.94538952e-03j
-9.02613549e-01-1.16222886e-02j
-8.16525196e-01-6.10690075e-03j
-7.87099616e-02-1.15537477e-02j
5.32781522e-01+9.74301948e-03j
4.31452027e-01+2.34463778e-02j
-2.99529960e-01+2.81275258e-02j
-9.12324598e-01+1.23158770e-02j
-8.00852251e-01-2.66397409e-02j
-1.39384902e-01-1.28707275e-02j
4.91387423e-01+2.91818639e-02j
4.35211162e-01+1.46785712e-02j
-2.21760498e-01-1.02144057e-02j
-8.79733219e-01-2.71208897e-02j
-8.90695326e-01-8.71896961e-03j
-1.56784153e-01+2.17756381e-03j
4.85078603e-01-3.03411691e-02j
5.06527123e-01-2.42926992e-02j
-1.58618261e-01+1.56055829e-02j
-8.67631242e-01-9.73495554e-03j
-8.76032590e-01+3.79508091e-02j
-2.05999732e-01-7.14456679e-03j
4.43913436e-01+2.54561680e-02j
4.98996941e-01+1.22271102e-02j
-1.53387475e-01+1.81038890e-02j
-8.20168147e-01-1.26695660e-02j
-8.70979341e-01-1.09812956e-02j
-2.54195002e-01-9.94444433e-03j
4.43992780e-01+2.71903448e-03j
5.32058193e-01+1.53679569e-02j
-8.53536562e-02+1.97551593e-02j
-8.33878193e-01+7.92101092e-03j
-9.14170780e-01-3.46125951e-02j
-3.36005179e-01+1.55043176e-03j
4.22057283e-01-2.03526833e-02j
5.10526912e-01-1.02256222e-03j
-6.03452348e-03-8.52852945e-03j
-7.71105283e-01-2.18652048e-02j
-9.01325226e-01-2.05296393e-02j
-3.55708014e-01+5.05859387e-02j
3.86313965e-01+2.14123247e-02j
5.36029760e-01+2.65360885e-02j
1.71324763e-03-2.67184117e-02j
-7.33154690e-01-2.59349310e-02j
-9.50327353e-01-6.58824691e-03j
-3.91543852e-01-9.78395377e-03j
3.44523577e-01-3.29392712e-03j
5.68483062e-01+2.67449100e-03j
4.31877848e-02-1.13712528e-02j
-7.10434745e-01+2.67066885e-02j
-9.66476554e-01+1.34125851e-02j
-4.14913032e-01-1.67194761e-03j
2.59039131e-01+3.80568149e-03j
5.89554399e-01+2.94133304e-02j
1.10934808e-01+2.50823250e-03j
-6.45928068e-01+2.01136926e-02j
-9.66333221e-01-4.82995045e-02j
-5.00683636e-01+5.65784444e-03j
2.65318960e-01-1.23226241e-02j
6.11157123e-01+3.68460924e-02j
1.35812158e-01+1.49070777e-02j
-6.64822198e-01+1.41274229e-02j
-9.83385477e-01+3.49586881e-02j
-5.04030670e-01-3.36435071e-02j
2.11725009e-01+2.84506544e-03j
5.96565806e-01+1.41727409e-03j
1.62293558e-01+2.32867001e-02j
-5.82085632e-01+2.86801486e-02j
-9.63742985e-01-5.31519007e-03j
-5.78884383e-01+8.88955658e-03j
1.77767181e-01+1.15862193e-02j
5.93204802e-01-1.50697481e-03j
1.98696487e-01-2.56161226e-03j
-5.85852007e-01-1.13454311e-02j
-9.45114692e-01-1.31722543e-02j
-5.97653891e-01-3.14882397e-03j
1.61357076e-01-1.70563488e-02j
5.69270373e-01-1.23349277e-02j
2.42876637e-01+1.86349243e-02j
-5.21233141e-01+1.19739855e-02j
-9.58860639e-01+3.62618175e-02j
-6.60475475e-01-1.73020518e-02j
1.48482035e-01-1.68135397e-02j
5.65873740e-01+6.29077275e-03j
2.77252967e-01-1.99185908e-02j
-4.97637506e-01+8.18096238e-03j
-9.54556064e-01+3.86747936e-03j
-7.19926944e-01-4.25210035e-02j
9.88659770e-02+2.16523708e-02j
5.84927909e-01+5.38922010e-05j
3.20673072e-01+1.15747811e-02j
-4.19491696e-01-1.70497688e-02j
-9.43357954e-01+8.57799736e-03j
-7.27638619e-01-1.18307482e-03j
1.79743837e-02-3.94107308e-03j
5.44672903e-01+3.49243713e-03j
3.31569802e-01+1.52423832e-04j
-3.96944558e-01-1.38126500e-02j
-9.02730533e-01+1.25711843e-03j
-7.55093634e-01+2.08625117e-03j
-3.29029273e-02-5.39419959e-03j
5.49288934e-01-1.19501116e-03j
3.85391915e-01+5.35720867e-03j
-3.22821977e-01-9.14378408e-03j
-8.88020386e-01-9.51926237e-03j
-7.93434854e-01-9.47524546e-03j
-7.92069662e-02+2.26554823e-03j
5.21862651e-01+3.50081970e-02j
4.16282707e-01-2.97512507e-02j
-2.85473085e-01+2.09825150e-02j
-9.03639998e-01+7.51861408e-03j
-8.23477408e-01+4.67438691e-04j
-1.07934054e-01-3.15640345e-02j
5.37987278e-01-1.50521829e-02j
4.28799245e-01+1.08829126e-02j
-2.59968110e-01-2.26145643e-03j
-9.00345205e-01+2.40926266e-02j
-8.66501718e-01-3.04647797e-02j
-1.65476464e-01+1.15193365e-02j
4.61604256e-01+9.17088173e-03j
4.76814337e-01-1.60642676e-03j
-1.93228993e-01+1.71975077e-02j
-8.78585274e-01+5.01533481e-03j
-8.43535632e-01-9.91928653e-03j
-1.93380244e-01-1.52716481e-02j
4.62284213e-01-1.60585946e-02j
4.70430262e-01-2.17588877e-02j
-1.61734495e-01-2.29981533e-02j
-8.16467702e-01+7.81933955e-04j
-8.60999791e-01+1.09057977e-03j
-2.60358049e-01+6.14292907e-03j
4.43349600e-01-2.03496757e-02j
5.28059777e-01-5.12164589e-03j
-7.77974091e-02+1.99585720e-02j
-8.16281018e-01+6.33419869e-03j
-8.53839086e-01-1.82521554e-02j
-2.69403667e-01-2.73664637e-03j
3.98561968e-01-1.56348125e-02j
5.63922502e-01-4.78288226e-03j
-5.18025435e-02-3.88833428e-02j
-7.85905869e-01+7.50159234e-03j
-9.18599198e-01-7.49610468e-03j
-3.17101492e-01-1.00120690e-02j
3.90943049e-01+3.16435653e-02j
5.42031569e-01-3.78858533e-03j
-2.45579176e-02+7.96956785e-03j
-7.31557613e-01+7.23489470e-03j
-9.27751816e-01-2.25459102e-02j
-3.79775462e-01+2.75885571e-02j
3.92454141e-01+2.15699887e-02j
5.39854833e-01+3.63970554e-04j
1.82356491e-02-1.37733821e-03j
-7.38163628e-01-2.33407673e-02j
-9.54509418e-01-1.16572599e-03j
-4.26223613e-01-4.23268375e-03j
3.32071614e-01+7.14162164e-03j
5.33659622e-01+6.74825699e-03j
5.33152547e-02-1.35672359e-02j
-6.86474688e-01+2.59579663e-02j
-9.47539155e-01+1.92628434e-03j
-5.08736769e-01+6.48074693e-03j
3.13621811e-01-2.50647081e-02j
5.79615070e-01+2.09293110e-03j
1.18782820e-01+3.60533617e-03j
-6.92852441e-01-6.87508113e-03j
-9.39008610e-01+1.25572374e-02j
-4.95235604e-01+1.33590767e-02j
2.45864630e-01+2.08455269e-02j
5.60948066e-01-2.34591138e-02j
1.29856920e-01-1.03972619e-02j
-5.94534325e-01+1.84647737e-02j
-9.65759669e-01-2.25555149e-02j
-5.45496560e-01+1.45007800e-03j
2.52653050e-01-2.29393926e-02j
5.92775378e-01+1.32005622e-02j
2.10614636e-01+2.22258731e-02j
-5.74564425e-01-9.79016155e-03j
-9.92957585e-01-1.40046381e-02j
-5.63687911e-01-1.35977683e-02j
1.95578085e-01+5.35121721e-03j
5.82216426e-01+1.32298957e-02j
2.05033145e-01-1.85344190e-03j
-5.09952009e-01-1.60176137e-02j
-9.43871698e-01-1.85502596e-02j
-6.25734511e-01+1.79151757e-03j
1.33505519e-01+7.51182920e-03j
6.03269392e-01+1.56456282e-03j
2.61714314e-01-4.99834281e-03j
-4.74526744e-01+2.36803082e-03j
-9.46682088e-01-1.82161580e-02j
-6.39198471e-01+7.20442582e-03j
7.70769300e-02-7.18733707e-03j
6.00398252e-01-1.66414941e-02j
3.00775282e-01+1.27382377e-02j
-4.70597896e-01-1.03336222e-02j
-9.75074349e-01+3.58881864e-03j
-6.70977318e-01+1.38822889e-02j
3.59841263e-02-3.48373754e-04j
5.77769432e-01-2.17082578e-02j
3.59998283e-01+1.30590514e-02j
-4.02131884e-01-2.77874973e-02j
-9.41989614e-01+4.50527958e-03j
-7.28089451e-01+4.51180912e-03j
9.74123010e-03-1.06300713e-02j
5.41439210e-01+1.15325315e-02j
3.72949164e-01+2.79383479e-02j
-3.94433891e-01-1.99220094e-02j
-9.37041586e-01-1.27773752e-02j
-7.69947565e-01+1.21102901e-03j
-6.06522980e-02-4.91625669e-03j
5.64145666e-01-9.01205650e-03j
4.12842960e-01-2.82543135e-02j
-3.18516232e-01-4.59396259e-02j
-8.95871593e-01+3.05889487e-02j
-7.89375679e-01-1.70860195e-02j
-6.05432302e-02+2.67268417e-02j
4.98302228e-01+1.55214282e-02j
4.34649498e-01+1.35821950e-02j
-2.64696997e-01-2.42328593e-03j
-8.69598203e-01+9.79436022e-03j
-8.05639139e-01+1.10282776e-02j
-1.34022623e-01-1.08196425e-02j
4.78163282e-01+2.73308441e-02j
4.37169160e-01-2.31478898e-03j
-2.32241379e-01-1.31514682e-02j
-8.85585515e-01-1.77886259e-02j
-8.44894672e-01+1.67075647e-02j
-1.97271966e-01-9.24954720e-03j
4.85802897e-01-7.30085366e-03j
5.17735696e-01+3.76406499e-02j
-1.99937989e-01+2.26136710e-02j
-8.41864572e-01+8.73858316e-03j
-8.57917186e-01+2.10520272e-02j
-2.52578565e-01-7.86494859e-03j
4.34100382e-01+4.77526867e-03j
5.02430491e-01+3.10488874e-02j
-1.04879250e-01-1.36250648e-02j
-8.31671989e-01+2.90239622e-02j
-8.93121434e-01+1.58981903e-02j
-2.67061242e-01-1.09495913e-02j
4.57128634e-01+1.09869270e-03j
5.22511434e-01-7.32826239e-05j
-7.22727792e-02-2.13830466e-02j
-8.02029465e-01-2.30355191e-03j
-8.94385938e-01+5.56940819e-03j
-2.91422230e-01+2.02638477e-02j
3.93756304e-01-2.01072162e-02j
5.69809813e-01-4.50876190e-03j
-4.72203174e-02+1.41175715e-03j
-7.62990218e-01-1.61530382e-02j
-9.59081992e-01-8.13581697e-03j
-3.06836899e-01-2.41742315e-02j
3.82964441e-01-2.38168143e-02j
5.68086636e-01+3.98171319e-03j
5.85268361e-03-1.83944683e-02j
-7.37493682e-01-1.71138727e-02j
-9.31483478e-01-8.99250661e-03j
-4.12969044e-01-1.43684969e-02j
3.63585808e-01+2.04594737e-02j
5.81547048e-01-5.47043350e-04j
7.42562319e-02+3.17232214e-02j
-7.26332400e-01+1.56140680e-02j
-9.40748658e-01+2.45419059e-02j
-4.14348179e-01-7.43593993e-03j
3.23720448e-01+3.14934109e-02j
5.60353952e-01-1.67402870e-02j
6.93566362e-02-4.23562252e-03j
-6.47792973e-01-1.18452265e-02j
-9.83985962e-01-2.89778158e-02j
-4.65209853e-01-1.02152197e-02j
2.52038800e-01-3.12827071e-02j
5.73559927e-01+1.77206817e-02j
1.45548027e-01+4.09459947e-02j
-5.95226583e-01-2.01954149e-02j
-9.50745895e-01+3.51421841e-02j
-5.15686888e-01-1.15131246e-02j
2.30706228e-01-1.05080870e-02j
6.03933854e-01-1.48628035e-03j
2.16638103e-01+8.41228966e-03j
-5.86743703e-01-6.39495138e-03j
-9.71113629e-01+1.49957720e-02j
-5.80487069e-01-5.96880578e-04j
1.75957412e-01-3.88629083e-03j
5.71408452e-01-1.40618446e-02j
2.10157629e-01-1.56972395e-02j
-5.42630663e-01-4.37477562e-02j
-9.41102250e-01+6.93787347e-03j
-6.04839699e-01+1.94082173e-02j
1.02882825e-01+1.73038934e-02j
5.58337991e-01-8.13895233e-03j
2.51024805e-01+1.84408475e-03j
-4.98339615e-01-1.77516808e-02j
-9.79904630e-01+2.01056745e-03j
-6.69194399e-01-2.57227495e-02j
1.41631056e-01+1.25884914e-02j
5.93331181e-01-9.95077217e-03j
3.12021842e-01-2.16144210e-02j
-4.78225606e-01+2.81546276e-02j
-9.44279998e-01-1.70201376e-02j
-6.70719146e-01-7.18118284e-03j
5.63482792e-02-1.75552371e-03j
5.50099200e-01-1.35880248e-02j
3.21290329e-01-4.91179758e-02j
-4.45429777e-01-3.47666875e-02j
-9.69113356e-01-2.37501898e-02j
-7.40308839e-01+1.86438916e-02j
-3.06701785e-03-5.75990054e-03j
5.52377940e-01-2.57536891e-02j
3.22896123e-01+4.20050000e-02j
-3.74233787e-01-1.45332293e-02j
-9.19410449e-01-2.59246241e-03j
-7.42968571e-01+3.80089934e-03j
9.24315028e-03+2.71911410e-02j
5.12503697e-01+2.41585963e-02j
3.97140507e-01+8.06857613e-03j
-3.48697856e-01+1.95597380e-02j
-9.03790039e-01+1.68657667e-03j
-7.92703072e-01+1.41444278e-02j
-4.94685028e-02-1.61422538e-02j
5.58754028e-01+9.27108519e-04j
3.90277081e-01+1.12603996e-02j
-2.79516888e-01+1.66969812e-02j
-9.01629140e-01-4.64051428e-03j
-8.26287419e-01-5.34167949e-03j
-1.07132228e-01+1.54158745e-02j
5.02377770e-01-1.50834684e-02j
4.69902083e-01+1.01425264e-02j
-2.72200138e-01-1.09110740e-03j
-8.66534425e-01-1.03009281e-02j
-8.28454550e-01-1.50853718e-02j
-1.27841243e-01-1.57335378e-02j
4.95095668e-01-1.93682819e-02j
4.83829786e-01-2.06601509e-02j
-2.03654014e-01-1.44303503e-02j
-8.56165081e-01+4.31479669e-03j
-8.75953272e-01+8.68107478e-03j
-1.84984866e-01+4.91667471e-04j
4.67081365e-01-3.17075088e-02j
5.10443295e-01+6.42175181e-03j
-1.49843856e-01+3.39438542e-02j
-8.15129363e-01+2.08564489e-02j
-9.15347576e-01+2.38207286e-02j
-2.07765120e-01-2.50034639e-02j
4.59060580e-01-2.08936382e-02j
4.94601534e-01-3.52666975e-03j
-1.00636099e-01+4.14693455e-03j
-8.10406085e-01-4.93533939e-03j
-8.95128750e-01-2.54240077e-03j
-2.96448539e-01-1.72132202e-02j
4.03269623e-01+1.77527549e-02j
4.91944306e-01+1.45734095e-02j
-3.68409309e-02-3.00977344e-02j
-7.79038788e-01+5.56406833e-03j
-9.35003238e-01-4.28435753e-02j
-3.67633553e-01+2.80510622e-03j
3.92413043e-01-1.48363237e-02j
5.29337996e-01-8.95405031e-03j
-1.34842895e-03-1.71816543e-02j
-7.64616914e-01-2.64418634e-02j
-9.18236114e-01-7.79240766e-03j
-3.88077948e-01+2.14416765e-02j
3.70116688e-01+1.93458420e-02j
5.74284672e-01-6.19340757e-03j
6.94531099e-02+3.96363228e-03j
-7.13837379e-01+2.79994181e-02j
-9.28467468e-01+8.02946527e-03j
-3.97446773e-01+2.72911498e-02j
3.06897351e-01+2.16031862e-02j
5.57449293e-01+1.32946349e-02j
7.82280638e-02-9.47809470e-03j
-6.72805548e-01-4.92184774e-02j
-9.73713016e-01-5.14877113e-03j
-4.98642682e-01+1.16014977e-02j
3.20922430e-01+2.94549320e-04j
5.74675186e-01-2.30659059e-02j
1.22701877e-01+3.97539615e-02j
-6.34843457e-01+2.13580226e-02j
-9.51055295e-01-4.34521069e-02j
-4.89176382e-01+1.85428998e-02j
2.42402716e-01+2.36303598e-02j
5.93234152e-01+4.75979987e-03j
1.65961432e-01-1.38917603e-03j
-5.90991865e-01-2.06158131e-02j
-9.36182513e-01+5.16914977e-02j
-5.59611386e-01+1.75886177e-02j
2.14898197e-01+1.18910722e-02j
6.04230185e-01-1.27184312e-02j
2.13015045e-01-2.06585119e-02j
-5.63847213e-01+3.49390868e-03j
-9.61537197e-01+9.80099072e-05j
-5.69263483e-01-1.20050447e-02j
1.35647454e-01-9.87641779e-03j
5.87653433e-01-4.10401918e-03j
2.47891293e-01-3.26671445e-02j
-5.39148668e-01-2.35056437e-02j
-9.70638032e-01+1.40414924e-02j
-6.33470853e-01-1.97957224e-02j
1.19305238e-01+2.02752778e-02j
5.32889455e-01-1.43348130e-02j
3.03089169e-01-6.67327599e-03j
-4.90658557e-01-9.89323161e-03j
-9.66570339e-01-4.53275415e-04j
-6.89524078e-01+1.21012764e-02j
7.20006997e-02+7.18547963e-04j
5.64145173e-01-6.70775940e-03j
3.47525473e-01-1.34162691e-02j
-4.14278117e-01-1.39605179e-02j
-9.48024607e-01-1.89931745e-02j
-6.94512899e-01-1.84978543e-02j
3.43087646e-02-7.22552168e-04j
5.48779775e-01-4.59454856e-03j
3.22115554e-01+1.79227574e-02j
-3.97425502e-01-2.98766391e-02j
-9.33464989e-01+1.79219148e-02j
-7.32820857e-01+9.28207215e-03j
1.85257102e-02+4.88594738e-02j
5.47859758e-01-9.37990389e-03j
3.86419595e-01-1.70342817e-02j
-3.08969085e-01-2.26978945e-02j
-9.48593407e-01+1.21179365e-03j
-7.59653396e-01-2.64318664e-02j
-5.60137032e-02+3.86955645e-03j
5.19369791e-01-5.20863463e-03j
4.32128666e-01-1.81933410e-02j
-3.41339651e-01+9.77358556e-03j
-8.91199970e-01-1.16264570e-02j
-7.94463263e-01-4.84883945e-03j
-1.05465627e-01+1.80074028e-02j
5.26412183e-01+1.81283379e-02j
4.35795352e-01-1.55853022e-02j
-2.62377139e-01+8.07766769e-03j
-8.88213167e-01-5.78312562e-03j
-8.24282034e-01-2.41843145e-02j
-1.53834622e-01+2.71932607e-02j
4.73470736e-01+3.40611855e-02j
4.70075197e-01-1.22325298e-02j
-2.40596608e-01+1.45965047e-02j
-8.52235568e-01+3.15529175e-02j
-8.57967441e-01-9.20662096e-03j
-1.99426074e-01-1.33857877e-02j
4.89003211e-01-9.60570649e-04j
4.74819823e-01-2.83950161e-02j
-1.84776485e-01-2.14902823e-02j
-8.38001293e-01-4.83033580e-03j
-8.60497077e-01-1.49154045e-02j
-2.39278151e-01+5.83234494e-04j
4.35529929e-01+7.85164354e-04j
5.25643820e-01-1.11091818e-02j
-1.30496087e-01+2.15444256e-04j
-8.23045176e-01-2.46778641e-02j
-8.84250295e-01+5.04938216e-03j
-2.64617267e-01-6.18248293e-03j
4.16576808e-01+2.77136293e-02j
5.49871580e-01+2.44337900e-03j
-6.87068615e-02-2.51931965e-02j
-7.84135390e-01-1.87010920e-02j
-8.75098805e-01+2.54983987e-05j
-3.14237758e-01-3.77384869e-02j
3.92557581e-01-1.19262045e-02j
5.30000282e-01+1.84389541e-02j
-6.40447190e-02+2.89679835e-02j
-7.73890821e-01+3.40598038e-02j
-9.13498917e-01+1.64153248e-02j
-4.19414798e-01-1.70979145e-02j
3.55320089e-01+1.96636983e-02j
5.74458258e-01+1.36172666e-02j
3.98570897e-02-2.97280118e-02j
-7.23015599e-01+5.27507655e-02j
-9.10912516e-01-8.19326804e-03j
-4.05896342e-01+4.59199866e-03j
3.37145601e-01+7.61133992e-03j
5.63010442e-01+8.08466460e-03j
5.43359576e-02+1.87178945e-02j
-6.82136702e-01-4.36018998e-04j
-9.04655966e-01+3.57880996e-02j
-4.71310057e-01+1.06372171e-02j
2.59632749e-01-4.33773115e-03j
5.50707213e-01-1.26774122e-02j
1.21265430e-01-2.15255250e-02j
-6.50324888e-01-1.61081074e-02j
-9.90850971e-01+1.68567980e-03j
-5.31482414e-01-2.56526476e-02j
2.76675563e-01-8.17917020e-03j
5.92453004e-01+8.78150316e-03j
1.48130696e-01+6.53549697e-03j
-6.35955923e-01-1.98528325e-02j
-9.40534596e-01+2.74632263e-02j
-5.68934792e-01-3.85146876e-02j
2.19958638e-01+2.39170624e-02j
5.86945639e-01-1.84698477e-02j
1.78088640e-01-3.06459837e-04j
-6.00888094e-01-1.31253612e-03j
-9.71901659e-01+1.59957018e-02j
-5.55976960e-01+1.40198997e-02j
2.38012200e-01-3.71304977e-03j
5.76429363e-01-3.14508437e-02j
2.41025625e-01-6.90769554e-04j
-5.26650314e-01+9.07612772e-03j
-9.60188186e-01+2.71119301e-02j
-5.97264321e-01+1.70643034e-02j
1.35281033e-01-1.09687007e-03j
5.68482623e-01-9.64922482e-03j
2.61485970e-01+3.27408625e-02j
-4.83089831e-01-3.80278288e-02j
-9.66646774e-01+3.29181695e-02j
-6.65095122e-01+8.66043822e-03j
8.36054401e-02+8.47996297e-03j
5.87108411e-01-1.84969580e-03j
2.98225266e-01+5.12499168e-03j
-4.68539229e-01+1.05400481e-02j
-9.84867419e-01-3.00819070e-03j
-6.84515603e-01-1.38715100e-02j
3.55500623e-02+3.32535158e-02j
5.83387671e-01-1.86587922e-02j
3.35003673e-01-2.39842703e-02j
-3.99495345e-01+2.62154736e-02j
-9.63784336e-01+8.12648188e-04j
-7.15744220e-01-1.76447321e-02j
3.49237609e-02-3.24138378e-02j
5.64803157e-01-2.13294060e-02j
3.56348059e-01-8.34682806e-03j
-3.87350686e-01-5.12878120e-03j
-9.08034289e-01-6.21007819e-03j
-7.80867957e-01-7.97731669e-03j
-3.19764067e-02+1.84042129e-03j
5.50091198e-01-3.14232967e-03j
3.74828643e-01+1.38040261e-02j
-3.25775860e-01+1.78166973e-02j
-9.22848316e-01+9.95210797e-03j
-8.01842705e-01-1.63884248e-02j
-3.76498933e-02-1.36286829e-03j
5.39212383e-01+9.37756655e-03j
4.00222828e-01+2.89767380e-02j
-2.86377027e-01-1.57485935e-02j
-8.90836029e-01+7.49095436e-03j
-8.41735673e-01+8.97441837e-03j
-1.32259329e-01+2.84321113e-02j
5.05738079e-01-1.39757835e-02j
4.72346920e-01-3.07042093e-02j
-2.52220615e-01+5.89152809e-03j
-8.80713133e-01+6.47551583e-02j
-8.34204887e-01-7.25101140e-03j
-1.44121521e-01+1.20525010e-02j
4.81247785e-01-5.19024215e-04j
4.95505023e-01+1.79510774e-02j
-2.06002434e-01+2.83875786e-02j
-8.55227802e-01-1.07784153e-02j
-8.83833183e-01+2.16833188e-02j
-2.35188956e-01-3.33083767e-04j
4.66658532e-01+2.22737859e-02j
4.75820887e-01+2.18202345e-02j
-1.61284570e-01+1.26564449e-02j
-8.41347426e-01-1.84543250e-03j
-8.56063531e-01-2.27962346e-02j
-2.69693602e-01-3.56559056e-04j
4.26546786e-01-2.44675069e-02j
5.00141166e-01+4.20845393e-02j
-8.50638683e-02-2.52393688e-02j
-8.30816014e-01+2.29104479e-02j
-9.03758327e-01+1.52326531e-02j
-3.22747209e-01+1.09757081e-02j
3.91737823e-01-1.76865015e-02j
5.34813454e-01-1.55310789e-02j
-3.51668558e-02-4.84310474e-03j
-7.88360100e-01+1.81968915e-02j
-9.06965957e-01-1.45121191e-02j
-3.58313662e-01+3.00893874e-02j
3.75933288e-01-5.53103609e-03j
5.20760174e-01+1.28230806e-02j
-5.35030434e-03-4.58429024e-04j
-7.44364366e-01-3.71422550e-02j
-9.40371570e-01+2.94400290e-02j
-4.24811365e-01-2.10893861e-02j
3.21879530e-01+3.64400404e-03j
5.50738413e-01+2.33115211e-02j
2.86092358e-02+6.80650307e-03j
-7.09707355e-01+2.47316012e-02j
-9.59620469e-01+1.07727577e-02j
-4.73224029e-01+2.34273695e-02j
2.91043845e-01+2.05315416e-02j
5.71822143e-01-1.25297945e-02j
4.52724185e-02-1.26860907e-02j
-6.96043123e-01+2.34137357e-02j
-9.59055587e-01-7.90099329e-03j
-5.00565627e-01+1.45734567e-02j
2.76551982e-01-1.12789042e-02j
5.74040721e-01-1.06108299e-02j
1.32680441e-01-1.99777905e-02j
-6.24983184e-01-3.95409016e-03j
-9.86614829e-01-1.11636971e-02j
-5.21127829e-01+4.81159848e-03j
2.62458549e-01-8.29704508e-04j
6.08120338e-01+1.19788674e-03j
1.63649839e-01-7.47589900e-03j
-6.01342904e-01+4.92373799e-02j
-9.84795231e-01-1.20565119e-02j
-5.67749269e-01-1.15515212e-02j
1.81480264e-01-3.64431951e-03j
5.55150390e-01-6.33326846e-03j
2.21857432e-01-4.57972304e-02j
-5.53520286e-01+5.99159762e-03j
-9.77548227e-01+9.08194251e-04j
-6.16398117e-01+6.96027830e-03j
1.29617963e-01-9.36178052e-03j
5.61945051e-01-7.27435818e-03j
2.53641811e-01+9.09283800e-03j
-5.26465694e-01-1.59703450e-02j
-9.63858283e-01-9.00695699e-03j
-6.46087453e-01+1.24849796e-02j
1.46173458e-01+3.07134362e-03j
5.97910813e-01-1.84239143e-02j
3.09762624e-01-1.51217544e-02j
-4.83153509e-01+7.52131123e-03j
-9.45731779e-01-4.45072898e-03j
-6.81228509e-01+4.96150868e-03j
8.10481606e-02+1.72228551e-02j
5.63478356e-01+7.02519087e-03j
3.32514471e-01+6.75627232e-03j
-4.46458913e-01+3.43553946e-04j
-9.48194868e-01-1.47433963e-03j
-7.01504286e-01-2.44507214e-02j
-7.49800350e-03+1.06178272e-02j
5.46619703e-01-1.05763808e-02j
3.29065640e-01-1.59524032e-02j
-3.83714348e-01-2.07561055e-02j
-9.57117301e-01-2.82298851e-02j
-7.25618186e-01-3.89571869e-03j
-4.27174190e-02-1.93808482e-02j
5.40942876e-01-4.52239631e-03j
4.08919419e-01+1.14659234e-02j
-3.43217172e-01+2.30896740e-02j
-9.18394978e-01+7.90287244e-03j
-7.68481663e-01+1.15351973e-02j
-7.44391622e-02-3.41726259e-03j
5.28987391e-01-1.23206903e-03j
3.98513358e-01+4.57346953e-03j
-3.02395832e-01-2.67813530e-02j
-8.98028252e-01-7.19589147e-03j
-7.99674725e-01-4.08456051e-04j
-1.11491912e-01-2.08945789e-02j
5.39851892e-01-2.88383692e-02j
4.45666764e-01+5.13729969e-03j
-2.42546314e-01+1.06032244e-02j
-8.59867978e-01-1.37509948e-02j
-8.51187325e-01-3.00060265e-02j
-1.26562605e-01+1.78718696e-02j
4.75621008e-01+9.55872268e-03j
4.96270047e-01-9.19595304e-03j
-2.00043353e-01-3.36025070e-02j
-8.92891855e-01-2.00964252e-02j
-8.56213192e-01+5.28344255e-03j
-1.96568566e-01+1.06366459e-02j
4.52954230e-01+4.08686424e-03j
4.93117018e-01+1.19747067e-02j
-1.35469131e-01-2.77239975e-02j
-8.39405325e-01+9.93862581e-03j
-8.83536320e-01-1.89007821e-02j
-2.46126745e-01-5.33665111e-03j
4.52663453e-01+1.24097585e-02j
5.18735502e-01+3.94782284e-02j
-1.04978980e-01-1.05501229e-02j
-8.06566689e-01-1.94032149e-02j
-9.29189006e-01+3.03274999e-03j
-2.70057170e-01-2.12263062e-02j
4.19590876e-01+1.02485535e-02j
4.82617495e-01-1.90452618e-02j
-8.16799888e-02+1.03785153e-02j
-7.94571265e-01-1.41720851e-02j
-9.03587282e-01+2.67620145e-02j
-3.21344611e-01-1.16781427e-02j
3.65449173e-01+2.69532493e-02j
5.63693713e-01+2.46086005e-02j
-2.52810671e-02+1.54443261e-02j
-7.72257377e-01-2.13931030e-03j
-9.34226560e-01-4.40942936e-03j
-3.84769739e-01-1.23370353e-02j
3.31244728e-01-1.18387491e-02j
5.53046733e-01+2.30598770e-02j
4.02731875e-02+6.68056502e-03j
-7.46370358e-01+1.50271007e-02j
-9.49989102e-01+1.31839897e-02j
-4.62075460e-01-1.99418057e-02j
3.45475687e-01+1.07520733e-02j
5.88793165e-01-2.32914700e-02j
1.03619232e-01+2.35595180e-02j
-6.74831720e-01-9.51686635e-03j
-9.40178974e-01-3.60779785e-02j
-4.50939333e-01+1.95511885e-02j
2.74921853e-01+4.10134196e-03j
5.72905007e-01+5.17306199e-02j
1.14624802e-01-5.69447517e-03j
-6.40719693e-01-4.80906470e-03j
-9.55104646e-01+4.47124234e-04j
-4.98416437e-01-6.36458262e-04j
2.41968913e-01+1.06013767e-02j
5.69305284e-01+4.84054459e-03j
1.45370887e-01-6.81553636e-03j
-5.93602249e-01+3.41164293e-03j
-9.42385735e-01+1.01436060e-02j
-5.26045138e-01-1.81639111e-02j
1.65716546e-01-6.53748978e-03j
5.60996257e-01+5.90321782e-04j
2.22922490e-01+1.35256325e-02j
-5.59328078e-01+1.11787820e-02j
-9.33835797e-01-4.92104418e-03j
-5.93713580e-01+2.78120856e-02j
1.99616616e-01-2.57334777e-02j
5.89519824e-01-8.90476358e-03j
1.83431948e-01-4.77131333e-03j
-5.08673071e-01-3.70674810e-02j
-9.63182610e-01-2.06097491e-03j
-6.17430122e-01+1.00784265e-02j
1.23552700e-01+1.12755196e-02j
5.46042297e-01-3.25981693e-03j
2.60355781e-01-1.12230028e-02j
-4.52548116e-01+1.75075881e-02j
-9.53916507e-01-1.47266700e-04j
-6.64385994e-01+2.26045150e-02j
9.91686417e-02-7.15967553e-03j
5.67737843e-01+4.51429393e-05j
2.94642305e-01+5.93374142e-03j
-4.34002719e-01-1.80893461e-03j
-9.51210446e-01+1.66119403e-02j
-6.79190986e-01+7.08642383e-03j
9.97310907e-02-1.69288033e-02j
5.76640722e-01+1.50037493e-02j
3.41142617e-01-1.17336455e-04j
-4.04468682e-01-1.71210143e-02j
-9.46922977e-01+1.45784398e-03j
-7.25569682e-01-3.25831236e-02j
-5.30056713e-03-1.78204161e-02j
5.45674303e-01-1.88289834e-03j
3.60227483e-01-2.28544047e-02j
-3.44633325e-01+1.34884899e-02j
-9.20268164e-01+6.29912204e-03j
-7.60579874e-01-2.13610259e-02j
-2.35650816e-02+2.41260904e-02j
5.44356891e-01+2.68914856e-02j
3.75810753e-01-2.26859560e-03j
-3.30431151e-01-2.36403127e-02j
-8.97180084e-01-5.27274934e-03j
-7.70940274e-01+1.48392016e-02j
-1.02012239e-01+4.44359520e-03j
5.16184284e-01-3.21939762e-02j
4.46761527e-01+2.88611298e-02j
-2.54594028e-01-1.10085784e-02j
-8.82606796e-01+9.61005566e-03j
-7.95839586e-01-9.11383359e-03j
-1.42776379e-01+1.05197691e-02j
5.38435378e-01-1.43017835e-02j
4.44236108e-01-1.42350375e-02j
-2.19356487e-01-6.67330523e-03j
-8.23834344e-01+9.01548967e-03j
-8.22887460e-01+1.32857861e-02j
-1.90993623e-01-1.38494761e-02j
4.77340494e-01+1.06272676e-02j
4.50195701e-01-1.08922654e-02j
-1.63911625e-01+1.56661371e-02j
-8.61175609e-01+2.23076050e-02j
-8.77753926e-01+2.79525473e-03j
-2.38262903e-01-1.68830547e-02j
4.47827421e-01+8.50291679e-03j
4.79753319e-01+1.18454690e-03j
-1.11321817e-01+2.70080829e-02j
-8.29863139e-01+1.73032828e-02j
-8.77328360e-01+5.02672872e-02j
-2.54623996e-01+2.50909500e-03j
4.03309877e-01+8.46188413e-03j
5.44028642e-01-4.82710835e-03j
-7.57017564e-02+6.03299181e-03j
-7.71282114e-01+1.84407795e-02j
-9.36414879e-01+9.61722746e-03j
-2.92030552e-01+2.99396793e-02j
4.10046180e-01+4.66592272e-02j
5.17620540e-01-1.15680785e-02j
-3.63285469e-02+6.75351760e-03j
-7.56257533e-01-2.02367840e-02j
-9.29591386e-01-4.30933778e-02j
-3.88585169e-01+1.47295648e-02j
3.88644702e-01+1.16131000e-02j
5.48446374e-01-1.44379933e-04j
1.01676533e-02+1.06632332e-02j
-7.42480780e-01+3.27529357e-03j
-9.65297582e-01+6.34696735e-03j
-4.24502668e-01+2.08673551e-03j
3.45888480e-01+1.39670719e-02j
5.64409403e-01-2.51123646e-02j
6.28943739e-02-1.34004202e-02j
-6.49116913e-01+2.23689370e-02j
-9.33353277e-01-7.55932549e-03j
-4.78490233e-01-2.96529961e-02j
3.05639576e-01-2.79860889e-02j
5.37862881e-01-9.50942750e-03j
7.22861332e-02+6.55454505e-03j
-7.07783305e-01+1.15293670e-02j
-9.52107097e-01-2.41862275e-02j
-5.01494641e-01-1.88250206e-02j
2.65608948e-01-6.30622210e-03j
5.71552157e-01-1.21738107e-02j
1.40025180e-01+7.35443793e-04j
-6.46070561e-01+1.85975270e-02j
-9.73882230e-01+1.08219381e-02j
-5.48353110e-01+1.68606819e-02j
2.24373887e-01-4.14444364e-02j
5.71781080e-01-3.17359557e-02j
1.63779629e-01+2.57599612e-02j
-5.62165514e-01-1.04194554e-02j
-9.69427502e-01+7.58899606e-03j
-5.78357351e-01+1.79537337e-02j
1.63116671e-01-4.50529269e-03j
5.93734311e-01-1.29855814e-02j
1.98744460e-01-4.45290698e-02j
-5.18852528e-01+1.03753399e-02j
-9.87528453e-01-4.51035057e-03j
-6.34777635e-01+9.09193320e-03j
1.18612721e-01+5.38588187e-03j
6.16735642e-01-1.64063040e-02j
2.62148268e-01+8.58649920e-03j
-5.02281512e-01-1.29089837e-02j
-9.48055431e-01-7.96681058e-03j
-6.61576561e-01-1.78583449e-03j
1.01859854e-01+3.66090959e-03j
5.49469998e-01+2.05935893e-02j
2.71563940e-01+4.05574696e-03j
-4.81514076e-01+2.89507184e-02j
-9.68508648e-01-4.02799160e-03j
-6.90395358e-01+1.14373812e-02j
8.56340798e-02-1.16590376e-02j
5.88466581e-01-1.44324422e-02j
3.15518428e-01-1.44843997e-02j
-4.24353519e-01-3.68866059e-03j
-9.35813814e-01+2.24952784e-02j
-7.06596320e-01+1.24286921e-03j
3.16578647e-02+1.34769549e-02j
5.45860714e-01-7.88827571e-04j
4.09674805e-01+1.98898412e-02j
-3.84100278e-01+6.40659318e-03j
-9.40983636e-01+2.48531126e-02j
-7.35114977e-01+1.12676860e-02j
-7.65068893e-03+6.56204379e-03j
5.43404331e-01-2.64560033e-03j
3.68189353e-01-3.61693248e-02j
-3.72963920e-01+1.09636188e-02j
-9.02711006e-01+1.67460980e-02j
-7.73376052e-01+2.09782062e-03j
-8.24897986e-02-2.59173578e-02j
5.40714966e-01+1.21308881e-02j
4.05807306e-01+1.31990629e-03j
-2.78811875e-01+1.20051417e-02j
-9.00892187e-01-9.49099456e-03j
-7.93126233e-01-1.63965524e-02j
-9.75056779e-02-1.69911568e-02j
5.32252779e-01+7.93893212e-03j
4.58725475e-01-1.01746302e-02j
-2.68678594e-01+1.79090278e-02j
-9.18582763e-01-6.26085914e-03j
-8.59883930e-01-3.90800208e-03j
-1.82068404e-01+3.24395116e-03j
4.66958388e-01+8.44228421e-03j
4.73874117e-01+1.72732099e-02j
-1.73485425e-01+1.34064332e-03j
-8.49918118e-01+6.44674696e-03j
-8.68303260e-01+1.20891548e-02j
-1.87233866e-01-7.00945853e-03j
4.39719687e-01-6.83676403e-03j
4.70509418e-01-1.66392137e-02j
-1.63344481e-01-9.79740838e-03j
-8.24160287e-01-2.23895467e-02j
-8.98308183e-01+4.75994335e-02j
-2.60762016e-01-3.08720446e-02j
4.68264208e-01-3.77095486e-02j
4.91275231e-01-8.80884966e-04j
-8.43119002e-02+5.83773039e-02j
-8.30870356e-01+2.03906028e-02j
-8.90953814e-01-1.86488706e-02j
-3.11410618e-01-1.90398245e-02j
4.07615426e-01+2.44931705e-02j
5.55306934e-01+8.71441447e-03j
-6.36012641e-02+1.70864255e-02j
-7.30454845e-01-1.26931922e-02j
-9.30959048e-01+1.77446201e-02j
-3.31566202e-01-6.42717355e-03j
3.72358687e-01+8.00392639e-03j
5.55862793e-01-3.79768736e-02j
-1.14571621e-02-2.09317210e-03j
-7.49560858e-01-5.47168764e-03j
-9.35611341e-01-2.24730762e-02j
-4.00414654e-01-2.32764176e-04j
3.27539685e-01+5.22776063e-03j
5.61047762e-01-4.37810979e-02j
9.11077581e-03-4.08740715e-03j
-7.31009919e-01+1.08873754e-02j
-9.54096036e-01+4.99239198e-03j
-4.09228680e-01-2.37245357e-02j
3.22445393e-01-5.44257911e-03j
5.64640712e-01-8.08005741e-03j
7.82716035e-02-1.02231797e-02j
-6.98147569e-01-2.22364720e-02j
-9.56465142e-01-4.48284466e-04j
-4.84589423e-01-5.54067969e-03j
2.86788035e-01+2.05831489e-02j
5.25844606e-01+1.96194060e-02j
1.33497129e-01-1.57760257e-03j
-6.41688498e-01+3.23245594e-03j
-9.57456600e-01+1.35922658e-02j
-5.25500274e-01+8.40719492e-03j
2.39622243e-01+9.18202198e-03j
5.74085882e-01-1.73896662e-02j
1.72883095e-01+1.86329552e-02j
-6.05925499e-01+2.53045541e-02j
-9.42310696e-01-1.75719684e-04j
-5.52637223e-01+2.20719615e-02j
2.03533459e-01-3.15631080e-02j
5.69006454e-01-2.45931379e-02j
2.27493124e-01-1.49098525e-03j
-5.50344059e-01-3.29536117e-03j
-9.71684586e-01-1.69324900e-02j
-6.10165572e-01+8.30101057e-03j
1.56304840e-01+8.15484209e-03j
5.97589545e-01+2.54352580e-03j
2.36269563e-01-2.53315504e-02j
-5.37576149e-01+2.79490771e-02j
-9.69189970e-01+2.66145258e-03j
-6.26392751e-01-1.66582707e-02j
1.12047019e-01-2.18651655e-02j
5.89961577e-01+1.78323070e-02j
2.90147506e-01+1.20275373e-02j
-4.79234690e-01-2.74702855e-02j
-9.42531807e-01-2.09512152e-02j
-6.82931010e-01+4.87671313e-03j
6.91460090e-02+5.34907926e-03j
5.76876280e-01+3.31332117e-04j
3.22441731e-01+2.43252265e-02j
-4.35531730e-01-1.01799958e-02j
-9.61143219e-01+1.67160117e-02j
-6.90949979e-01+2.20574586e-03j
1.99513468e-02+1.90000460e-02j
5.89448319e-01+9.86755731e-04j
3.40203955e-01-1.96777300e-02j
-3.88643248e-01+2.46393764e-02j
-9.43037699e-01+2.34977085e-02j
-7.66107023e-01+3.24697610e-02j
-1.39767452e-02+6.84277010e-03j
5.38713000e-01-2.26117009e-02j
3.70537691e-01-4.14248783e-03j
-3.49895567e-01-3.45184720e-03j
-9.17901736e-01-3.11358229e-02j
-7.72766999e-01+8.41690828e-04j
-5.26734888e-02+6.69287416e-03j
5.05189721e-01-1.02863586e-02j
4.43301880e-01+1.91190216e-02j
-2.79320979e-01-2.73609782e-03j
-8.85721287e-01-1.53126421e-03j
-8.13598160e-01+4.86990010e-02j
-9.89255447e-02+5.54780601e-04j
5.01167947e-01-1.99956896e-03j
4.20472597e-01-6.98678903e-03j
-2.33674954e-01+1.21059190e-03j
-8.79365810e-01-1.06086648e-02j
-8.31026450e-01+9.31114367e-04j
-1.46982995e-01-1.68933074e-02j
4.88974180e-01-5.54811122e-04j
4.71457014e-01-1.19834864e-02j
-2.30905076e-01-9.51996291e-03j
-8.57889752e-01-4.31628821e-04j
-8.19088545e-01+1.20865237e-02j
-1.80781149e-01+1.47179996e-02j
4.53768540e-01+2.18246824e-03j
4.74029960e-01-1.65818916e-02j
-1.82672123e-01-1.41798849e-02j
-8.38679841e-01-1.80303699e-02j
-8.65118397e-01+4.21975738e-02j
-2.30492075e-01+3.82450083e-03j
4.54402695e-01+1.12313651e-02j
4.93272672e-01-2.89759593e-02j
-1.45323976e-01-3.54133260e-02j
-7.81267508e-01-2.79248105e-03j
-8.83153194e-01+2.06819451e-02j
-3.00132677e-01+4.60706512e-02j
4.00240908e-01+3.87792200e-03j
5.47456792e-01-3.24662894e-02j
-5.32719455e-02-2.13093981e-02j
-7.90376306e-01-1.05958523e-02j
-9.20180499e-01-4.37947321e-02j
-3.00681555e-01-5.33885681e-03j
3.91127951e-01-1.78298624e-02j
5.61006386e-01-3.80574490e-02j
-5.60612911e-02+3.11386061e-02j
-7.77184881e-01+8.39478381e-04j
-9.50187382e-01+1.05545832e-02j
-3.75417758e-01+1.71566815e-02j
3.62004064e-01-2.67803576e-02j
5.30337267e-01-1.50663818e-03j
2.28048381e-02+1.29043282e-02j
-7.50863573e-01-4.56061162e-03j
-9.36428479e-01-5.00332486e-03j
-4.15429605e-01-1.21961373e-02j
3.08733305e-01-2.83986269e-02j
5.73008327e-01+5.52373078e-03j
4.84892382e-02-9.83565417e-03j
-6.81814979e-01-6.14055299e-03j
-9.79938000e-01+1.87823439e-02j
-4.69788793e-01+8.98714409e-03j
2.84743448e-01+8.68640097e-03j
5.75589121e-01+1.48918312e-02j
8.90848434e-02-1.22791264e-02j
-6.73120394e-01+2.72659806e-02j
-9.62689842e-01-1.60570414e-03j
-5.20353756e-01+1.90938462e-02j
2.61190516e-01+2.49291548e-02j
5.68785198e-01+8.75295773e-03j
1.56807073e-01-6.32125292e-03j
-6.22671135e-01-9.50485213e-03j
-9.82912954e-01-1.56225104e-02j
-5.25339893e-01+1.38479561e-02j
2.48276528e-01+1.01686282e-02j
5.84384717e-01-1.93522020e-02j
1.47819159e-01-1.01832008e-02j
-5.89617174e-01+1.03180448e-02j
-9.75884901e-01+1.79742446e-02j
-5.76152439e-01-7.90970833e-03j
1.56967092e-01-8.33694559e-03j
5.58275000e-01-1.27504428e-02j
2.34319791e-01+1.02626207e-02j
-5.36064570e-01+7.35660941e-03j
-9.39828753e-01-1.70432491e-02j
-6.23116705e-01+1.41963071e-02j
1.25643564e-01+2.68175907e-03j
5.75227324e-01-2.56339791e-02j
2.61490187e-01-1.74259099e-02j
-5.05470803e-01+2.79618425e-02j
-9.32219448e-01-5.63963465e-03j
-6.72439870e-01+1.30507839e-02j
1.01530569e-01-1.24336585e-02j
5.73115128e-01+2.28609652e-02j
2.72608373e-01+1.15090957e-02j
-4.54147813e-01+2.11209934e-02j
-9.40997563e-01-1.66087662e-02j
-6.71902944e-01-3.06250234e-02j
4.07169242e-02+2.35674058e-03j
5.66638220e-01+1.19299594e-02j
3.34128984e-01-2.12420175e-02j
-4.52543131e-01+5.35647349e-03j
-9.68951856e-01-1.49608718e-02j
-7.49216784e-01-2.52773800e-03j
1.77708557e-03-1.64605051e-02j
5.52670683e-01-4.90551616e-03j
3.85828609e-01+1.70523005e-02j
-3.81832003e-01+1.05303932e-03j
-9.13550820e-01+1.33022296e-02j
-7.63694463e-01+1.57819463e-02j
-7.56158855e-03+1.49674780e-02j
5.11903106e-01-5.06955125e-02j
4.12228516e-01-1.13753497e-02j
-3.36048004e-01+2.69065081e-02j
-9.10368347e-01-1.47466080e-02j
-7.90592673e-01+1.11308913e-02j
-7.80653047e-02+2.49445378e-02j
5.15790869e-01+2.98072807e-02j
4.35292189e-01+2.27522276e-03j
-2.86111006e-01-2.03252050e-03j
-9.17781189e-01-2.51912151e-03j
-8.31891049e-01-7.22358698e-03j
-1.20301601e-01+8.16584540e-03j
4.81289907e-01-1.67049636e-02j
4.23614943e-01+2.03978698e-03j
-2.37603764e-01-3.29987839e-02j
-8.78129660e-01-3.98519193e-03j
-8.61207288e-01-2.53496158e-02j
-1.80112271e-01-3.24003833e-02j
4.72100912e-01-3.59934493e-02j
4.72951126e-01-8.46771500e-04j
-2.04156367e-01-2.15293057e-03j
-8.66237591e-01+1.20637145e-03j
-8.64722101e-01+5.67264827e-03j
-2.23173895e-01+8.70209318e-03j
4.65295502e-01-1.07928439e-02j
5.08844702e-01+1.07490375e-02j
-1.52789566e-01-1.66173691e-03j
-8.14479083e-01+1.11367548e-02j
-9.07565285e-01+1.54950509e-02j
-2.78172828e-01-2.49857963e-03j
4.52820468e-01-1.38233151e-02j
5.13050703e-01-2.35160508e-03j
-7.30742306e-02+6.80573022e-03j
-7.93139364e-01+2.97297393e-02j
-8.83839725e-01+3.51166969e-03j
-2.78477462e-01-1.85697258e-02j
3.99879770e-01-3.19303717e-02j
5.59231846e-01+1.59166781e-02j
-4.27137467e-02-1.51797715e-02j
-8.00033839e-01+1.98222445e-02j
-9.26928791e-01+1.11534744e-02j
-3.73921121e-01-1.57672924e-02j
3.81263874e-01+2.99241386e-02j
5.39137737e-01-2.23562737e-02j
-6.09743040e-03+9.93105442e-03j
-7.21906880e-01+2.23708466e-02j
-9.15699512e-01-1.22852439e-02j
-4.33327526e-01-7.65184027e-03j
3.38524280e-01+6.87209811e-03j
5.44850633e-01+7.25935192e-03j
5.69564650e-02-1.11250540e-02j
-6.74339373e-01+1.19259990e-03j
-9.74324615e-01-2.42935346e-03j
-4.87309900e-01-1.19796966e-02j
3.13700887e-01-5.97268324e-03j
5.82179456e-01-2.58929190e-02j
6.62096703e-02+6.24739871e-04j
-6.65258868e-01+1.24447062e-02j
-9.28302869e-01+3.07371041e-04j
-4.66086593e-01+2.23417092e-02j
2.93546134e-01-1.00239594e-02j
6.21986642e-01+2.56878720e-03j
9.52911339e-02+4.53390340e-03j
-6.18372326e-01-7.02718380e-03j
-9.58931798e-01+1.23838639e-02j
-5.47594742e-01-1.89143156e-04j
2.50541445e-01+9.39835125e-03j
5.88832435e-01+1.92285572e-03j
1.71045168e-01-4.67325516e-02j
-6.06458750e-01+6.85532141e-03j
-9.43364397e-01-7.82551313e-03j
-5.70318732e-01+8.45642577e-03j
1.54603562e-01-4.15786546e-02j
5.87541341e-01+6.81857441e-03j
2.37472061e-01+1.13894768e-02j
-5.50052066e-01+2.39932423e-02j
-9.36658584e-01-3.13098991e-02j
-5.59116856e-01-2.59553155e-02j
1.52367834e-01-1.11441383e-02j
5.82458565e-01+2.18527843e-02j
2.39380382e-01-9.61516853e-03j
-4.92323425e-01-1.41153760e-02j
-9.55605018e-01-1.81833302e-02j
-6.57288188e-01+1.15543657e-02j
1.01680731e-01-1.68468245e-02j
6.02806882e-01+6.60191954e-03j
3.30323442e-01-2.02314822e-02j
-4.64059651e-01+9.38059192e-03j
-9.51766178e-01+2.28976896e-02j
-6.74463168e-01+2.19488866e-03j
7.59142524e-02+1.48446846e-02j
5.75125061e-01+4.99444932e-03j
3.47193432e-01+1.83255013e-02j
-4.27891308e-01-1.85076935e-03j
-9.42139361e-01+1.42031745e-02j
-7.26500792e-01-1.67813238e-02j
2.38864073e-02-3.41676392e-02j
5.52533194e-01+4.20012828e-02j
3.78716655e-01+2.62605594e-04j
-4.11808582e-01+3.30265314e-02j
-9.34128466e-01-4.42923240e-02j
-7.40628979e-01-6.59226676e-03j
-2.35380603e-03+2.28503489e-02j
5.57145615e-01+8.17487001e-03j
3.77663216e-01+8.22443409e-03j
-3.31935912e-01+2.35445320e-03j
-8.93939381e-01-4.52382716e-03j
-7.76055922e-01-1.75481706e-02j
-4.22271032e-02-2.65669644e-02j
5.32137898e-01-2.35004682e-02j
4.44104494e-01-5.13525549e-03j
-3.05186438e-01+1.26795253e-02j
-9.21010642e-01-9.17064615e-03j
-7.99963790e-01-3.48855062e-03j
-9.37558150e-02+2.59755427e-02j
5.10927554e-01-4.06849128e-03j
4.36621706e-01+9.72225499e-04j
-2.59854011e-01-9.62709658e-03j
-8.65768209e-01-4.30175743e-03j
-8.13618336e-01-3.32663269e-02j
-1.74069031e-01-1.46895464e-02j
4.85007481e-01+1.43506607e-02j
4.84591694e-01-6.53181110e-03j
-2.02957116e-01-2.53255481e-02j
-8.90101388e-01-1.24775345e-02j
-8.46776402e-01+2.83591352e-02j
-2.04949741e-01-1.16455722e-02j
4.83529071e-01-3.22592340e-03j
4.83859973e-01+6.13363761e-03j
-1.94327464e-01-2.91043805e-02j
-8.44338539e-01-1.04517924e-03j
-8.49883487e-01-6.82226102e-03j
-2.64972722e-01-1.74737208e-02j
4.57998704e-01-1.31379657e-02j
5.13848008e-01+3.79074913e-02j
-1.29667912e-01+7.69020521e-03j
-8.05578490e-01-1.52625184e-02j
-9.01117565e-01-7.67327816e-03j
-2.99580662e-01-2.16853568e-06j
4.36514485e-01+1.90148893e-02j
5.55782365e-01+3.29221872e-03j
-6.46706227e-02-1.78021231e-02j
-8.06662862e-01-5.58236441e-03j
-9.34316874e-01-3.99985869e-02j
-3.26917996e-01+6.07528313e-03j
3.91013999e-01+3.42942211e-03j
5.69536784e-01+6.44552405e-04j
-3.85771766e-02-1.47221756e-02j
-7.62726383e-01-2.68925466e-03j
-9.45880709e-01-1.58923840e-02j
-3.77134597e-01-1.87418296e-02j
3.37077718e-01-8.92832949e-03j
5.55610111e-01-2.37850857e-02j
4.61333539e-02+1.20525203e-03j
-7.31351670e-01+2.01041474e-02j
-9.17910144e-01-6.46590974e-03j
-4.38158617e-01-1.25090588e-02j
3.15937052e-01+1.55571235e-03j
5.59598624e-01-1.13382748e-02j
6.94418831e-02+2.47849392e-02j
-7.33541112e-01+8.37539623e-03j
-9.53580659e-01-4.15552570e-03j
-4.67658204e-01+2.51280310e-03j
2.60898512e-01+3.22194892e-02j
6.02078520e-01+3.79882141e-03j
1.05158868e-01-2.13621183e-02j
-6.93563523e-01-5.44167151e-03j
-9.65691885e-01+1.44326535e-02j
-5.14770289e-01-2.58147485e-02j
2.53047345e-01-1.55674752e-02j
5.71401643e-01+1.05735654e-02j
1.42366006e-01+6.18803426e-03j
-6.23004754e-01-1.60455301e-02j
-9.46258907e-01-2.53905344e-02j
-5.51617797e-01+9.65748033e-03j
2.09527897e-01-2.40077030e-03j
5.89609792e-01+1.06627971e-03j
1.86528190e-01+1.85354819e-02j
-5.52783580e-01+1.19611197e-02j
-9.71965860e-01+2.81125346e-02j
-6.13716802e-01-1.87927184e-02j
1.92253486e-01-1.88605940e-02j
5.81070318e-01+1.84192684e-02j
2.08644987e-01-2.88156029e-02j
-5.35754367e-01-8.78058489e-03j
-9.75665982e-01-1.64239656e-02j
-6.26183685e-01-1.03041859e-03j
1.16635813e-01+1.80104515e-03j
5.58514846e-01+2.01443589e-02j
2.91289139e-01-2.76867490e-03j
-5.01542247e-01-8.11688111e-03j
-9.63281053e-01-2.05425769e-02j
-6.69158090e-01+1.93670589e-04j
8.54279590e-02+1.78140365e-03j
5.42269446e-01+1.77457596e-03j
3.07862995e-01+2.60263392e-04j
-4.42374785e-01-1.76034735e-03j
-9.57191873e-01+4.27875940e-02j
-7.32824683e-01+1.69300485e-03j
6.09780992e-02+2.26235653e-02j
5.95408700e-01+1.65724250e-02j
3.88582509e-01+1.25125583e-02j
-3.93851109e-01-8.86841801e-03j
-9.26117624e-01+6.11066754e-03j
-7.43722464e-01-1.59356237e-02j
2.35569394e-02-8.85206109e-03j
5.95311858e-01-1.27301680e-02j
3.73215721e-01+6.02134266e-03j
-3.34491822e-01+1.14759256e-02j
-9.18565971e-01+1.97029767e-02j
-7.44576472e-01-8.69776167e-03j
-1.94016800e-02-2.19872319e-02j
5.59849109e-01+1.35520631e-02j
4.06852756e-01-4.97664398e-03j
-3.07325004e-01+1.08397965e-02j
-9.13325775e-01-6.43507367e-03j
-8.15967033e-01-1.51005776e-02j
-1.05404290e-01+6.45577065e-03j
5.05718069e-01+2.17368423e-02j
3.99190883e-01-8.82182200e-03j
-2.94020661e-01-1.98009850e-02j
-9.09534382e-01+1.73164972e-03j
-7.98059309e-01-2.60988564e-03j
-1.49974276e-01-1.79352569e-02j
4.79165581e-01+6.67277971e-03j
4.63625926e-01+9.93450430e-03j
-2.03669228e-01+3.25659411e-02j
-8.74410170e-01+3.37709316e-02j
-8.39243736e-01+7.20832454e-03j
-1.87026484e-01-1.47949782e-02j
4.80270865e-01-7.62582035e-03j
4.69112274e-01-4.11098369e-03j
-1.47703293e-01-1.25098404e-02j
-8.50684155e-01-1.94390163e-03j
-8.44999685e-01+5.53947863e-03j
-2.11420753e-01+2.69445307e-02j
4.79652813e-01+1.62307400e-02j
4.79604969e-01-2.66139280e-02j
-1.02665928e-01-2.50748780e-02j
-7.92340723e-01+3.96085405e-02j
-8.88137197e-01+1.97195666e-02j
-2.45925727e-01+2.48742581e-02j
4.31558267e-01-1.87760783e-02j
5.21417776e-01+1.97697331e-02j
-1.14915445e-01+4.97626200e-03j
-7.98762468e-01-1.44229664e-04j
-9.38176184e-01+2.36281252e-02j
-2.71721359e-01-1.72891249e-03j
3.71949174e-01-4.93056289e-03j
5.42372938e-01-9.85608310e-03j
-2.69650367e-02+4.48399141e-03j
-7.63191737e-01-1.17038422e-02j
-9.22509955e-01-8.80121705e-03j
-3.57444813e-01-8.43968080e-03j
4.03969023e-01-1.29285279e-02j
5.70861634e-01+4.10042690e-03j
-1.00403947e-02+1.02357641e-02j
-7.12601294e-01+7.71421805e-03j
-8.73722336e-01+2.32791145e-02j
-3.93570418e-01-2.31990822e-02j
3.37701190e-01+5.28778667e-03j
5.73836496e-01+1.35392940e-02j
4.35331169e-02-4.45550515e-03j
-6.93908499e-01-2.65677470e-02j
-9.25494181e-01+2.50404514e-02j
-4.54085937e-01+4.90133101e-03j
3.10263650e-01+1.33479332e-02j
6.08312472e-01-7.44052133e-03j
8.28508039e-02-1.88489833e-02j
-6.87035085e-01+2.32085718e-03j
-9.66846497e-01-4.75696687e-03j
-5.14223299e-01-4.84782819e-03j
2.57290518e-01+7.86286407e-03j
5.71971908e-01-2.40834219e-02j
1.33307607e-01-3.92273420e-03j
-6.21510474e-01+2.46151043e-05j
-9.41576714e-01+1.17339877e-02j
-5.36641342e-01+1.79604736e-03j
2.23749835e-01+8.59510967e-03j
5.86379636e-01+4.78801535e-03j
1.65118564e-01+4.08786997e-02j
-5.88389748e-01+1.12552919e-03j
-9.51455769e-01-1.81188257e-02j
-5.87944551e-01+3.20096202e-03j
1.80226759e-01+2.19047527e-02j
5.61518496e-01-2.77837176e-02j
2.04818062e-01-2.63964048e-02j
-5.33807389e-01+1.27997189e-02j
-9.50141476e-01+2.18137448e-02j
-6.02148062e-01-1.68355200e-02j
1.26937980e-01-1.37482009e-02j
5.87785427e-01-1.39037267e-02j
2.44263629e-01-4.33505813e-03j
-4.97255811e-01-3.14530443e-02j
-9.53993483e-01-2.78250339e-02j
-6.79931624e-01+2.54335561e-03j
9.33937231e-02-9.04980901e-03j
5.83945922e-01-1.01568982e-02j
2.76368292e-01+5.86191492e-02j
-4.46702153e-01-1.66539804e-02j
-9.61269568e-01+8.46628640e-03j
-7.03897277e-01-4.44525058e-02j
7.04748010e-02-1.76428359e-02j
5.86678496e-01+1.57548925e-02j
3.07640239e-01+3.18677909e-03j
-4.14541215e-01-1.86957610e-02j
-9.02988041e-01-1.69403514e-02j
-6.85776162e-01-1.40804253e-02j
2.76030959e-02-1.80312789e-02j
5.60391558e-01-1.31764215e-03j
3.72829165e-01-1.51478167e-02j
-3.80424162e-01-1.98725114e-02j
-8.99691219e-01-5.38890049e-03j
-7.52422277e-01+4.72841440e-03j
-5.64611885e-02+1.06559820e-02j
5.16730437e-01+3.49211559e-02j
3.64347936e-01+1.22019545e-02j
-3.56692891e-01-2.34612863e-03j
-9.15377280e-01-5.08706480e-03j
-7.61677478e-01-7.73249554e-03j
-1.09979340e-01-5.33848656e-03j
5.21611549e-01-7.56828443e-03j
4.27149123e-01+9.08535320e-03j
-2.97264508e-01-1.88821414e-02j
-9.03561427e-01-1.31661318e-02j
-7.98513197e-01+3.89113277e-02j
-1.14118270e-01-9.75077865e-03j
5.25845502e-01+1.94717034e-02j
4.78183794e-01-1.61799022e-02j
-2.39175528e-01-1.07996329e-02j
-8.72254967e-01+3.98177722e-03j
-8.35812534e-01+9.27937011e-03j
-1.39520820e-01+2.52957725e-02j
5.15357345e-01+8.47092815e-03j
4.45972436e-01+8.58615773e-03j
-1.90593653e-01-2.82193011e-02j
-8.95600917e-01+2.39408161e-02j
-8.43228556e-01+8.81143501e-03j
-2.33545384e-01+2.92417463e-02j
4.76024374e-01+3.75759349e-02j
4.92306328e-01+3.52871915e-03j
-1.38681130e-01-2.52059687e-02j
-8.28451109e-01-3.28061554e-02j
-8.92484563e-01+2.15797619e-02j
-2.62017108e-01-1.45912536e-02j
4.31220943e-01+2.30036684e-02j
4.92134274e-01-7.34486714e-03j
-1.13238521e-01-7.76981497e-03j
-7.76562787e-01+2.32609152e-02j
-8.98015065e-01+2.69549532e-02j
-3.28244444e-01-9.66883095e-04j
4.10184241e-01-1.34763299e-02j
5.50962929e-01-9.61181106e-03j
-9.06537322e-02+9.92565486e-03j
-7.91499405e-01-1.63084408e-02j
-9.32368582e-01+1.77508622e-02j
-3.73093476e-01-1.08194476e-02j
3.81700543e-01-5.89435766e-03j
5.36998011e-01-1.85946532e-02j
-1.56169028e-02-1.32051868e-03j
-7.46091178e-01+7.95971070e-03j
-9.21724618e-01+1.91949183e-02j
-4.06670355e-01+1.31539798e-02j
3.55385955e-01+8.40716967e-03j
5.79860334e-01+2.56092253e-02j
2.24985584e-02-6.53150988e-03j
-6.87898323e-01-1.65107644e-04j
-9.30890922e-01-1.36191869e-04j
-4.27564150e-01+1.82586581e-02j
3.28951004e-01+3.78829606e-03j
5.89620503e-01+1.02247183e-03j
5.24622604e-02-1.67796927e-02j
-7.05412430e-01+1.91791156e-02j
-9.29971303e-01-1.15947377e-02j
-4.76490652e-01+6.08727130e-03j
3.01517013e-01+1.78227160e-02j
5.81324651e-01+2.03633331e-03j
1.27738077e-01-4.30119760e-04j
-6.45195317e-01-1.68355433e-02j
-9.51893069e-01-8.14334155e-03j
-5.22783785e-01-2.16767945e-02j
2.03584412e-01+9.09452408e-03j
5.83608057e-01+1.64918261e-02j
1.53275327e-01-4.25579411e-02j
-6.24646577e-01-2.04927018e-02j
-9.62091363e-01+1.17393446e-02j
-5.86470832e-01+2.70606616e-02j
2.18477087e-01+2.63283278e-03j
5.36604440e-01-2.53009560e-02j
2.07307749e-01+3.37580389e-02j
-5.94458639e-01-1.02308930e-02j
-9.79879615e-01+3.75824430e-02j
-6.08497544e-01-1.28373628e-02j
1.68109611e-01-1.17408999e-02j
5.90594731e-01+1.22872552e-02j
2.75948039e-01-2.70308220e-02j
-5.25584000e-01-3.86107483e-03j
-9.55467111e-01-1.82336485e-02j
-6.29309646e-01+1.06050730e-02j
1.01045789e-01-1.12439841e-02j
5.66691151e-01+1.36852763e-02j
2.55952228e-01-5.31109028e-03j
-4.81264899e-01-2.96753272e-02j
-9.68378727e-01+1.01063363e-02j
-6.98541552e-01-5.28052498e-03j
6.81815386e-02+2.05918961e-02j
5.67619654e-01-3.96335348e-02j
2.94687457e-01-6.92199971e-03j
-4.30415840e-01+1.49603335e-02j
-9.09455505e-01-1.54092150e-02j
-6.80349623e-01-4.33438977e-03j
6.43012247e-02-7.52855670e-03j
5.61237635e-01-4.69396618e-03j
3.35799371e-01-6.87406898e-04j
-3.86517484e-01+3.58238443e-02j
-9.35509133e-01+1.33228010e-02j
-7.52019441e-01-2.32794464e-03j
-2.17543332e-02-1.56791423e-02j
6.11703225e-01+1.50090142e-03j
3.91075902e-01-1.55799128e-02j
-3.42400324e-01+4.10490179e-05j
-9.10775258e-01-1.64469954e-02j
-7.63368063e-01-1.48810151e-02j
-2.96446195e-02+6.59851097e-03j
5.40900187e-01+3.37129394e-03j
3.94767621e-01+9.93302760e-03j
-3.42052546e-01+1.52751831e-02j
-9.16851683e-01+1.27543053e-02j
-7.92278649e-01+1.90365262e-02j
-1.08338941e-01+5.02068786e-03j
4.76583438e-01+1.67680966e-03j
4.33279977e-01+3.80394670e-03j
-2.28593565e-01-1.31758469e-02j
-9.01053381e-01-3.91709388e-02j
-8.12680440e-01-4.74829759e-03j
-1.14965492e-01-3.20905724e-03j
4.94429950e-01-7.68163865e-04j
4.61909315e-01+1.23912101e-02j
-2.28062739e-01+2.05651516e-02j
-8.32572295e-01-2.78848094e-02j
-8.44368313e-01+1.22321167e-02j
-1.79219930e-01-4.01782752e-02j
4.91331047e-01-1.60318742e-02j
4.91807539e-01+1.30399319e-03j
-1.82603685e-01+6.99983049e-03j
-8.60544639e-01+6.46808388e-03j
-8.99984496e-01-4.33179112e-02j
-2.22696051e-01-8.77905688e-03j
4.45571441e-01+9.40979857e-04j
4.74676316e-01-1.84406119e-02j
-9.12543539e-02+2.37521566e-02j
-8.24557557e-01-3.89708747e-03j
-9.12663696e-01-2.59359292e-02j
-2.72759420e-01-1.44672541e-02j
4.39286723e-01-3.56459822e-02j
5.12396363e-01-1.16093178e-02j
-8.68191959e-02-2.22190680e-02j
-7.80327490e-01-8.75081964e-03j
-9.14962396e-01-1.41458892e-03j
-3.48813110e-01-3.57264810e-02j
3.89508952e-01+3.28412967e-02j
5.05945008e-01+1.14706989e-02j
-2.09591526e-02-9.91285337e-03j
-7.50128925e-01+4.27685564e-02j
-9.49612115e-01-2.12936264e-02j
-3.82946157e-01-7.62676970e-03j
3.82909273e-01+1.43981323e-02j
5.32308581e-01+2.01956790e-03j
1.89180217e-02-5.86071125e-03j
-7.24759946e-01-1.05427214e-02j
-9.53029364e-01+4.30525151e-03j
-4.23549483e-01-2.25804626e-03j
3.54555449e-01-2.89802580e-02j
5.72937349e-01+1.34166217e-03j
7.96255883e-02+8.33174239e-03j
-6.95050619e-01-1.75858698e-02j
-9.43544714e-01-2.50278003e-03j
-4.82596490e-01+2.19529316e-02j
2.87258309e-01+8.82014115e-03j
5.92661207e-01-4.43909654e-02j
9.86731170e-02-2.57675958e-02j
-6.43180659e-01+5.16431445e-05j
-9.57993060e-01-1.19919769e-03j
-4.92895648e-01+3.41622222e-02j
2.42808902e-01+4.71008610e-03j
5.99280504e-01-1.58308940e-02j
1.47450608e-01+1.41594233e-02j
-6.15781352e-01-4.05332431e-02j
-9.44144352e-01+1.41521443e-02j
-5.73042834e-01-3.01098566e-03j
2.35138073e-01-1.55912611e-02j
6.10392902e-01-1.36721983e-02j
1.93539772e-01-1.91537784e-02j
-5.83409981e-01+7.11816526e-03j
-9.57699980e-01-1.78451970e-02j
-5.94931818e-01+1.86658716e-02j
1.93310861e-01-6.59401419e-03j
5.66849639e-01+6.45937251e-03j
2.21038658e-01-4.38258014e-02j
-5.47834151e-01-7.43340982e-03j
-9.64936565e-01-8.21910341e-03j
-6.06892055e-01+3.91147124e-02j
1.54713601e-01-2.83101025e-02j
5.58541701e-01-2.77600441e-02j
2.31157059e-01-1.05303860e-02j
-5.26177871e-01-1.70932492e-02j
-9.48709216e-01-7.50907540e-03j
-6.86782192e-01-2.94714869e-03j
8.10370205e-02-2.20926682e-02j
5.44072478e-01+1.26589253e-02j
3.10576977e-01-1.80896760e-02j
-4.83174123e-01-5.64640946e-04j
-9.32977729e-01+1.58607299e-02j
-6.72007819e-01+8.46848613e-03j
2.66571554e-02-3.46828354e-02j
5.31447573e-01-4.72606177e-02j
3.40602335e-01+4.87948010e-03j
-4.19691014e-01+4.44070302e-03j
-9.48291345e-01-2.17418667e-02j
-7.11309316e-01-5.29450757e-03j
2.70690808e-02-1.25038220e-02j
5.40279275e-01+4.07327600e-03j
3.67787215e-01+1.18685080e-02j
-3.76682480e-01+1.17427151e-02j
-9.10332427e-01+2.64764717e-02j
-7.55638283e-01+1.22308326e-02j
-1.72241519e-02-8.95753326e-03j
5.48380185e-01-4.96783536e-02j
3.79869864e-01+7.03973506e-03j
-2.91613407e-01+1.25552905e-02j
-9.09797367e-01+5.38941569e-03j
-7.69444847e-01-7.68135820e-03j
-8.32775092e-02-2.40444599e-02j
4.94030105e-01+1.85550204e-02j
4.10118535e-01-3.09460324e-03j
-2.70708430e-01+5.86352401e-04j
-8.78718088e-01+2.88944948e-02j
-8.08787249e-01-1.17080312e-02j
-1.29240796e-01-9.33896921e-03j
5.25827070e-01-3.30672922e-02j
4.44681210e-01-2.39604303e-04j
-2.29868050e-01+3.14382630e-03j
-8.99451349e-01-2.86297502e-05j
-8.36298190e-01-1.48362938e-02j
-1.91304333e-01-1.68851631e-02j
4.87004412e-01-2.20018709e-02j
4.90214993e-01+1.18019788e-02j
-1.96708989e-01-1.22590257e-02j
-8.73149067e-01+1.25115637e-02j
-8.72401661e-01-2.17360452e-03j
-2.38115083e-01+2.22861563e-02j
4.85141401e-01-1.99637754e-02j
4.89982683e-01+1.93322832e-02j
-1.09954766e-01+3.22300744e-02j
-8.12470233e-01-2.02395934e-02j
-8.92398242e-01-8.91434077e-03j
-2.92340953e-01+1.37012597e-02j
4.54657706e-01-5.95142984e-03j
4.92415001e-01-3.65912956e-03j
-6.90753497e-02+1.43217557e-02j
-7.82228407e-01+9.77189109e-03j
-9.40028149e-01-1.80288590e-02j
-2.98950350e-01-4.01265560e-03j
3.93597469e-01+3.69427746e-04j
5.58151799e-01-2.26759136e-02j
-4.33397441e-02-1.91503963e-02j
-7.06511029e-01-5.07531958e-03j
-9.40770719e-01+1.24164281e-02j
-3.37980013e-01-5.91326985e-03j
3.90127602e-01-1.89967769e-02j
5.44523689e-01+2.61928234e-02j
2.73122877e-02+2.19556592e-02j
-7.81452043e-01-5.38991024e-03j
-9.21538158e-01+1.27810591e-02j
-4.18383590e-01+2.94369791e-03j
3.38969192e-01+4.16045502e-03j
5.42883283e-01-1.88258815e-02j
3.69051847e-02-6.41301604e-03j
-6.88246793e-01-2.03077189e-02j
-9.39038296e-01-3.10516551e-03j
-4.31665599e-01-1.31614846e-03j
2.98217584e-01-1.88814289e-02j
5.81230928e-01-1.46313182e-02j
9.00913163e-02-1.47789596e-02j
-6.98108667e-01+2.43373813e-04j
-9.15133087e-01-1.69733516e-03j
-4.72930921e-01+2.04484213e-04j
2.49775261e-01-1.11008631e-02j
5.69552414e-01-2.13421658e-02j
1.02914428e-01-3.30928903e-02j
-6.56024046e-01-4.71631650e-03j
-9.62839296e-01-1.20852773e-02j
-5.30977454e-01-3.71743560e-03j
2.47687136e-01+3.16485043e-02j
5.91921606e-01+1.75166366e-02j
1.85410137e-01-3.32184227e-03j
-6.06275710e-01+3.15460564e-03j
-9.44308673e-01-3.04179543e-03j
-5.78293688e-01+1.17524689e-02j
1.87933826e-01-2.17064384e-02j
5.86728957e-01-1.68679815e-02j
2.30928118e-01+1.00732519e-02j
-5.74258016e-01-1.89008055e-02j
-9.73083961e-01+7.49304822e-03j
-5.92295128e-01+5.45520614e-03j
1.48988231e-01+3.76865435e-02j
5.90844389e-01+2.69479057e-03j
2.43932013e-01-2.26795136e-02j
-5.01012062e-01-2.47110429e-02j
-9.40439753e-01+2.30577280e-02j
-6.32219838e-01-2.20494934e-02j
9.11022550e-02-1.27806702e-02j
5.35062471e-01-6.11873327e-03j
2.66759450e-01+2.70149090e-02j
-4.68248456e-01+2.59357220e-03j
-9.42219879e-01+2.27864259e-02j
-6.95043621e-01+3.01653750e-03j
1.17858243e-01+1.40856034e-04j
5.77303360e-01+1.30068479e-02j
3.23651747e-01+9.87651248e-03j
-4.32130028e-01+3.22073594e-02j
-9.32667594e-01+8.13730917e-03j
-7.28443875e-01+4.92250606e-02j
3.09338770e-02-1.35985561e-02j
5.46449211e-01+2.34271272e-02j
3.65855543e-01+8.42721980e-04j
-3.78477771e-01+1.90161825e-02j
-9.45581983e-01+2.00435887e-02j
-7.47281430e-01-2.76624673e-02j
-4.50397162e-03-1.10771568e-02j
5.56304577e-01+2.56980273e-02j
3.94090301e-01-8.08733684e-03j
-3.36504198e-01-3.96069464e-03j
-9.15737244e-01+8.35120938e-03j
-7.53519550e-01-1.11765466e-02j
-7.87398359e-02-6.73226820e-03j
5.12575924e-01+1.85053367e-04j
3.79761713e-01+2.13240871e-03j
-2.92759610e-01-1.46398553e-02j
-8.79074109e-01-2.05789829e-02j
-8.09235515e-01-5.76738093e-03j
-1.43592173e-01-7.33142481e-03j
5.03232454e-01+1.99672336e-02j
4.27487823e-01+1.17457732e-02j
-2.46805182e-01-3.05590750e-02j
-8.67284653e-01+1.22858233e-02j
-8.52385058e-01+2.82369956e-02j
-1.46882195e-01-3.76125717e-03j
4.80989932e-01+2.70947035e-03j
4.23204616e-01+7.87958065e-03j
-2.19223358e-01+1.79836186e-04j
-8.45581430e-01-1.12916033e-02j
-8.71880915e-01+2.85826393e-02j
-1.90048129e-01+2.37969553e-03j
4.43462894e-01+3.98548648e-02j
4.77033674e-01-6.79900182e-03j
-1.90096268e-01+2.06247166e-02j
-8.11909768e-01+1.17534517e-02j
-8.91354419e-01+7.13433149e-04j
-2.66495517e-01-9.95806539e-03j
4.54667475e-01+2.13984567e-02j
4.86126399e-01+1.70565973e-02j
-1.21264424e-01+1.32733893e-02j
-8.17687683e-01-1.15982542e-02j
-9.04991830e-01-1.31942209e-02j
-3.17237129e-01+1.01350682e-02j
4.67581612e-01+2.08819572e-02j
5.29254987e-01+2.20062668e-02j
-6.55756690e-02-3.98202701e-02j
-7.73653137e-01-1.03842895e-02j
-9.62462592e-01-3.41939467e-02j
-3.26647721e-01-3.49681577e-02j
4.01660612e-01-2.68135189e-02j
5.55416585e-01-7.89980777e-03j
1.38467698e-03+7.96773066e-04j
-7.50641356e-01-1.30685460e-02j
-9.11359400e-01-4.60378901e-02j
-4.07053826e-01-1.76639243e-04j
3.35911913e-01-6.76765705e-03j
5.58671453e-01-1.89700178e-02j
1.70882380e-02-1.40222899e-02j
-7.18341462e-01+2.75648280e-03j
-9.23180991e-01-3.18840792e-02j
-4.29461077e-01-3.87928666e-03j
3.37993343e-01-2.09742517e-02j
5.60156189e-01-1.37291652e-03j
4.25116442e-02-2.13903220e-02j
-6.89628905e-01-1.69373464e-02j
-9.29594774e-01+1.62689644e-02j
-4.84588624e-01-1.26716983e-02j
2.98144455e-01-1.23442969e-02j
5.51821484e-01-4.29910857e-02j
1.29749909e-01-1.75223515e-02j
-6.20192209e-01-8.08947691e-03j
-9.63355469e-01-2.13624487e-02j
-5.46353552e-01+5.64686304e-04j
2.48164968e-01+1.94575554e-02j
5.54219564e-01-1.86278072e-02j
1.37542481e-01+1.07145623e-02j
-5.83406147e-01-9.65922661e-03j
-9.53460195e-01-1.60066209e-02j
-5.52299638e-01+8.72649476e-03j
1.91582518e-01+2.30849488e-02j
5.77049931e-01+2.47211989e-03j
1.81077332e-01+4.91110932e-03j
-5.91260799e-01-2.17957941e-02j
-9.60410523e-01+1.54772641e-02j
-5.92408821e-01-9.01681710e-03j
1.39619780e-01+6.82395699e-03j
5.92680243e-01-4.65505339e-03j
2.55142791e-01+4.45825431e-02j
-5.11040471e-01+1.71338421e-04j
-9.46429244e-01-4.01300150e-02j
-6.18773794e-01+7.91762167e-03j
1.20326201e-01+1.70602356e-03j
5.71039714e-01+2.00895175e-02j
2.84969706e-01-9.41351150e-03j
-4.89104090e-01-1.10361235e-02j
-9.30028323e-01+1.53294547e-02j
-6.82679887e-01+9.96302028e-03j
9.84061169e-02-1.08609312e-03j
5.67052128e-01+7.01322548e-03j
3.39634057e-01-1.04692231e-02j
-4.65497266e-01+8.50971687e-04j
-9.43641596e-01-8.32300969e-03j
-7.12207592e-01+1.53563767e-02j
1.38925306e-02+2.23461188e-02j
5.54342018e-01-9.05778443e-03j
3.10881191e-01+4.71021535e-03j
-3.87040661e-01-2.60378283e-02j
-9.13683556e-01-4.41227510e-03j
-7.27958816e-01-2.90131549e-02j
6.32269869e-03-2.15378339e-02j
5.25418971e-01+2.95483073e-02j
3.84060436e-01+2.11983903e-02j
-3.80183870e-01+1.68796817e-03j
-9.07246986e-01+9.48730378e-03j
-7.67686939e-01-7.65209559e-03j
-1.38662814e-02+2.43921058e-03j
5.03488482e-01-1.33021173e-02j
4.24316094e-01-3.30154585e-02j
-3.09703717e-01-1.92454911e-02j
-9.11416315e-01-1.35545218e-02j
-7.84454932e-01-1.88084506e-02j
-8.87132310e-02+2.48575836e-02j
5.26199698e-01-1.76522928e-02j
3.91304241e-01+2.75242237e-02j
-2.41801071e-01-4.07671704e-03j
-8.83588892e-01-5.03928433e-03j
-8.06387554e-01-3.06722997e-02j
-1.52534367e-01+1.54831847e-02j
5.08776723e-01-1.83637376e-02j
4.50572591e-01-4.73667953e-03j
-2.23871110e-01-1.73275103e-02j
-8.55362436e-01+8.13501900e-03j
-8.46355073e-01+2.49863206e-03j
-1.59648676e-01-1.45352385e-02j
4.81836707e-01-7.79192850e-03j
4.95527550e-01-1.82760498e-03j
-1.80412760e-01-3.53752325e-03j
-8.40336066e-01+3.00363531e-02j
-8.94284304e-01+8.26142013e-03j
-2.57442302e-01+1.49279653e-03j
4.77395905e-01-5.56070523e-03j
4.99205516e-01+1.02229718e-03j
-1.29775716e-01-2.82262161e-03j
-8.44315216e-01+2.53511059e-02j
-8.92501783e-01+8.51236549e-03j
-2.78712317e-01-6.07296097e-03j
4.34760293e-01+2.28328326e-03j
5.10333264e-01+2.48756391e-02j
-9.48838733e-02-1.18816383e-02j
-8.00160417e-01-1.26641376e-02j
-9.09895525e-01-4.96874117e-03j
-2.96900510e-01+1.18629598e-02j
4.05959679e-01+2.37952103e-03j
4.98542076e-01+6.89929207e-03j
-5.72619768e-02+1.01440634e-02j
-7.83783630e-01+2.69184251e-02j
-9.39563153e-01-1.83651507e-02j
-3.62757664e-01+1.61127488e-02j
3.60976915e-01-8.02674415e-03j
5.72559101e-01+9.17846025e-03j
-1.72415857e-02-6.15371780e-03j
-7.68450030e-01+2.49412083e-02j
-9.56454849e-01+5.08625613e-03j
-4.07836565e-01-3.26773473e-02j
3.23261807e-01-2.09393960e-02j
5.41116212e-01+2.51613405e-02j
7.73169873e-02-5.75352333e-03j
-6.93422362e-01+8.19392780e-03j
-9.68151646e-01+2.34910094e-02j
-4.38883407e-01+1.43403648e-02j
3.12490501e-01+1.48969281e-02j
5.66414499e-01-3.16970818e-02j
8.18150582e-02+1.56329381e-03j
-6.91153410e-01-9.37772764e-03j
-9.47919714e-01-9.93540877e-04j
-4.96546786e-01+5.44929626e-03j
2.72725302e-01+3.09651386e-02j
5.76666475e-01-1.49728643e-02j
1.40471903e-01-7.26325742e-03j
-6.18606559e-01+5.67666853e-03j
-9.32529908e-01-2.42590029e-02j
-5.20845833e-01+6.22365888e-03j
2.46184572e-01-3.69880522e-02j
5.86125909e-01-1.01599800e-02j
1.72786132e-01+2.15635536e-02j
-6.10478991e-01-2.51875566e-02j
-9.31848369e-01-7.83577800e-03j
-5.71064075e-01+9.02315706e-04j
1.83272885e-01+1.06800721e-03j
5.88060235e-01+1.35385592e-02j
1.68911126e-01+3.01204754e-02j
-5.09707950e-01-1.65541079e-02j
-9.89936493e-01+6.89735780e-03j
-6.12318968e-01+9.04246154e-03j
1.43638205e-01+2.29087230e-02j
5.81498795e-01+1.91744407e-02j
2.27851241e-01+6.14143541e-04j
-5.09013292e-01+2.05721743e-02j
-9.82820027e-01-2.22112011e-02j
-6.60086256e-01-4.34720575e-03j
9.39532686e-02-9.28564276e-03j
5.71834921e-01-1.43478183e-02j
2.83652627e-01+5.90552909e-02j
-4.58892562e-01+1.38837310e-02j
-9.69648437e-01+6.39117805e-03j
-6.86761828e-01+5.18246252e-03j
7.28977236e-02+3.12653794e-02j
6.03679526e-01+7.68969945e-03j
3.34562784e-01-9.86941114e-03j
-4.09508130e-01-3.01266206e-02j
-9.61439725e-01-1.52415814e-02j
-7.25354876e-01-1.01135887e-02j
-8.98870494e-03-1.09238203e-02j
5.10114723e-01+9.44036049e-03j
3.84716131e-01+2.29053792e-03j
-3.68807270e-01-2.75100752e-02j
-9.30577099e-01-3.18019331e-02j
-7.18867663e-01-2.02347825e-02j
-2.97974569e-02+2.91761696e-02j
5.21787146e-01-9.05033490e-03j
4.02950279e-01-3.36748991e-02j
-3.17449176e-01+1.18940204e-02j
-9.03750265e-01+3.27236503e-02j
-7.90360714e-01-2.76674567e-02j
-6.78609162e-02-1.22667360e-02j
5.26781145e-01+1.34055784e-02j
4.23039679e-01+2.55769952e-02j
-2.77860992e-01-7.72025271e-03j
-8.91867953e-01-2.41982546e-02j
-8.27992182e-01+5.30387881e-04j
-1.26090917e-01-2.64243851e-03j
4.75502966e-01-3.68642235e-03j
4.26886631e-01-6.64022099e-03j
-1.98817699e-01+8.45337133e-03j
-8.63625588e-01+1.47930131e-02j
-8.40474768e-01+3.42869760e-03j
-1.72260336e-01+4.17360741e-02j
4.74249839e-01-7.45827529e-03j
4.68868562e-01-7.31933424e-03j
-2.18045204e-01-7.70321329e-03j
-8.28235321e-01-2.15195194e-02j
-8.68035693e-01+1.37249230e-03j
-2.03960067e-01+4.66794368e-03j
4.44496480e-01-1.81637817e-02j
5.12927642e-01+2.62811928e-04j
-1.45538259e-01-4.33897242e-03j
-8.54953366e-01-1.43015059e-02j
-8.78751802e-01+2.94970513e-03j
-2.79717056e-01-1.03875441e-03j
4.30541211e-01+1.27563110e-02j
5.41679654e-01+1.44058862e-02j
-1.13893878e-01+2.30653098e-02j
-8.16202811e-01-6.68251805e-03j
-9.22058559e-01+3.45768231e-02j
-2.72550024e-01-6.17432795e-03j
3.88422480e-01+1.86486346e-02j
5.41049108e-01-2.11793842e-03j
-8.50106492e-02-1.49003287e-02j
-7.58826215e-01+2.44376347e-02j
-9.24438821e-01+1.97420642e-02j
-3.10414903e-01-1.85740826e-02j
3.66366795e-01-1.20922171e-02j
5.59542783e-01-9.29699311e-03j
-1.56013941e-02-1.52763318e-02j
-7.77315930e-01-1.04435502e-02j
-9.54330507e-01-1.45406821e-02j
-4.02839965e-01+3.50053316e-02j
3.40505807e-01+3.93640680e-03j
5.49116391e-01+1.45244468e-03j
3.27398526e-02-1.10133113e-02j
-7.07590422e-01-3.67524087e-02j
-9.54857844e-01+2.86296744e-02j
-4.48924741e-01+1.64237802e-02j
3.07605164e-01-2.80540396e-02j
5.81979638e-01+2.31337396e-02j
6.43569352e-02+6.64833191e-04j
-6.46009698e-01-3.49542073e-03j
-9.55719363e-01-5.74534163e-03j
-4.79794291e-01-2.31521229e-02j
2.74913085e-01+1.41814510e-02j
5.84402127e-01+2.04856248e-02j
1.15826236e-01-1.64986269e-02j
-6.33904092e-01+3.42301334e-02j
-9.81107059e-01-1.75285100e-02j
-5.14427303e-01-2.58087220e-02j
2.51529687e-01+3.36383764e-03j
5.72189116e-01-1.72716815e-02j
1.60914709e-01+1.09174874e-04j
-5.76232916e-01+1.59862262e-02j
-9.64920879e-01-1.92325741e-02j
-5.49932205e-01-2.30167063e-02j
2.16926181e-01-7.41168405e-03j
6.16088249e-01+2.38401771e-02j
2.08688681e-01+2.45157166e-03j
-5.77217324e-01+6.41233202e-03j
-9.52802575e-01+2.30574441e-02j
-6.06248024e-01-2.61825372e-02j
1.54109300e-01-9.52306181e-04j
5.51764397e-01-2.29322726e-02j
2.54438486e-01+1.92001345e-02j
-5.40164804e-01-3.28025658e-02j
-9.39094287e-01-1.42885462e-03j
-6.30154495e-01-1.94332673e-02j
1.37064002e-01-1.23478817e-03j
5.41777183e-01-2.19001369e-02j
2.75311769e-01-1.15030351e-02j
-4.84396729e-01-7.18570016e-03j
-9.48156874e-01-2.00685276e-02j
-6.64714587e-01-8.36374338e-04j
6.84782424e-02-2.41667907e-02j
5.67383903e-01-4.90519160e-02j
3.23895751e-01-1.75212433e-02j
-4.48092266e-01-7.37527051e-03j
-9.66752011e-01+6.62864811e-03j
-7.10368983e-01-3.99053100e-03j
5.43300328e-02-1.54289584e-02j
5.59497614e-01+1.46251276e-02j
3.44662974e-01+3.01454904e-03j
-3.97342390e-01+2.81230505e-02j
-9.39227026e-01-2.23826477e-02j
-7.50691314e-01+4.19449107e-03j
-7.48780046e-03-2.64185709e-02j
5.53369290e-01-5.37090615e-03j
3.78897052e-01-3.56299130e-02j
-3.53966563e-01-4.12636539e-02j
-9.07015237e-01-8.55624374e-03j
-7.57056525e-01+1.51564464e-02j
-6.21218098e-02+1.59774939e-03j
5.18306644e-01-1.99296498e-02j
4.11571188e-01-8.71224025e-03j
-3.02388295e-01+3.43992375e-02j
-9.25790019e-01-2.56316758e-02j
-8.17180914e-01+3.24155631e-02j
-8.78154475e-02-3.43005704e-03j
5.10199602e-01-1.97115022e-02j
4.52487079e-01-3.33525087e-02j
-2.41917792e-01-3.92677497e-03j
-8.91336860e-01+2.34407706e-02j
-8.34911759e-01-4.39334945e-03j
-1.52902911e-01+9.22223218e-03j
4.79084383e-01+1.54348273e-02j
4.48660888e-01+2.00850665e-02j
-2.14171110e-01-2.00696070e-02j
-8.72885523e-01+1.74474009e-03j
-8.45362002e-01+2.92388540e-03j
-1.92976646e-01+2.23294651e-02j
4.59204012e-01-1.78185355e-02j
4.43971041e-01+3.26358478e-03j
-1.94314781e-01+2.94788081e-03j
-8.25292693e-01+9.02345366e-03j
-8.64651150e-01+5.50586025e-03j
-2.46067383e-01-3.03015859e-03j
4.57881356e-01-1.15247312e-04j
5.28222806e-01+2.95917824e-02j
-1.18876365e-01+2.09727263e-02j
-8.22274208e-01-1.04362602e-02j
-8.99411230e-01-1.90630392e-02j
-3.06514890e-01+2.64920092e-02j
4.08538646e-01+1.34119890e-02j
5.36374754e-01-3.07137241e-02j
-7.69019927e-02+1.67947331e-03j
-7.76004235e-01-1.98138133e-02j
-9.33734646e-01-9.53597352e-03j
-3.08101341e-01+1.71191247e-02j
4.02087990e-01+2.64149005e-02j
5.44633549e-01+5.02355528e-03j
-4.98914578e-02+1.10946948e-02j
-7.62367374e-01+1.54080126e-02j
-9.35608976e-01+2.74988252e-02j
-4.01731904e-01+3.76937566e-03j
3.36382858e-01-1.48464664e-02j
5.56910605e-01+2.53410601e-05j
-2.12548222e-02-3.18710963e-02j
-7.23741824e-01+1.50067474e-02j
-9.84923668e-01+7.35528718e-03j
-3.74660119e-01-2.00882736e-02j
3.26274229e-01+2.84739046e-02j
5.78878577e-01+1.16845193e-02j
3.16593185e-02+2.57096297e-02j
-6.82328254e-01-1.01088154e-02j
-9.57898734e-01+1.04037198e-02j
-4.91141010e-01-9.80006005e-03j
2.87627491e-01+9.79719692e-03j
5.43629863e-01-7.48742882e-03j
8.92220835e-02+1.13542548e-02j
-6.54328300e-01-2.26030721e-02j
-9.89953185e-01+5.71216201e-03j
-5.10213880e-01-2.49524741e-02j
2.32770294e-01-4.82799788e-02j
6.13864743e-01-1.00338128e-02j
1.32214466e-01+2.60702071e-02j
-6.56489572e-01+4.87971612e-03j
-9.68740766e-01+3.60685384e-02j
-5.49183590e-01+1.50955154e-02j
2.05064853e-01+1.04575864e-03j
5.62679405e-01+1.12700861e-02j
1.67594003e-01-1.78061061e-02j
-5.84958125e-01-5.23911952e-03j
-9.47674711e-01-3.47934655e-03j
-5.99620831e-01+2.42000880e-03j
1.40910467e-01-6.59076080e-03j
5.86077439e-01-3.88320005e-04j
1.87940593e-01-2.04240229e-02j
-5.39652782e-01-2.06350406e-02j
-9.58684975e-01-7.87906738e-03j
-6.15348163e-01-3.58746899e-03j
1.01462348e-01+1.99927835e-02j
6.10382506e-01-3.65282379e-02j
2.55223682e-01-3.39364131e-02j
-4.74303086e-01-3.04159015e-02j
-9.55555996e-01-7.63152106e-03j
-6.43494524e-01-8.07639880e-03j
8.24314172e-02+8.00797711e-03j
5.68572654e-01-3.29022034e-02j
3.07447435e-01+8.44108513e-03j
-4.32571730e-01+1.69914504e-02j
-9.47210893e-01+2.08588096e-02j
-7.20363255e-01-2.13744298e-02j
5.17305848e-02+5.38897859e-03j
5.40285338e-01-1.34915839e-02j
3.32624789e-01-5.14998515e-03j
-4.20231591e-01-5.07296674e-04j
-9.10401820e-01+1.58602502e-02j
-7.49345530e-01-1.38687109e-02j
1.67065857e-02+1.36859124e-02j
5.69223934e-01+1.98036731e-02j
3.59357013e-01+3.56607309e-02j
-3.93564980e-01+7.03529344e-03j
-9.33575532e-01+4.39253637e-03j
-7.37279009e-01+1.75198245e-02j
-2.15041875e-02+7.09225518e-03j
5.33144852e-01-4.57557779e-03j
3.94020055e-01-9.14206214e-03j
-2.92198022e-01+5.06601466e-03j
-9.02688353e-01+3.71928704e-02j
-7.89974174e-01+2.24434489e-04j
-7.71119850e-02+1.89580485e-02j
5.29478951e-01+1.53599390e-02j
4.30922677e-01-1.78715748e-02j
-3.09596330e-01-1.98882377e-03j
-9.26005108e-01+3.72215970e-03j
-8.37356992e-01+1.03563404e-02j
-1.28945933e-01+2.03563048e-02j
5.16562911e-01+2.72864881e-02j
4.82795598e-01+9.07641905e-04j
-2.14940836e-01+8.21576850e-03j
-8.68293697e-01-1.08163680e-02j
-8.26798913e-01-1.35432900e-02j
-1.65756656e-01+2.31151463e-02j
4.79085165e-01-1.32990124e-02j
4.50910126e-01+5.92442185e-03j
-1.94512105e-01-1.60768470e-03j
-8.38759808e-01+2.00328273e-02j
-8.52069811e-01-5.63552430e-03j
-2.48800946e-01-2.86593832e-02j
4.66418978e-01+1.80715800e-02j
5.02883361e-01-1.03250031e-02j
-1.29879030e-01-3.12678760e-02j
-8.12237973e-01+2.23209148e-02j
-8.96244693e-01+1.05294045e-03j
-2.64551486e-01+2.84849642e-02j
4.10444832e-01+1.61136782e-02j
5.40531425e-01-1.76269684e-02j
-8.62387072e-02+1.93666962e-02j
-8.17342336e-01+2.67075758e-02j
-8.84317758e-01+1.38130813e-02j
-2.98146974e-01-1.84235181e-02j
4.24074786e-01+2.08443724e-02j
5.21194797e-01+1.31446957e-02j
-2.75242070e-02+1.13198456e-02j
-7.93196290e-01+9.37273233e-03j
-9.25167818e-01-8.70125269e-03j
-3.64376940e-01+5.11762503e-03j
3.73278598e-01+2.42140231e-02j
5.67001560e-01+2.42627183e-02j
-1.95554614e-02+8.21386531e-03j
-7.23474800e-01+3.46741317e-02j
-8.93168373e-01+2.42358155e-02j
-4.13022461e-01+1.97674417e-02j
3.35518925e-01-2.44415440e-02j
5.48725367e-01-4.05647406e-03j
5.61581105e-02-6.42510774e-03j
-6.83807861e-01+2.07902442e-02j
-9.72730139e-01-1.13599693e-02j
-4.44019583e-01-1.28057759e-02j
3.04239081e-01-2.12136439e-02j
5.80671908e-01+5.69556526e-03j
7.80589038e-02-9.31294586e-03j
-6.53176167e-01-1.67546389e-02j
-9.52139202e-01-2.65961199e-04j
-4.72819785e-01+4.71842317e-03j
2.90305606e-01-4.16397422e-02j
5.79839402e-01-2.63967803e-02j
1.15567183e-01-1.63380263e-02j
-6.28431225e-01+2.93828738e-02j
-9.53487139e-01-3.22078658e-02j
-5.44984131e-01-2.72087930e-02j
2.46064492e-01-3.14085629e-02j
5.87940769e-01+2.39122748e-03j
1.62065810e-01+1.36849202e-02j
-6.22518388e-01+7.21340197e-04j
-9.50634488e-01+2.86031431e-03j
-5.74772479e-01-1.37872049e-02j
1.77115453e-01-3.66598239e-02j
5.85363234e-01+1.68783116e-02j
1.92305755e-01+3.15409405e-02j
-5.74327688e-01+8.30102729e-03j
-9.85256143e-01+4.63871831e-02j
-6.08691580e-01+1.08207126e-03j
1.62986131e-01-5.21315205e-03j
5.95207963e-01-2.30768549e-02j
1.91764066e-01+1.01665582e-03j
-5.31618006e-01-4.21414798e-02j
-9.58362049e-01-5.72402267e-03j
-6.23048384e-01+4.84618774e-03j
1.44614983e-01-1.53444862e-02j
5.82408711e-01-2.23257915e-02j
2.66079866e-01-3.55948717e-02j
-4.51031661e-01-1.38834819e-02j
-9.39496350e-01+8.63137111e-03j
-6.89220843e-01+3.44197212e-02j
5.34920438e-02-2.42919436e-02j
5.64907894e-01-2.23581499e-02j
3.12739144e-01+9.69399634e-03j
-4.14353494e-01+2.32779274e-02j
-9.88176117e-01-1.56224385e-02j
-7.24032303e-01+4.61044610e-03j
4.36042678e-02-9.08470687e-03j
5.42722956e-01+6.66907291e-04j
3.54889079e-01-1.79214698e-02j
-3.76599416e-01-3.34440742e-03j
-9.08389157e-01+3.71368008e-02j
-7.24338088e-01-1.75101525e-02j
1.76038502e-03-9.03123071e-03j
5.49237922e-01-2.05577056e-02j
3.78182892e-01+5.26814738e-03j
-3.24127050e-01+1.05303355e-02j
-9.12544311e-01-1.87968413e-02j
-7.70882264e-01+1.01487501e-02j
-6.52922646e-02-1.19120802e-02j
5.12631574e-01+2.61693606e-03j
4.37202638e-01-2.24528440e-02j
-3.24652914e-01+2.28470129e-02j
-8.67052082e-01+2.40966337e-02j
-8.33807606e-01-1.29777734e-02j
-1.25095310e-01-1.34839131e-03j
5.20088339e-01+4.73722779e-03j
4.10672120e-01+2.40246972e-02j
-2.54405959e-01+6.46887759e-03j
-8.71571562e-01-1.79917837e-02j
-8.14199230e-01-3.37038374e-02j
-1.85115710e-01-7.67089890e-04j
5.25066887e-01+3.92715892e-02j
4.62415391e-01+8.45202897e-03j
-1.90062222e-01-1.14354502e-02j
-8.41524852e-01-3.32455103e-03j
-8.41997426e-01-1.02073257e-02j
-2.05024397e-01+8.17561581e-03j
4.90015596e-01-1.29835219e-03j
5.11908317e-01-9.54440641e-03j
-1.68020403e-01-8.85052241e-03j
-8.57887289e-01+1.08918981e-02j
-9.01130154e-01+3.16808643e-02j
-2.33466895e-01+2.39407940e-03j
4.55719191e-01+9.88437337e-04j
5.18667605e-01-2.75842134e-02j
-1.30053322e-01+3.18440681e-02j
-8.03818925e-01+3.12051009e-03j
-9.00547307e-01-1.39460333e-02j
-2.92467433e-01-2.46832899e-02j
4.02005854e-01-1.54933915e-02j
5.36148692e-01+5.64420307e-03j
-7.81514840e-02+3.01952873e-03j
-7.96355500e-01-1.25861524e-03j
-9.34052342e-01+2.34491056e-02j
-3.16195021e-01+7.99380342e-03j
4.10726237e-01+1.99260439e-02j
5.46488830e-01+3.26190366e-02j
8.70327493e-03-2.05855531e-03j
-7.73136169e-01-2.62373405e-02j
-8.90420259e-01+2.85442285e-02j
-3.77998907e-01+1.45004439e-02j
3.34205932e-01-8.58874144e-03j
5.49159170e-01+1.26325631e-02j
4.35606511e-03-3.25170422e-02j
-7.22766730e-01+2.72910207e-02j
-9.32995482e-01-1.36923706e-02j
-4.40454451e-01-3.18723315e-02j
3.12922426e-01-5.21587940e-03j
5.67382325e-01+2.83862130e-02j
7.43677948e-02-4.39646626e-03j
-7.06175941e-01-1.29207422e-02j
-9.39468876e-01-1.81923588e-02j
-4.81093043e-01-1.62342914e-02j
2.66630969e-01+4.81574497e-03j
5.80582804e-01-1.61846636e-02j
1.20693646e-01+1.31861732e-02j
-6.53857309e-01-3.58668403e-02j
-9.33521101e-01+3.26835385e-02j
-5.02087048e-01-1.25092225e-02j
2.35440406e-01+1.42708680e-02j
5.88170262e-01+1.98259250e-02j
1.54555783e-01+2.15429899e-02j
-6.19818543e-01+2.77397591e-03j
-9.39318978e-01+1.88345309e-02j
-5.74640740e-01-5.57472694e-03j
2.26550156e-01-2.59045195e-02j
5.95690588e-01-2.59583257e-02j
1.95014239e-01+1.46371865e-02j
-5.75170756e-01+1.94682623e-02j
-9.49924519e-01-2.07799941e-03j
-5.77403265e-01-1.02315788e-02j
2.01610932e-01-2.10597623e-02j
6.06233177e-01+1.92855574e-02j
1.92814195e-01+1.61806672e-02j
-5.02683175e-01+1.42172220e-02j
-9.41012570e-01+2.82152508e-03j
-6.40887250e-01-9.30050207e-03j
1.12199110e-01-1.42163787e-02j
5.73220381e-01+1.00912825e-02j
2.97730793e-01+8.74503587e-03j
-4.45843065e-01+2.21911428e-02j
-9.53507603e-01-1.01644805e-02j
-7.19462162e-01+3.85648215e-02j
8.28658024e-02+3.42919625e-02j
5.53001504e-01+9.84851086e-04j
3.10824370e-01+8.80164593e-03j
-4.65725086e-01-5.71157538e-03j
-9.36311989e-01+1.22424553e-02j
-7.19812044e-01+1.65506754e-02j
3.11478694e-02-6.54528288e-03j
5.27881069e-01+1.13988186e-02j
3.36539336e-01+1.13753271e-02j
-4.01345940e-01-5.33844874e-03j
-9.28541544e-01-1.76410819e-02j
-7.44124149e-01+2.73713552e-02j
-3.94602529e-02-2.23474007e-02j
5.38253886e-01+4.36360636e-03j
3.56221570e-01-1.10393891e-02j
-3.94932928e-01+2.95354251e-03j
-9.09946496e-01-1.67395981e-02j
-7.78541385e-01-1.47744038e-02j
-5.79859192e-02-3.27037555e-03j
5.29393091e-01-2.06286429e-02j
3.92722790e-01+3.23735129e-02j
-2.67776400e-01+1.08940488e-02j
-9.24953001e-01-1.78687473e-02j
-7.76277520e-01-3.78216757e-02j
-7.36917978e-02+9.38672577e-03j
5.02707881e-01+8.52477581e-03j
4.19301459e-01+9.73329171e-03j
-2.72035441e-01-9.85172027e-03j
-8.76794950e-01-1.29992905e-02j
-8.23564324e-01+1.26170779e-02j
-1.56577942e-01-1.01331090e-02j
4.92744731e-01-1.35544898e-02j
4.86593421e-01-4.64203453e-02j
-2.27570104e-01-4.65607648e-02j
-8.33695677e-01-2.14924714e-02j
-8.31123934e-01+1.01482446e-03j
-1.69997957e-01-3.95011587e-02j
4.94143473e-01-1.67289907e-02j
4.65419907e-01+1.47860480e-02j
-1.66889948e-01-4.95394095e-03j
-8.18820515e-01-1.29619355e-02j
-8.79719612e-01-1.32970832e-02j
-2.53812854e-01+1.41608987e-02j
4.20394040e-01+1.39197585e-02j
4.82974278e-01-3.52394542e-03j
-1.07029558e-01+2.79398676e-02j
-8.21905419e-01-5.02181991e-02j
-8.99244068e-01+1.91996157e-02j
-2.79653337e-01+8.84557390e-03j
3.96743232e-01+1.92227587e-02j
4.96336597e-01-1.72725960e-02j
-7.19181193e-02+5.84004612e-03j
-7.79094698e-01+1.10641228e-02j
-9.02902887e-01-8.82591846e-03j
-3.09949538e-01-2.46545405e-03j
4.01693461e-01-6.58333393e-03j
5.64439795e-01-1.10745080e-02j
-4.24163928e-03+1.50591917e-02j
-7.49082721e-01+2.03406172e-02j
-8.78769337e-01+3.23116702e-02j
-3.81025162e-01-2.11617055e-02j
3.62348660e-01+6.52777248e-03j
5.36587935e-01+2.23555204e-02j
-1.46353881e-02-1.31354042e-02j
-7.39040343e-01+5.79474729e-03j
-9.27729960e-01-2.62620423e-02j
-4.21350196e-01-3.48700553e-05j
3.20765141e-01-2.14505952e-02j
5.52094470e-01+2.30504336e-02j
3.19798385e-02-2.93738128e-02j
-7.13986479e-01-9.14038364e-03j
-9.60530273e-01+2.20189367e-02j
-4.77090618e-01+1.26545466e-02j
2.72874553e-01+1.50985523e-02j
5.83955514e-01-3.08360158e-03j
7.34640581e-02+3.74205266e-02j
-6.51987252e-01+3.03478586e-02j
-9.38670370e-01-6.55890222e-03j
-5.06682233e-01+5.38653272e-03j
2.63644942e-01-2.04553094e-02j
5.65144101e-01-1.80331466e-02j
1.13456325e-01+8.85849823e-03j
-6.44246084e-01-1.08032943e-02j
-9.44491699e-01-3.08068828e-02j
-5.44822471e-01+5.11785377e-03j
2.24477410e-01+1.87436607e-03j
6.11444760e-01-4.50500938e-03j
2.02513439e-01-6.21130100e-03j
-5.74515419e-01+8.66467579e-03j
-9.37987325e-01+7.73958806e-03j
-5.76603645e-01-3.63984118e-02j
1.91760608e-01+8.28399499e-03j
5.64195795e-01+3.20964817e-02j
2.39189517e-01-1.27738454e-03j
-5.38880751e-01-3.01012047e-02j
-9.52992338e-01+1.99044863e-02j
-6.26276895e-01+2.62054610e-02j
1.50281041e-01-3.09214212e-02j
5.70080730e-01+6.23795391e-03j
2.34934037e-01+1.77314222e-02j
-4.77326459e-01+2.22226466e-02j
-9.47615657e-01+2.02514568e-02j
-6.69047748e-01-7.95096963e-04j
6.51902586e-02-7.36231469e-03j
5.46807464e-01-4.20782179e-03j
2.79195743e-01-2.34996771e-03j
-4.84061585e-01-3.48202795e-03j
-9.22779158e-01-4.33876525e-04j
-6.97591881e-01+1.86492577e-02j
5.02853426e-02+2.40666323e-02j
5.94480150e-01+2.73803525e-02j
3.21648952e-01-4.01618928e-02j
-4.31573463e-01-1.93761615e-02j
-9.33697899e-01-2.57641001e-02j
-7.13392033e-01-2.41294410e-02j
1.70685765e-02+1.34448991e-02j
5.59674324e-01-1.75877690e-02j
3.77881635e-01-8.71501741e-03j
-3.53049137e-01+4.25192333e-03j
-9.57004085e-01-8.30155298e-03j
-7.66778250e-01+4.99695139e-03j
-4.78524363e-02-1.75209060e-02j
5.42596407e-01+6.37207215e-04j
4.16179322e-01-4.25820590e-03j
-3.58525041e-01+2.82571713e-02j
-9.33459622e-01+2.65644624e-02j
-7.63275792e-01+2.89845823e-03j
-6.29986890e-02+8.20940408e-03j
5.01052189e-01-1.01092144e-02j
4.18656601e-01-9.02838279e-03j
-2.57485100e-01+3.25700922e-02j
-9.21616094e-01-3.57022460e-03j
-7.90568089e-01+1.13552110e-02j
-1.32499205e-01+3.06298384e-03j
5.01758258e-01+1.76580562e-02j
4.53595693e-01+3.85623803e-03j
-2.33438929e-01+6.82082595e-03j
-8.74029491e-01+1.43506350e-02j
-8.34577506e-01+1.27180343e-02j
-1.50279953e-01-2.78522696e-02j
4.65523297e-01+7.77189609e-03j
4.85878444e-01+1.70168813e-02j
-1.84862333e-01+1.48306932e-02j
-8.61157998e-01+2.40244672e-03j
-8.51011339e-01-3.30772562e-02j
-2.25285231e-01-5.06771895e-03j
4.63366330e-01-7.03693685e-03j
4.88554073e-01-2.23993915e-02j
-1.32057720e-01+4.13609521e-03j
-8.44416492e-01-1.04090322e-02j
-8.79838660e-01+1.05203920e-03j
-2.37988414e-01-3.21329976e-02j
4.14403230e-01+2.56115835e-02j
5.12673221e-01+1.14059041e-02j
-9.99055952e-02-1.18949609e-02j
-8.25864349e-01-1.08101840e-03j
-9.03510025e-01+1.83603633e-02j
-3.14848324e-01+4.32443667e-03j
4.10435778e-01-1.46974652e-02j
5.19187552e-01-1.56098997e-02j
-7.99836315e-02-1.19284898e-02j
-7.81026789e-01-9.30260392e-03j
-9.15877609e-01+6.90687242e-03j
-3.60973224e-01+1.25638456e-02j
3.79020876e-01+1.65593457e-02j
5.56134721e-01-1.86634755e-02j
-3.11176590e-02+2.32835478e-02j
-7.38448243e-01+1.83983604e-02j
-9.51273908e-01+2.41320174e-03j
-4.14267873e-01+8.33162670e-03j
3.45693944e-01+2.57816322e-03j
5.56004534e-01-1.84252454e-03j
2.90125828e-02-1.17121563e-02j
-7.13159514e-01+2.18245820e-03j
-9.00864873e-01-1.54802811e-02j
-4.24631931e-01+4.17341808e-03j
3.37702641e-01-2.09399463e-02j
5.50867446e-01-3.26547954e-02j
7.28654697e-02+1.21704291e-02j
-6.61556158e-01+7.85244687e-03j
-9.76143656e-01-6.32215532e-03j
-4.70160748e-01+3.67933675e-03j
2.69524959e-01+2.76027284e-02j
5.58966462e-01-6.16552805e-04j
1.45571971e-01+1.25210036e-03j
-6.14752086e-01-2.03553306e-02j
-9.44470972e-01+2.14483064e-02j
-5.28123462e-01+8.44958363e-03j
2.44599620e-01-1.45653599e-02j
5.84814535e-01+3.29234038e-02j
1.82563694e-01+5.17730663e-03j
-6.08034386e-01+2.93182464e-02j
-9.62397803e-01-1.12291768e-02j
-5.73203738e-01-9.70213939e-03j
1.70233296e-01+6.66003147e-03j
6.11132115e-01-2.01002165e-02j
2.10518442e-01+2.74739681e-02j
-5.64258398e-01-1.09549195e-02j
-9.34431174e-01+1.94303817e-02j
-5.89859281e-01+2.45259809e-03j
1.56160680e-01+2.32140315e-03j
5.78789045e-01+4.85237121e-03j
2.77170233e-01-2.03151577e-02j
-4.94744687e-01+1.10156735e-02j
-9.57563098e-01+7.00251300e-03j
-6.49835374e-01+5.96768177e-03j
1.43211054e-01+2.94522804e-02j
6.29454856e-01+2.33460979e-02j
2.63988714e-01-7.96091704e-03j
-4.57610851e-01-1.01974850e-02j
-9.46960940e-01-1.90477887e-02j
-7.01908274e-01+1.57167774e-02j
6.68383777e-02-5.93601677e-04j
5.59940301e-01-1.82559888e-02j
2.96808447e-01+4.20016927e-02j
-4.41457921e-01+2.26861207e-02j
-9.19692016e-01-1.00424094e-02j
-7.11899043e-01+9.29987898e-03j
7.46382009e-02-8.75586706e-03j
5.86264780e-01+1.41923238e-02j
3.48751239e-01+2.01622562e-03j
-3.92441615e-01+1.27221362e-02j
-9.45561292e-01+5.00171784e-03j
-7.57449693e-01+1.02699506e-02j
-1.43216966e-02-9.34717266e-03j
5.42109399e-01-1.67001269e-02j
3.82872902e-01+9.47118405e-05j
-3.37651625e-01-8.18543454e-03j
-9.13262569e-01+1.96893267e-02j
-7.59970306e-01+2.21385102e-02j
-4.47908757e-02+1.42752656e-02j
5.33415476e-01-2.22418061e-02j
4.07576897e-01-2.88983437e-03j
-3.08692312e-01-1.27567042e-02j
-9.09821043e-01+7.97584626e-03j
-7.97979746e-01-2.76025233e-03j
-9.76961343e-02-1.35023187e-02j
4.99851428e-01+2.06991189e-02j
4.46059873e-01+1.83774930e-02j
-2.27959994e-01-5.82319280e-03j
-8.85872820e-01+1.50102070e-02j
-8.07913675e-01+5.11209399e-03j
-1.50370677e-01+1.74860790e-02j
4.94402957e-01+5.28945735e-03j
4.81160745e-01-1.80327733e-03j
-2.19795746e-01+1.35499576e-02j
-8.60008553e-01-1.24575058e-02j
-8.97528473e-01+3.24332267e-02j
-2.10715686e-01+8.46848658e-04j
4.76029861e-01-3.14148696e-02j
4.59337575e-01-6.66936090e-03j
-1.83570059e-01-2.44635217e-02j
-8.45347768e-01-5.04036515e-03j
-8.89599850e-01+3.76674706e-02j
-2.35406383e-01+8.23657924e-03j
4.51938759e-01-1.87694443e-03j
5.15346138e-01-2.37298539e-02j
-1.28592855e-01+9.07100184e-03j
-7.85911774e-01+2.15636717e-02j
-8.75845699e-01+1.40139247e-03j
-2.98706946e-01-2.45539389e-02j
4.02760930e-01+1.53493172e-02j
5.38973652e-01+3.82408766e-02j
-3.49257420e-02+2.23079041e-02j
-7.92315988e-01-3.13045468e-03j
-9.19268073e-01-2.20468162e-02j
-3.36664544e-01+2.53843430e-03j
3.84240996e-01-1.78219572e-02j
5.20656229e-01-7.78951297e-03j
-2.47718464e-02-4.76801179e-03j
-7.41072570e-01-1.16234788e-02j
-9.33874894e-01-1.04065110e-02j
-3.95019483e-01-3.25230480e-02j
3.61645621e-01-1.35398550e-02j
5.40720951e-01-1.17577948e-02j
1.04707569e-02+3.21920409e-03j
-7.03896205e-01+1.87771823e-02j
-9.45730286e-01+1.38856529e-03j
-4.17567758e-01+1.62137307e-02j
2.96735254e-01-3.94549390e-02j
5.63938821e-01-4.48910957e-03j
5.64010516e-02-1.67113690e-02j
-6.96224483e-01+5.95224210e-03j
-9.41401611e-01-1.60980964e-02j
-4.91297184e-01-6.29224238e-03j
2.96638335e-01-2.78758016e-02j
5.67745542e-01+1.36246481e-03j
9.14887352e-02-5.99115917e-03j
-6.58849236e-01-3.25451717e-02j
-9.56672731e-01+1.43240464e-02j
-5.15689770e-01+3.14011749e-02j
2.34738971e-01+1.77092327e-04j
5.99780688e-01+2.96079626e-02j
1.23558342e-01+6.02412154e-03j
-6.45566049e-01+7.71286784e-03j
-9.75123244e-01-3.81121499e-02j
-5.38719016e-01-1.48948202e-02j
1.90633325e-01+2.79516600e-03j
5.58333920e-01-1.84517445e-03j
1.79187632e-01+4.59262793e-02j
-5.89251615e-01-2.70923343e-02j
-9.78076082e-01+2.64419946e-02j
-5.83969986e-01+2.13901764e-03j
1.80226663e-01-3.48280282e-03j
5.78982896e-01+2.77258140e-02j
2.11982251e-01-3.44397349e-03j
-5.51510931e-01-6.39177847e-04j
-9.49312912e-01-1.19136335e-02j
-6.49548857e-01-5.23621953e-03j
1.16839713e-01+3.75089151e-03j
6.03064747e-01+4.56382308e-02j
2.66603222e-01-1.05588855e-02j
-4.65993562e-01-1.03978868e-02j
-9.61468700e-01+2.51347047e-02j
-6.80643123e-01-6.48596528e-03j
9.95328221e-02-1.34679858e-03j
5.58315327e-01-4.85458108e-03j
2.71759897e-01+4.25448288e-02j
-4.64065502e-01+2.63200308e-02j
-9.39975886e-01-7.26300514e-03j
-7.48325787e-01+3.14648148e-02j
4.92516088e-02-4.62294647e-03j
5.66191165e-01-2.36385858e-02j
3.27318187e-01-2.77432737e-03j
-4.11687738e-01+3.89669115e-04j
-9.40326857e-01-2.80172518e-02j
-7.45447708e-01-1.35229537e-02j
9.48486245e-03+2.78628588e-02j
5.51263167e-01-5.48183677e-03j
3.78194630e-01-1.16497314e-02j
-3.53134412e-01-8.39254592e-04j
-9.37752415e-01-2.08809670e-02j
-7.51349680e-01+4.11084481e-02j
-4.63174307e-02+6.19874390e-03j
5.36559393e-01+1.18853929e-02j
3.82527688e-01-2.56128081e-02j
-3.10322243e-01-9.27316749e-03j
-8.96711659e-01-3.09190265e-03j
-8.15029019e-01+1.55867364e-02j
-6.13873076e-02+1.16116001e-02j
5.16185022e-01-1.15932989e-03j
4.24981571e-01+2.13117122e-03j
-2.64983298e-01-2.57370779e-02j
-9.10884720e-01-4.83667342e-02j
-7.91676756e-01-1.74359045e-02j
-1.15513295e-01-6.17097534e-03j
5.17489918e-01+1.03809240e-02j
4.39611747e-01+5.72644185e-03j
-2.36255919e-01-1.10031647e-02j
-8.63535318e-01-1.71013580e-02j
-8.41836908e-01+1.15398009e-02j
-1.76745572e-01+1.84253647e-02j
4.64151808e-01-4.44357885e-02j
4.96271211e-01+2.12308326e-02j
-1.83815431e-01+1.15380123e-02j
-8.14230862e-01-1.29663540e-02j
-8.72952724e-01+2.39759031e-03j
-2.20059016e-01-1.34628558e-02j
4.51609052e-01-3.31825699e-02j
5.01177411e-01+1.11958815e-02j
-1.44523224e-01+7.80198234e-04j
-8.23774235e-01+1.96485041e-02j
-8.58262536e-01+1.70094525e-02j
-2.52596197e-01-6.79758028e-03j
4.35868825e-01-1.23507676e-02j
5.12396534e-01-3.23737992e-02j
-7.33119144e-02-8.34565840e-03j
-8.00334296e-01+8.95224473e-03j
-8.85476026e-01-8.19588461e-03j
-3.52806325e-01+1.38513605e-03j
4.07964084e-01+1.71002845e-03j
5.27110197e-01-4.14588286e-03j
-3.96450443e-02+2.74856553e-03j
-7.77328866e-01-5.14847098e-03j
-9.12336518e-01-1.68478411e-02j
-3.55767535e-01+1.43631900e-03j
3.59832240e-01+5.50462806e-03j
5.56297005e-01+3.31390214e-03j
-2.88515084e-02+1.75874804e-02j
-7.30485064e-01-3.69252646e-03j
-9.40797513e-01-1.89065900e-02j
-4.34132198e-01-3.47023252e-02j
3.52458362e-01-2.12248038e-02j
5.40171403e-01-2.28298333e-02j
5.39397482e-02+1.82280209e-02j
-6.72142942e-01-2.59553718e-02j
-9.51928300e-01+8.42448684e-04j
-4.65729518e-01+3.50788926e-04j
2.93969440e-01+2.95041502e-02j
5.63089887e-01+3.69123376e-03j
6.61579092e-02-1.71931350e-02j
-6.63693728e-01-1.04265257e-03j
-9.53789930e-01+2.22256160e-02j
-4.79099321e-01-1.07058332e-02j
2.67031820e-01-1.93604425e-02j
5.54874693e-01-1.21454520e-02j
9.51689546e-02+1.49541323e-02j
-6.24718623e-01-9.54951241e-03j
-9.42116108e-01+1.51938022e-04j
-5.47037885e-01+2.31737696e-03j
2.45821536e-01+1.24711271e-02j
5.93637304e-01-8.54109828e-03j
1.64023097e-01-1.72460748e-02j
-5.88095328e-01+2.53629007e-03j
-9.36302221e-01-5.75110086e-03j
-5.81610338e-01+2.41125133e-02j
1.97115242e-01-1.08233549e-02j
5.65234787e-01+1.93752794e-02j
2.50323574e-01+9.64055818e-03j
-5.36151011e-01-1.51591572e-03j
-9.99879693e-01-1.55112052e-02j
-6.23563251e-01-2.42714831e-02j
1.54804537e-01+1.01321211e-02j
6.11164725e-01-8.46305753e-03j
2.58163773e-01+3.21579289e-02j
-5.11769515e-01+7.13010789e-03j
-9.33867541e-01-1.73501589e-02j
-7.00762420e-01+1.44150576e-02j
1.29149365e-01+6.89281221e-03j
5.77493168e-01-6.22998125e-03j
2.87460269e-01-3.65372289e-04j
-4.67594777e-01+1.32351289e-02j
-9.29566124e-01-3.20356992e-02j
-6.69427436e-01-1.09698149e-02j
4.90827748e-02+2.49357852e-02j
5.22548518e-01+3.43589887e-03j
3.22388236e-01-2.25994210e-02j
-4.10953890e-01-2.75432171e-03j
-9.61990830e-01+4.29204651e-02j
-7.05573745e-01+2.76645837e-02j
1.38483190e-02-2.69534886e-02j
5.65160632e-01-8.74267056e-03j
3.51554766e-01+7.43197573e-04j
-3.81425915e-01+2.16448912e-02j
-9.27713839e-01-3.94466119e-03j
-7.79380688e-01-9.58761082e-03j
-2.05302505e-02-4.23270618e-03j
5.34202308e-01+3.22152877e-02j
3.74026018e-01-1.32542090e-02j
-3.30587127e-01+1.05393920e-02j
-9.10172549e-01+1.19193932e-02j
-7.79693265e-01-3.26211840e-04j
-6.46549581e-02-1.55764666e-02j
5.24692664e-01-1.84090808e-02j
4.43701996e-01+1.08958114e-02j
-2.99201325e-01+1.76668586e-02j
-9.12458007e-01-8.70613188e-03j
-8.11624904e-01-3.00293311e-03j
-1.09315097e-01-1.30627692e-02j
5.21578818e-01-2.50287506e-03j
4.43207271e-01+1.31619885e-02j
-2.34593674e-01+2.65191281e-02j
-8.79026359e-01-6.25145584e-03j
-8.43330388e-01-1.10567560e-02j
-1.43232511e-01+8.52573961e-03j
4.60717847e-01+2.00278939e-03j
4.33906834e-01-4.51919898e-03j
-2.20196146e-01-2.37667763e-02j
-8.86339356e-01+1.85556205e-02j
-8.62645315e-01+4.79876333e-03j
-2.12589940e-01+7.59903505e-03j
4.49951866e-01+2.13038928e-02j
5.03804289e-01+2.02826214e-03j
-1.61549604e-01+2.84915363e-02j
-8.32867611e-01+8.21658954e-03j
-8.68781697e-01+1.56241407e-02j
-2.60279357e-01-1.33309010e-03j
4.40722484e-01+1.88497858e-02j
5.34885499e-01-5.19568561e-03j
-9.90502743e-02-7.20846466e-03j
-8.33703469e-01-2.01690589e-04j
-9.12666992e-01+2.21225220e-02j
-3.04983049e-01-3.08837696e-03j
4.32286604e-01-7.55586843e-03j
5.15210388e-01+3.13440592e-02j
-6.84048264e-02+4.97130838e-03j
-7.98921804e-01-1.47423802e-03j
-8.91301716e-01-9.41614389e-03j
-3.30664549e-01+1.50985084e-02j
3.91846665e-01+4.33911216e-03j
5.61365425e-01-1.08109795e-02j
-1.00283220e-02-6.65255890e-03j
-7.49818374e-01+1.96120783e-03j
-9.21643286e-01-3.00604551e-03j
-3.77454396e-01+7.39266769e-03j
3.20082557e-01+1.96954858e-02j
5.32986951e-01+1.37894015e-02j
3.48857161e-02-1.37183868e-02j
-7.28958869e-01-1.05023480e-02j
-9.37204620e-01+3.56142298e-02j
-4.16572010e-01-1.97623850e-03j
3.17743689e-01+1.46101320e-02j
5.59360888e-01-2.20748424e-02j
5.89296077e-02+9.29913936e-04j
-6.65929870e-01+4.27594955e-03j
-9.49300524e-01-2.75836095e-02j
-4.71539687e-01-1.02249506e-02j
2.82847728e-01-3.57825101e-02j
5.70961723e-01+2.36153728e-02j
1.34321882e-01+2.25552480e-03j
-6.45035725e-01+4.91328451e-04j
-9.63423365e-01-9.24033356e-03j
-5.18474981e-01-1.02478742e-03j
2.11282555e-01+6.35997940e-03j
5.90034192e-01-8.18985214e-03j
1.68254144e-01+1.12453165e-02j
-6.13149853e-01+1.44642309e-02j
-9.41498246e-01+1.48264605e-02j
-5.43967717e-01+8.62842732e-03j
2.19521143e-01+1.71064478e-03j
5.99905103e-01-7.33999781e-03j
2.19560689e-01+1.83012372e-02j
-5.77295572e-01+8.17278569e-03j
-9.41955198e-01+3.57739295e-03j
-6.23749517e-01+1.98097584e-02j
1.50910562e-01+1.00826427e-02j
5.78124620e-01-2.79516129e-02j
2.22766110e-01-4.08403689e-03j
-5.22359729e-01-1.16267273e-02j
-9.28251512e-01+1.30775292e-03j
-6.47905276e-01-3.55987620e-02j
1.51336490e-01-1.00273219e-03j
5.72955116e-01+2.04776322e-02j
2.76359470e-01-1.23776091e-02j
-4.46116164e-01-1.81112598e-02j
-9.74306790e-01+4.33068170e-03j
-6.67479201e-01+2.99560151e-02j
4.98920878e-02+2.16707515e-02j
5.33435188e-01-1.82986057e-02j
2.86860829e-01-1.65728244e-02j
-4.48109009e-01+1.73857890e-02j
-9.38569409e-01-2.38480333e-02j
-6.78964762e-01+7.91600595e-03j
1.37100419e-02+4.71272051e-03j
5.71928686e-01-2.39427069e-02j
3.52945677e-01-4.34025280e-03j
-3.78044005e-01-1.93479019e-02j
-9.24715412e-01-1.17944641e-02j
-7.23515975e-01+3.27374643e-03j
-4.25659217e-03+6.03143110e-03j
5.71069713e-01-7.64887517e-03j
3.91297513e-01+2.31069149e-02j
-3.38654687e-01-1.14447367e-02j
-9.37316693e-01+1.07246865e-03j
-7.45362489e-01+1.32210698e-02j
-4.84883153e-02+1.73101970e-03j
5.14048410e-01+2.55843121e-02j
4.01683526e-01+2.79561892e-02j
-3.32219970e-01-1.28438071e-03j
-9.15439970e-01-4.70084449e-03j
-7.88804799e-01+2.14305660e-02j
-6.69469028e-02+2.25848464e-02j
5.07556043e-01-1.28949238e-02j
4.17160855e-01+1.13171770e-03j
-3.09094551e-01+1.27558715e-02j
-8.90900901e-01+1.47013329e-02j
-8.28068277e-01+1.84198287e-02j
-1.45302437e-01-1.69419980e-02j
4.87971191e-01-4.87945692e-03j
4.61541988e-01+9.64945275e-03j
-2.18765762e-01+2.64911628e-02j
-8.82751796e-01-1.77588844e-02j
-8.25010496e-01+3.31858061e-02j
-1.71670427e-01+1.76971594e-02j
4.85572117e-01+6.29606061e-02j
4.78552531e-01+2.61929441e-02j
-1.61522061e-01+1.87747330e-02j
-8.44869104e-01+1.43638244e-02j
-8.67140993e-01+3.23196730e-03j
-2.41920169e-01-7.84817772e-03j
4.74749145e-01+2.24804012e-02j
5.08887181e-01-2.64173442e-02j
-1.30097465e-01+4.47437548e-02j
-8.54635394e-01+1.70151050e-02j
-9.09765336e-01-1.43141727e-02j
-2.96804511e-01+3.59058208e-02j
4.40791223e-01-3.44730312e-03j
5.54330239e-01+3.57444704e-03j
-8.55402110e-02+1.77336335e-02j
-7.97682632e-01+1.43725669e-02j
-9.40371859e-01-2.29422519e-02j
-3.25337136e-01-1.73113992e-02j
4.16263966e-01+1.40886583e-03j
5.48926690e-01+8.99502321e-03j
-4.67879705e-02-4.15604619e-03j
-7.61416915e-01+6.11360769e-03j
-9.35833698e-01-2.99854717e-02j
-3.72708170e-01+6.18724177e-03j
3.65292051e-01-6.10482535e-03j
5.44907371e-01+1.00660189e-02j
9.07739451e-03+2.56228786e-02j
-7.39887208e-01-1.13655921e-02j
-9.19975034e-01+1.82249907e-02j
-3.67299276e-01-1.36625442e-02j
3.48902362e-01-1.52194196e-02j
5.31505560e-01+5.56029741e-03j
6.81399678e-02+2.07262418e-02j
-6.85358431e-01+3.63237529e-02j
-9.58084362e-01-1.02041374e-02j
-4.64900604e-01-8.36974163e-03j
3.25682304e-01+1.83010631e-02j
5.75556293e-01-2.06260652e-03j
9.41957070e-02-8.92152397e-04j
-6.49827060e-01+2.11535737e-03j
-9.55771857e-01+6.71871944e-03j
-4.91927720e-01+4.05053164e-02j
2.53168343e-01+4.16970682e-02j
5.69763737e-01+1.77323321e-02j
1.33173181e-01+7.77760171e-03j
-6.14469798e-01+1.28065315e-02j
-9.63437109e-01-5.76725906e-03j
-5.32541882e-01-1.91165231e-02j
2.40100238e-01+9.72939396e-03j
5.78969924e-01-1.57563361e-02j
1.92292811e-01+4.75439850e-02j
-5.70063842e-01+2.12294764e-03j
-9.45863106e-01-2.96639108e-02j
-5.99925439e-01+5.67894762e-03j
1.91863131e-01+2.03087189e-02j
5.71920443e-01+9.94882215e-03j
1.85338240e-01+2.95743273e-02j
-5.45930167e-01-3.17294135e-03j
-9.45627146e-01+2.98171262e-02j
-6.28940515e-01+1.74368030e-02j
1.45305337e-01-2.05590410e-02j
5.60901279e-01+1.54919655e-02j
2.48462766e-01-1.36415978e-02j
-5.04682794e-01+1.49755797e-02j
-9.44098355e-01-1.24660614e-02j
-6.55839087e-01+1.41621918e-02j
1.21642226e-01+6.97869393e-03j
5.66136707e-01+1.86865251e-02j
2.78797730e-01-5.04310018e-02j
-4.53856671e-01+1.98454084e-02j
-9.39161771e-01-3.25991377e-02j
-6.77656500e-01-8.78874460e-04j
4.02805197e-02-1.39957687e-03j
5.38311375e-01-2.73501351e-02j
3.23645572e-01-2.94911130e-02j
-4.23172606e-01-3.74802010e-02j
-9.22275962e-01+2.59106972e-02j
-6.79368788e-01-3.45499497e-02j
1.08041678e-02-1.02348451e-02j
5.57200722e-01-1.34404696e-02j
3.58899981e-01+4.54127870e-03j
-3.64256223e-01-4.69836742e-03j
-9.54431065e-01-1.37794769e-02j
-7.68536150e-01-4.18257326e-02j
-3.70930050e-02-2.71018323e-03j
5.49186509e-01+1.08969410e-02j
4.02018302e-01+3.08213841e-02j
-3.34727435e-01-4.26315264e-03j
-9.12790140e-01+2.18994110e-02j
-7.79771105e-01+1.68147854e-02j
-1.11024096e-01+1.42219868e-02j
5.40567128e-01+2.86802840e-03j
4.33119399e-01-2.33468519e-02j
-2.65001532e-01-6.36756245e-03j
-9.07606338e-01-6.36643655e-03j
-8.60696383e-01+1.39748314e-02j
-1.18062425e-01+2.15672484e-02j
5.02440603e-01+1.63348155e-03j
4.51013544e-01+1.08026770e-02j
-2.45672348e-01+1.56877171e-02j
-8.89363776e-01+2.57493864e-02j
-8.37241065e-01+3.20162569e-02j
-1.98825629e-01+2.60436976e-03j
4.66414538e-01-8.58331521e-03j
4.60743636e-01+1.24778328e-02j
-1.47577800e-01-1.51024717e-02j
-8.71151666e-01+5.80877796e-03j
-8.66272636e-01+2.43007656e-02j
-1.96786209e-01-8.10865014e-03j
4.60877194e-01+7.72426782e-03j
5.01005580e-01+1.84868718e-03j
-1.34173944e-01-1.11583490e-03j
-8.49258550e-01-1.47534319e-02j
-8.81932878e-01+1.32346257e-02j
-2.66754316e-01+1.32609950e-02j
4.40430111e-01-2.93037010e-02j
5.36788798e-01+7.80634586e-03j
-1.09032766e-01-1.11549475e-02j
-7.83805502e-01+3.33575190e-03j
-9.01386757e-01+2.16458452e-03j
-3.19283186e-01-2.54111546e-02j
3.85564490e-01-1.31867499e-02j
5.10633954e-01-1.12189474e-02j
-6.24009406e-02-9.57722027e-03j
-7.77302047e-01-8.87736076e-03j
-9.43880073e-01-1.63290050e-02j
-3.47671624e-01-2.79738599e-03j
3.74628773e-01+1.17811167e-02j
5.44562986e-01+1.45720950e-02j
-2.31498987e-02+2.49279218e-02j
-7.61228237e-01+1.70232964e-02j
-9.23366576e-01-3.41246098e-02j
-3.89195754e-01+6.50939967e-03j
3.23617954e-01+1.40979327e-02j
5.59796432e-01-1.46439979e-02j
3.78556144e-02-2.88017922e-03j
-6.90280485e-01-1.56164598e-03j
-9.56389205e-01-2.48348232e-02j
-4.38607142e-01-8.43242278e-03j
3.32793087e-01-9.61368672e-03j
5.44545971e-01+2.18825704e-02j
5.29850387e-02+5.84711319e-03j
-6.62146402e-01+1.30222450e-02j
-9.74560627e-01+2.49757590e-02j
-4.99261029e-01-4.55827655e-03j
3.01398180e-01-2.65028229e-02j
5.68700497e-01+2.35509638e-02j
1.29621685e-01+2.74153344e-03j
-6.54073563e-01-1.44853496e-02j
-9.49090364e-01+1.84644981e-02j
-5.20649098e-01+2.12692243e-02j
2.33120926e-01+1.55360170e-02j
5.91590724e-01+2.05203402e-02j
1.79378761e-01-1.48279737e-02j
-5.79864153e-01+1.03258306e-02j
-9.48333615e-01+3.02444878e-02j
-5.67075190e-01-2.60407934e-02j
1.92241418e-01+1.97706843e-02j
5.70267445e-01+1.23638018e-02j
1.83459617e-01-2.32136259e-02j
-5.70425129e-01+7.77921243e-03j
-9.59734592e-01-7.57529181e-03j
-6.06478645e-01+1.31163150e-02j
1.43687084e-01+1.82601823e-03j
5.96771883e-01+1.39934413e-02j
2.48127808e-01-2.21873160e-02j
-5.33585244e-01-1.11935664e-03j
-9.76099907e-01-1.58984614e-02j
-6.55663303e-01+1.48765979e-02j
1.52173920e-01-3.78595567e-02j
5.85118865e-01-6.86113943e-03j
2.77035584e-01-1.80909486e-02j
-5.01996475e-01-2.71906176e-02j
-9.70372157e-01+5.55999076e-03j
-6.65635587e-01+1.07952279e-02j
7.79688659e-02+2.93895140e-03j
5.52143670e-01+5.25752834e-03j
3.45683357e-01+1.00247130e-02j
-4.32910445e-01-2.68406266e-02j
-9.49241711e-01+2.09355222e-02j
-7.09930370e-01-7.42450543e-04j
6.68485391e-02-2.02583862e-02j
5.57862438e-01+2.89268777e-02j
3.56850430e-01-1.84691457e-03j
-4.13435063e-01-1.36202329e-02j
-9.30184342e-01+7.65543465e-03j
-7.34769145e-01+1.17405727e-02j
-3.21012753e-02-1.80001637e-03j
5.61240652e-01-1.86039331e-02j
4.04778497e-01-1.85311523e-03j
-3.27358572e-01-1.52799823e-02j
-8.95734369e-01-1.39243052e-02j
-7.82610439e-01-2.51243320e-02j
-6.27935777e-02+6.27389231e-03j
5.49981252e-01-1.83457404e-02j
4.13582845e-01-1.66992188e-02j
-2.86173133e-01-2.33577923e-02j
-9.01978829e-01+1.92771074e-02j
-7.88352815e-01+1.38302619e-02j
-1.57661183e-01-1.13156255e-02j
5.37768091e-01-1.94684513e-02j
4.64039876e-01-3.59118274e-03j
-2.66458076e-01+2.06190973e-02j
-9.07618645e-01-5.02608673e-03j
-8.69382453e-01-7.51584701e-03j
-1.58455959e-01-3.01859685e-02j
5.04550206e-01-4.38417369e-02j
4.74799463e-01+7.71810930e-03j
-2.17339849e-01+2.76255910e-02j
-8.84658133e-01-1.64211188e-02j
-8.62405643e-01+2.38248513e-02j
-2.10862662e-01-4.21212712e-03j
4.35761304e-01-2.95030353e-02j
4.67086917e-01+3.18294569e-03j
-1.58953802e-01-5.71351457e-03j
-8.37905498e-01+2.81999346e-02j
-8.68550366e-01+1.12430737e-02j
-2.18231880e-01-2.53386847e-03j
4.30690913e-01-2.08742415e-02j
5.16430006e-01-3.20817992e-02j
-1.07055357e-01-4.58325835e-03j
-8.32468745e-01-1.42992017e-02j
-9.04455292e-01+2.75758970e-02j
-3.24345134e-01-4.93314011e-03j
4.59208985e-01-9.44474265e-04j
5.35022082e-01-2.37111420e-02j
-5.52081998e-02+2.15488246e-02j
-8.01947068e-01-2.65881830e-02j
-9.33412648e-01-2.03273490e-02j
-3.26141979e-01+3.79879458e-02j
3.63618021e-01+9.60243456e-07j
5.39093042e-01-3.90363815e-02j
-2.55345792e-02+1.40385848e-04j
-7.21332274e-01+1.22625919e-02j
-9.41211869e-01-4.00511521e-03j
-3.75790994e-01-1.30308697e-02j
3.63611228e-01+1.61350689e-02j
5.50955930e-01+2.48775112e-02j
3.51263723e-02-1.58270128e-02j
-7.19712057e-01+1.40920382e-02j
-9.29537890e-01-8.06416673e-04j
-4.37187021e-01-7.60982424e-03j
3.59320911e-01+2.51507037e-02j
5.65475248e-01-2.69466456e-02j
6.08314737e-02+1.63723380e-02j
-7.10737923e-01+4.27848863e-03j
-9.54031273e-01+1.20174279e-02j
-4.63504592e-01-2.98118888e-02j
2.94106428e-01+1.88382373e-02j
5.81506116e-01-2.46729811e-02j
7.51795335e-02+2.93441449e-03j
-6.49538905e-01-3.58057095e-03j
-9.61767988e-01-1.93812703e-02j
-5.27787605e-01-2.79192905e-02j
2.64098845e-01-1.09996636e-03j
5.82647362e-01+1.80593184e-02j
1.61545829e-01-1.05051374e-02j
-6.00439400e-01-1.74819175e-02j
-9.59641928e-01-3.00048554e-02j
-5.52910943e-01-2.42133240e-03j
2.00081551e-01+1.92542646e-02j
6.01325725e-01+2.33397184e-03j
1.66013740e-01+1.59445610e-02j
-5.73248102e-01-2.13087412e-02j
-9.65415434e-01+1.88417531e-02j
-5.81593695e-01+1.33496790e-02j
1.82559871e-01-2.10919939e-02j
5.91008326e-01-2.03339101e-02j
2.22839676e-01+7.70853678e-03j
-5.36826865e-01-1.67650576e-02j
-9.64092586e-01+2.18311547e-03j
-6.30968877e-01-2.04233015e-02j
9.37394264e-02+1.09505535e-03j
5.92564572e-01+1.03573477e-02j
2.30261178e-01+3.48546399e-02j
-4.77076978e-01+3.13652080e-02j
-9.29194037e-01+5.32415773e-03j
-6.93212554e-01-1.78972145e-02j
1.00078594e-01+5.91726014e-03j
5.62907339e-01+3.13883627e-02j
3.33829283e-01+3.99057042e-02j
-4.61638655e-01-3.93418757e-03j
-9.50627528e-01+1.76073611e-02j
-6.87681491e-01+1.29369145e-02j
4.87483986e-02-1.03973281e-02j
5.70122935e-01+1.28624840e-02j
3.39322150e-01+2.42510133e-02j
-3.69122690e-01-6.95575513e-03j
-9.11946770e-01-9.52465038e-03j
-7.54607170e-01-1.42305923e-02j
1.46839067e-02-3.85332357e-02j
5.74360481e-01-1.03540771e-02j
3.82727706e-01+6.63378777e-03j
-3.76611912e-01-6.28430717e-03j
-9.56532835e-01-3.60789330e-03j
-7.75046685e-01-2.13552057e-02j
-5.34304016e-02+1.62039227e-02j
5.37108705e-01+4.97551467e-03j
4.08596808e-01-7.16377597e-03j
-3.13873516e-01+1.97629584e-02j
-8.91634845e-01+2.72565457e-02j
-7.63821108e-01-4.40864381e-03j
-7.42539575e-02+2.66009243e-02j
5.24942639e-01+4.20579891e-03j
4.13400687e-01-1.16046132e-02j
-2.85284496e-01+2.42899440e-02j
-8.91869154e-01+1.39611287e-02j
-8.31480457e-01+3.33043974e-02j
-1.31848732e-01-7.43179440e-03j
5.07962399e-01-8.64639593e-03j
5.09191706e-01+2.39553354e-02j
-2.31241726e-01-3.64148633e-02j
-8.74196641e-01+1.78710830e-02j
-8.38997298e-01+4.34875942e-03j
-1.55735808e-01+1.77650155e-02j
4.85194932e-01-2.72844818e-02j
4.86316434e-01-1.14461145e-02j
-1.52887397e-01-1.71283629e-02j
-8.23655304e-01+2.24397856e-02j
-8.58151687e-01-1.53759383e-04j
-2.15964611e-01-5.19358563e-02j
4.23559774e-01+1.66425043e-02j
5.03882919e-01+1.59630251e-02j
-1.50271101e-01+7.59501876e-03j
-8.20202327e-01+1.55390538e-02j
-9.04445004e-01-1.82630469e-02j
-2.56514257e-01+3.71131596e-02j
4.11395750e-01-1.35252111e-02j
5.12652967e-01+8.32301740e-03j
-1.04579406e-01-1.77109337e-02j
-8.09444974e-01+2.05801201e-02j
-8.85893225e-01+1.06789953e-02j
-3.38052657e-01+1.35029476e-02j
3.80689914e-01-1.22490627e-02j
5.54678836e-01+5.36096926e-03j
-4.28457692e-02-6.96998562e-03j
-8.02829840e-01-3.10744888e-03j
-9.43672087e-01+2.92239283e-02j
-3.49881495e-01+8.16878657e-03j
3.92578846e-01+1.58784849e-02j
5.73332836e-01+1.28140136e-02j
-3.73082365e-03-5.69318795e-03j
-7.47338909e-01-3.61027369e-02j
-9.18350504e-01+2.75340424e-02j
-4.13623204e-01-5.21818979e-03j
3.32148095e-01+6.03533430e-03j
5.36472797e-01-3.95573353e-02j
1.86913286e-02+3.17239130e-03j
-7.33868389e-01+3.02801724e-02j
-9.48869155e-01-3.03197591e-02j
-4.53006923e-01-2.04964531e-02j
2.96675466e-01+1.25855313e-02j
5.68775665e-01+1.46486530e-03j
7.37026663e-02-5.95232131e-03j
-6.66457846e-01+1.03424812e-02j
-9.75466808e-01+1.80398609e-03j
-5.30907810e-01-2.47883847e-02j
2.76049155e-01+2.93641971e-03j
5.84487382e-01-1.60985761e-02j
1.17366519e-01+1.87314848e-02j
-6.24904133e-01+1.26520067e-02j
-9.28585211e-01+1.30275398e-03j
-5.39748509e-01-9.98927231e-03j
2.36893711e-01+3.14632548e-02j
6.02817568e-01+7.50607419e-03j
1.93786035e-01+4.55146708e-04j
-5.91237528e-01+5.80685781e-04j
-9.30246660e-01+1.15219783e-02j
-5.63413078e-01-9.03860852e-05j
1.85845485e-01+1.89454770e-02j
5.98476664e-01+1.36511722e-02j
2.34130578e-01-3.40125111e-02j
-5.67680419e-01-1.62340540e-02j
-9.45904010e-01-1.61138475e-02j
-6.04836748e-01-3.01664879e-02j
1.57207667e-01-4.49643515e-03j
5.82539244e-01-3.14064242e-02j
2.29862580e-01+7.60577696e-03j
-5.19795416e-01-2.80009114e-02j
-9.61278141e-01-8.76547442e-03j
-6.67464585e-01+1.74898278e-02j
1.04876221e-01-1.61203977e-03j
5.91301297e-01-3.03477910e-02j
3.15656791e-01+1.14000997e-02j
-4.57663569e-01-1.63688859e-02j
-9.39096687e-01+2.78384723e-03j
-7.03154223e-01+2.46210578e-02j
9.25524176e-02+3.45570476e-03j
5.71396956e-01-1.26349373e-02j
3.20878319e-01-1.11750558e-02j
-4.29660075e-01-2.87161043e-03j
-9.23713464e-01-1.56652900e-02j
-7.14292396e-01+2.07652267e-03j
-3.68656110e-03-2.32968005e-02j
5.71147740e-01-7.34209075e-03j
3.63180939e-01+1.39918464e-02j
-3.57553708e-01+2.32483515e-02j
-8.85455005e-01-2.47450546e-04j
-7.59948693e-01-2.15110991e-03j
-2.11398620e-02+2.11917609e-04j
5.58476092e-01-5.06945906e-04j
3.88200363e-01-1.07629117e-02j
-3.21752173e-01-3.84608839e-03j
-8.69925508e-01-2.82894663e-02j
-7.76448577e-01+3.93096471e-03j
-8.05777389e-02+4.76409810e-03j
5.01067401e-01-1.30652233e-02j
3.59986898e-01-1.41394841e-02j
-2.86971756e-01+1.24857452e-02j
-8.48020107e-01-1.12084208e-02j
-8.31467503e-01-7.52221219e-03j
-1.29185394e-01+2.36728163e-02j
4.97523198e-01-9.80531489e-03j
4.27047861e-01-1.04555439e-03j
-2.47710138e-01+2.74605199e-02j
-8.74689336e-01+1.88383845e-02j
-8.29320005e-01+2.54857975e-03j
-1.54116711e-01-3.22044620e-03j
5.14002749e-01-1.10329673e-03j
4.64966793e-01-2.85311801e-03j
-1.98632473e-01+1.24718565e-02j
-8.75282774e-01-5.13884136e-03j
-8.36203457e-01-2.08296649e-02j
-1.99229464e-01-1.12146862e-02j
4.99914936e-01+1.28633383e-02j
5.05171591e-01-1.75953711e-02j
-1.71229119e-01-1.11476538e-02j
-8.56404387e-01-7.02804590e-03j
-8.90226016e-01+9.08173341e-04j
-2.66407877e-01-2.14965932e-02j
4.29666180e-01-4.14342114e-02j
5.27397284e-01-1.29731758e-02j
-1.23280254e-01-2.27114561e-02j
-7.87843841e-01-2.55033747e-02j
-8.88951485e-01-5.37829735e-02j
-2.84647150e-01+2.07144055e-02j
4.36755035e-01+5.53522091e-03j
5.63282897e-01-8.13930017e-04j
-9.94863297e-02+6.05557561e-03j
-7.77702210e-01+2.40215285e-02j
-9.07674273e-01+1.39842849e-02j
-3.20797675e-01-2.09819846e-02j
3.80157859e-01-1.65290918e-02j
5.46136478e-01+4.69860483e-03j
-1.86947684e-02+1.07950641e-02j
-7.50111176e-01-4.83312411e-03j
-9.62743000e-01-7.40145039e-03j
-3.57036035e-01+8.79734785e-03j
3.64162708e-01+1.66226217e-02j
5.44002147e-01-2.42948563e-02j
2.59017787e-02+3.29148136e-02j
-7.04684235e-01-1.18579836e-02j
-9.23945312e-01-7.75748210e-03j
-4.37544188e-01+1.23386606e-02j
3.15598951e-01+7.11898310e-04j
5.83148351e-01-1.41934492e-02j
8.15380207e-02+2.12447445e-03j
-6.83628019e-01+3.36746867e-03j
-9.35364301e-01+3.51472129e-03j
-5.19703400e-01+1.50317050e-02j
2.59972621e-01+2.66713888e-02j
5.56365741e-01+2.15309060e-02j
1.19671706e-01-1.09605046e-02j
-6.56141192e-01-1.98687380e-02j
-9.53682423e-01+4.05196903e-04j
-5.26427548e-01-2.59027893e-03j
2.37750379e-01-2.61592045e-03j
5.77012885e-01-2.92756479e-02j
1.46594484e-01+1.75851613e-02j
-5.93117742e-01+7.80877300e-03j
-9.37289264e-01-1.22213936e-02j
-5.85206417e-01-1.86517349e-03j
2.07491770e-01+1.35916420e-02j
6.01763771e-01+3.11245876e-02j
1.94357895e-01+2.07051186e-03j
-5.66379721e-01-6.48464218e-03j
-9.57775152e-01+5.77974761e-03j
-5.91853287e-01+2.21850756e-02j
1.59133965e-01-2.52707639e-03j
5.81883814e-01-1.85995144e-02j
2.58678551e-01+2.07668756e-02j
-5.43222245e-01+5.65044934e-03j
-9.56676705e-01-3.84523636e-02j
-6.25859801e-01-2.71807348e-03j
1.41610523e-01-2.50295666e-02j
5.91672135e-01-7.60576089e-03j
2.76505481e-01-1.63170245e-02j
-5.24987046e-01-3.50703061e-02j
-9.77433342e-01-1.11906130e-02j
-6.46857509e-01+2.24571860e-02j
1.13105655e-01+1.34554943e-02j
5.64878928e-01-1.54455271e-02j
3.12336984e-01-2.43823033e-02j
-4.57056891e-01+1.06409739e-02j
-9.74913708e-01-7.52879865e-03j
-7.26688209e-01-4.24585038e-02j
3.93085625e-02+7.66510040e-03j
5.56969909e-01-1.93644610e-02j
3.50086803e-01+2.90281712e-02j
-3.93555123e-01+7.58685002e-03j
-9.35847312e-01-2.64330157e-02j
-7.40732618e-01+1.64519112e-02j
1.30514828e-02-2.25124537e-03j
5.42833963e-01+2.08420274e-03j
3.78587455e-01+1.62431727e-03j
-3.60626975e-01-1.31913682e-02j
-9.19219716e-01+6.72636604e-03j
-7.56239222e-01-1.96086507e-02j
-6.49965063e-02+2.17433479e-02j
5.29232414e-01+9.55508468e-03j
4.02779436e-01+2.31130586e-02j
-3.15771034e-01-1.26424341e-02j
-8.97660265e-01-3.30315879e-03j
-8.24270956e-01+7.31742764e-03j
-1.00362604e-01+3.26633413e-02j
5.17393815e-01-2.09499358e-02j
4.19196826e-01-2.73930138e-02j
-2.88946359e-01-1.97574250e-02j
-8.88258723e-01+5.59800303e-04j
-8.01445905e-01-3.01455244e-02j
-1.52921210e-01-1.70348818e-02j
4.98506941e-01+1.39479990e-03j
4.66609241e-01-1.56522100e-02j
-2.00157869e-01-1.75603742e-02j
-8.29202689e-01+8.52865825e-04j
-8.65408062e-01+1.66126476e-02j
-1.98380626e-01-2.30609309e-05j
4.62378480e-01-3.31494245e-03j
5.02217886e-01-4.43064750e-02j
-1.64388931e-01+3.27705248e-02j
-8.42347792e-01+2.37881488e-02j
-8.70413859e-01+8.27345170e-03j
-2.49212528e-01-4.25201404e-02j
4.59955720e-01-2.73750315e-02j
5.08644338e-01+1.52034806e-02j
-9.63656145e-02+1.06630439e-02j
-8.29869655e-01-2.09965975e-02j
-9.12000429e-01+2.78252077e-02j
-2.84236960e-01-2.85485055e-02j
4.25007801e-01+1.49934591e-02j
5.20268190e-01-4.03280083e-03j
-8.41592030e-02-1.08938036e-02j
-7.90919783e-01+1.40168550e-02j
-9.13622295e-01-2.13386779e-03j
-3.47482668e-01-1.22196950e-03j
4.10412766e-01+2.25103250e-03j
5.50662572e-01+1.27596711e-02j
-3.54711466e-02-1.02906507e-04j
-7.54564183e-01-1.82888137e-02j
-9.27333515e-01+2.14798060e-02j
-3.71564185e-01-1.08422231e-02j
3.59170337e-01+2.15951905e-02j
5.34380872e-01+8.17253836e-04j
2.15674369e-02+3.09699561e-02j
-7.50695479e-01-2.01133718e-02j
-9.41867009e-01+8.54989246e-04j
-3.93912132e-01-2.67142702e-02j
3.19806780e-01-2.23422558e-03j
5.51794340e-01-3.51452950e-03j
5.65882605e-02-2.95044098e-03j
-6.69236688e-01-4.45985733e-03j
-9.39816522e-01-2.58669972e-02j
-4.55695866e-01-7.42033022e-03j
2.89439869e-01+2.04844692e-02j
5.56373897e-01+2.75114823e-03j
9.90100505e-02+3.38996701e-03j
-6.42421073e-01+2.10571224e-03j
-9.47204403e-01+1.50081407e-03j
-4.82431765e-01-2.29418012e-02j
2.91243878e-01-1.55774104e-02j
5.45593186e-01-6.86340878e-03j
1.20946994e-01-9.16904765e-03j
-6.13659924e-01-6.41412187e-03j
-9.47876140e-01-6.40411078e-04j
-5.46903591e-01+4.47121083e-02j
2.15668716e-01-1.25414361e-02j
6.05221443e-01+1.26192385e-03j
1.75416201e-01+8.05541724e-03j
-5.78016093e-01+3.25029449e-03j
-9.89813172e-01+2.08402376e-02j
-5.95617481e-01-1.08164483e-02j
1.56495838e-01-1.74306393e-02j
5.58458518e-01-5.74976866e-03j
2.33169597e-01-8.20314207e-03j
-5.43762215e-01+2.15252745e-02j
-9.80663272e-01-9.97492078e-03j
-6.22766618e-01-2.11719676e-02j
1.71614690e-01+7.57575217e-03j
5.65961553e-01+1.02820618e-03j
2.88505000e-01-2.18641353e-02j
-5.12071407e-01-4.34919436e-03j
-9.40689722e-01-1.83887724e-02j
-6.71534156e-01-1.88834996e-02j
7.34017943e-02-4.93346860e-02j
5.63533662e-01-2.52792354e-02j
3.03649174e-01-1.01756823e-02j
-4.66583157e-01+1.94209654e-02j
-9.27454990e-01-9.54523439e-03j
-7.01551157e-01+1.73400469e-02j
5.43945463e-02-1.09406433e-03j
5.47771859e-01-1.90915970e-02j
2.92957573e-01-1.49302981e-02j
-3.98832259e-01+3.80755757e-03j
-9.06523190e-01+1.67209018e-02j
-7.11559135e-01+2.56380481e-02j
-1.54537405e-02-1.16224730e-02j
5.20047214e-01+2.88801371e-02j
3.73690716e-01+1.07632604e-02j
-3.70966375e-01-1.37211331e-02j
-9.22357661e-01-2.19435784e-02j
-7.77923090e-01-6.83264051e-03j
-6.00141179e-02+4.78438817e-03j
5.10919687e-01+3.01487649e-02j
3.98728826e-01+2.33174182e-02j
-3.22964469e-01-3.61975349e-03j
-8.95013971e-01-1.04950091e-02j
-8.07623490e-01+1.21485216e-02j
-6.04228450e-02+3.79837664e-02j
5.13405043e-01+3.12230198e-03j
4.23805857e-01-5.45821815e-03j
-2.82513696e-01+9.96492311e-03j
-8.92432776e-01+5.73375491e-03j
-8.28769049e-01-6.05316057e-03j
-1.18298070e-01-1.09016282e-02j
4.76364303e-01+8.81161495e-03j
4.53190652e-01-5.99802910e-03j
-2.48700151e-01-1.83162004e-02j
-8.67129525e-01+1.90721170e-03j
-8.22131578e-01-9.13369497e-03j
-1.62667913e-01+3.01129305e-02j
4.79797043e-01+1.54802841e-02j
5.07274482e-01-7.39147652e-03j
-1.73574650e-01-2.27766116e-02j
-8.42445757e-01+1.95716105e-02j
-8.74122099e-01-1.54386913e-02j
-2.25827370e-01-2.93653825e-02j
4.75796506e-01+2.28955364e-02j
4.66220416e-01-3.80531453e-03j
-1.27353361e-01+9.38840068e-03j
-8.32216081e-01+1.89774616e-02j
-8.91540661e-01+2.24500539e-02j
-2.15960981e-01-4.02901388e-03j
4.24500157e-01-2.48213730e-02j
5.05298921e-01-2.66656436e-02j
-1.29117187e-01-1.70184689e-02j
-8.23228587e-01-1.30528319e-02j
-9.06348170e-01-3.49527481e-03j
-3.00692831e-01+3.06920078e-02j
4.15214081e-01-1.56992849e-02j
5.36798085e-01-2.28508290e-02j
-1.85950706e-02-5.67392655e-03j
-7.65150653e-01+1.74592782e-02j
-9.06153234e-01-8.98409916e-03j
-3.64426468e-01-3.15012493e-03j
3.72207659e-01+7.27824428e-03j
5.46997813e-01-3.76795748e-03j
4.90492675e-03-6.65919654e-03j
-7.28950997e-01-6.16539934e-04j
-9.55921786e-01+3.15781549e-02j
-3.62474062e-01+1.16138263e-02j
3.43268944e-01-2.09483312e-03j
5.80143127e-01-8.78544475e-03j
3.29553964e-02-9.20486539e-03j
-7.00463167e-01-1.21987288e-02j
-9.59770995e-01-6.38513744e-03j
-4.77373793e-01-8.26834976e-04j
3.08455470e-01-2.38795961e-02j
5.42677023e-01-1.58864552e-02j
1.22478630e-01-6.52928356e-03j
-6.67462266e-01-3.11215631e-03j
-9.38518146e-01+1.02114543e-02j
-4.92179553e-01+6.55343339e-03j
2.86059916e-01-1.05175845e-02j
6.01362274e-01-2.39316441e-02j
1.42389903e-01+2.02198871e-02j
-6.42379768e-01+1.19924445e-02j
-9.84321252e-01-2.11008604e-02j
-5.23075184e-01-1.24550881e-02j
2.46914381e-01+1.26223727e-02j
5.67490364e-01+5.57381112e-03j
1.48611259e-01+3.06184380e-02j
-5.83258262e-01-1.13278139e-02j
-9.54275060e-01-4.75007559e-03j
-5.33813176e-01+1.25696855e-02j
2.28632422e-01-2.66171979e-02j
5.64558641e-01-1.26223496e-02j
2.12879489e-01+1.33398108e-02j
-5.47664717e-01+3.44887363e-02j
-9.61293950e-01+2.51225021e-02j
-6.24016239e-01-4.56989649e-03j
1.80322185e-01+1.26913347e-02j
6.14453140e-01-2.36490409e-02j
2.34847457e-01+1.74772946e-03j
-5.42026283e-01-2.15781828e-02j
-9.61063412e-01+1.34038603e-03j
-6.20180946e-01+2.69635968e-02j
1.29052694e-01+4.11124416e-03j
5.76023628e-01+7.25433535e-03j
2.57410883e-01-1.78499769e-02j
-4.79857093e-01+1.15589698e-03j
-9.62553014e-01-2.02179344e-02j
-6.84997363e-01+1.40867999e-02j
7.11174004e-02+1.36050446e-02j
5.86180333e-01+1.79153932e-02j
3.27987848e-01+3.25629338e-03j
-4.61021097e-01+5.26983350e-04j
-9.41904707e-01-1.06417799e-02j
-6.98939121e-01+2.29917153e-02j
4.63267726e-02+1.14942759e-02j
5.56040380e-01-1.50454080e-02j
3.67022396e-01-2.73983345e-02j
-3.23806752e-01+3.32912677e-02j
-9.05993332e-01-8.54423160e-03j
-7.47937714e-01-1.20040828e-03j
5.71825014e-03-4.01077169e-03j
5.87358389e-01+1.52483247e-02j
3.80466867e-01+1.05332436e-02j
-3.11812783e-01+6.87132976e-03j
-9.39782757e-01+1.56929783e-03j
-7.85311602e-01-1.76233739e-02j
-7.08460788e-02+7.69140624e-03j
5.44599449e-01+9.95243751e-04j
4.06009678e-01+2.56249001e-02j
-2.77176437e-01-1.24451505e-02j
-9.14412966e-01+3.05797983e-02j
-7.46753129e-01-5.74701663e-02j
-1.16649419e-01+2.86951049e-02j
5.23136146e-01+3.40440954e-02j
4.47080922e-01+4.12111301e-02j
-2.40447394e-01+1.02545712e-02j
-8.58001908e-01-9.46989284e-03j
-8.27714134e-01+6.05239778e-03j
-1.48672378e-01-1.86828073e-02j
4.85652537e-01+3.88241212e-02j
4.56771389e-01-1.00176137e-02j
-1.77649490e-01+1.88881063e-02j
-8.41588053e-01-2.89478188e-03j
-8.43092200e-01+2.06299023e-02j
-2.39285631e-01-5.18609668e-03j
4.88314143e-01-3.49927326e-02j
4.97153905e-01-5.94651214e-04j
-1.45718792e-01+9.37132431e-04j
-8.44983596e-01-9.95531351e-03j
-8.44304644e-01-4.67221938e-03j
-2.34089266e-01-3.78521272e-03j
4.59080091e-01-1.58141950e-02j
5.33568413e-01-1.49044381e-02j
-1.30579431e-01-1.53468365e-02j
-8.21142709e-01-4.17601251e-03j
-8.61147010e-01-2.70891088e-02j
-2.98039789e-01-6.22037568e-03j
4.35890463e-01+1.46406236e-02j
5.24009303e-01+2.37219898e-02j
-4.44771156e-02-2.63996884e-02j
-7.84467946e-01-1.35905399e-03j
-9.25819433e-01+1.44867129e-02j
-3.53323601e-01-3.81000631e-03j
3.66008961e-01-1.90422013e-03j
5.28078505e-01-1.15669531e-02j
-4.34457704e-02-2.44232793e-02j
-7.47202131e-01+1.62898028e-02j
-9.04158857e-01-1.43390536e-02j
-3.69070876e-01+7.07624886e-04j
3.78009365e-01+1.07271314e-02j
5.41123010e-01+1.07867745e-02j
2.24853290e-02-1.13957449e-02j
-7.06539399e-01+6.89221641e-03j
-9.05630271e-01+1.31042062e-02j
-4.20263739e-01-2.29922060e-02j
2.87056201e-01-1.75140793e-02j
5.77201868e-01+4.22113261e-02j
4.44581456e-02-2.25659616e-02j
-7.00615502e-01+6.32820351e-03j
-9.10808913e-01-1.04965251e-02j
-4.67109909e-01-8.64131403e-03j
2.76242713e-01+8.35722458e-04j
5.75688299e-01+9.33123909e-03j
1.02393029e-01-2.65627796e-02j
-6.68461731e-01+2.58017545e-03j
-9.49423507e-01+2.31479342e-02j
-4.84861122e-01-1.86656292e-02j
2.24401416e-01+1.63033164e-03j
5.72071936e-01-1.65169445e-02j
1.44886293e-01+1.89920429e-02j
-6.05018159e-01-3.75051225e-03j
-9.66634342e-01+5.60946323e-03j
-5.20042160e-01-2.14480526e-02j
2.00336832e-01-1.93265555e-02j
5.50012125e-01-4.59455793e-04j
1.84869963e-01-2.70552186e-02j
-5.40272370e-01+1.53145623e-02j
-9.68863647e-01+1.64597858e-03j
-5.88210060e-01-5.71663170e-03j
1.60110491e-01-2.10351166e-02j
6.05273341e-01-8.60617850e-03j
2.41405520e-01-1.51202982e-02j
-5.64825286e-01+5.11851704e-03j
-9.85104764e-01-1.08124574e-02j
-6.32654376e-01-3.87700501e-02j
1.52946166e-01+1.62183417e-02j
5.68653480e-01+1.84385489e-02j
2.89998605e-01+1.45632502e-02j
-4.62309206e-01-1.45259626e-02j
-9.55175885e-01+1.94472205e-02j
-6.67359919e-01-2.12271034e-04j
7.96293510e-02+1.67192732e-02j
5.95036131e-01+6.86208801e-03j
3.09350124e-01+3.69426863e-03j
-4.37660402e-01-1.98549848e-02j
-9.68237929e-01-2.55315760e-02j
-6.97408944e-01+4.91634633e-03j
6.60869248e-02+2.37468885e-02j
5.42272404e-01+6.07762847e-03j
3.04070113e-01+1.08739217e-02j
-3.84946120e-01+3.86639641e-03j
-9.16936438e-01-1.05466459e-02j
-7.30947128e-01+3.61373639e-03j
-3.57458794e-02+2.94970257e-02j
5.68540841e-01-2.69221684e-02j
3.64686705e-01+6.46543411e-03j
-3.69920599e-01+3.94598327e-02j
-9.34125139e-01-8.50432846e-03j
-7.61072058e-01+2.95416264e-02j
-2.78232590e-02-1.80172229e-02j
5.26712093e-01+1.53890349e-02j
3.93060490e-01+2.07379750e-02j
-3.23455370e-01-4.78921832e-03j
-8.91959686e-01+2.27245529e-02j
-7.98263902e-01-2.15316094e-02j
-1.00833694e-01+1.96207164e-02j
5.29758753e-01+6.91751496e-03j
4.25313526e-01+2.14249101e-02j
-2.63963179e-01-1.01070787e-02j
-9.34287233e-01+6.52164772e-03j
-8.42136351e-01-7.38933960e-03j
-1.41784989e-01-1.77746732e-02j
5.02050635e-01-4.37164399e-02j
4.46007104e-01+1.88428385e-02j
-2.12569196e-01+1.14972080e-02j
-8.71048547e-01-1.08692789e-02j
-8.67000669e-01+1.31386601e-02j
-1.83405965e-01-1.19407026e-02j
4.71705256e-01-2.56028358e-02j
4.97933934e-01+9.83001571e-03j
-1.75916165e-01+1.04952217e-02j
-8.42079721e-01-1.14865239e-02j
-8.59372850e-01-6.89217651e-03j
-2.48012891e-01+3.72159255e-03j
4.62913197e-01-2.74244778e-02j
4.96514192e-01+2.29259201e-02j
-1.51877142e-01+1.69960160e-02j
-8.08672430e-01+8.12728911e-03j
-8.88606002e-01+3.69685597e-02j
-2.48545799e-01+1.44471866e-03j
4.44383943e-01+2.52382402e-02j
4.86172575e-01-1.49638394e-03j
-7.53927765e-02-3.17003384e-02j
-8.22363722e-01-1.26401558e-02j
-9.17470535e-01-1.19671676e-02j
-3.37171071e-01-3.78825755e-02j
3.94131623e-01-1.88179134e-02j
5.32564088e-01-1.51047232e-02j
-3.33682302e-02+2.03128355e-03j
-8.11973675e-01+3.76432428e-03j
-9.04060810e-01-4.18371982e-03j
-3.62534320e-01+1.31235771e-03j
3.86530121e-01+2.26754850e-02j
5.62217446e-01+6.80781126e-04j
-2.08201843e-02+4.33231955e-02j
-7.57246910e-01-8.82617559e-03j
-9.47237849e-01+2.33717448e-02j
-4.12389775e-01+1.34925612e-02j
3.17447579e-01+8.14008702e-03j
5.92551946e-01-3.16196257e-02j
2.69700779e-02+4.43418885e-03j
-6.95656309e-01+9.32890313e-03j
-9.58124061e-01-1.38009319e-02j
-4.39450092e-01-3.31075077e-02j
3.25386098e-01-1.36697092e-02j
5.53230386e-01+1.09970786e-02j
6.86385747e-02-2.31896196e-02j
-6.94820771e-01+5.97751948e-03j
-9.58178682e-01+1.14180618e-02j
-4.80474280e-01+6.86976879e-03j
2.56365842e-01+5.02038605e-03j
5.57246111e-01+1.08177412e-02j
1.09404545e-01-3.53202221e-03j
-6.30610741e-01+3.28258223e-02j
-9.63221825e-01+5.88063880e-03j
-5.32567964e-01+3.54239016e-02j
2.39411980e-01-2.82671950e-02j
5.68534253e-01+3.47105020e-02j
1.88790847e-01-8.05040697e-03j
-6.05519386e-01-1.13215558e-03j
-9.56673123e-01-1.70754813e-02j
-5.83771610e-01+9.72850055e-03j
2.01505716e-01+2.03195359e-03j
5.56951080e-01+1.35976837e-03j
2.27327419e-01-6.72730053e-03j
-5.65925698e-01-1.90003322e-02j
-9.51270188e-01+5.08108200e-03j
-6.07558345e-01-7.81430794e-03j
1.50308894e-01-3.36954886e-03j
5.56116499e-01+2.17790514e-02j
2.53353666e-01+5.05568964e-03j
-5.15272957e-01-5.81516345e-03j
-9.43532576e-01+3.24836137e-02j
-6.75834983e-01-9.02830783e-03j
9.06332886e-02-2.11914074e-02j
5.65531868e-01-1.27496886e-02j
2.74865917e-01-1.80924340e-02j
-4.61896201e-01+1.03398097e-03j
-9.43156660e-01+2.54017427e-02j
-6.45266384e-01-2.79181394e-02j
7.65304566e-02+2.09549047e-03j
5.62666535e-01-5.35852676e-03j
2.94897374e-01+6.83558602e-03j
-4.23736480e-01+6.09675957e-03j
-9.51879912e-01+1.26623460e-03j
-7.53832079e-01+3.82028244e-03j
2.32200393e-02-8.42582539e-05j
5.70085668e-01+3.53983425e-02j
3.48310218e-01-7.77762667e-03j
-3.61183434e-01-2.65094647e-02j
-9.28821786e-01+1.90512696e-02j
-7.34026282e-01-1.56450395e-02j
-2.18861106e-02+8.18102432e-03j
5.43403334e-01+8.08853621e-03j
4.03113909e-01-1.02886250e-02j
-3.31433429e-01-3.53669557e-02j
-8.98507014e-01+2.17873461e-02j
-7.84010586e-01+4.22547748e-02j
-5.66078391e-02-1.19213536e-02j
5.29031723e-01-4.86898467e-03j
4.23167937e-01-1.08816800e-02j
-3.01220081e-01-7.16730470e-03j
-9.12250456e-01-1.21731472e-03j
-8.25826986e-01-1.20408582e-02j
-1.10225711e-01+1.74172333e-03j
5.11447503e-01-9.57622558e-03j
4.17570561e-01-1.46667936e-02j
-2.36526130e-01+3.75010669e-04j
-8.71793609e-01-2.34776105e-03j
-8.47797015e-01+2.54083472e-04j
-1.77307707e-01-9.04211643e-04j
5.03226426e-01+1.10102487e-03j
4.39730309e-01-7.06069290e-03j
-1.47097706e-01-3.90125313e-03j
-8.30286341e-01-2.66848746e-02j
-8.79399210e-01-4.73186199e-03j
-2.34333996e-01-8.78489401e-03j
4.27673380e-01-8.68197316e-03j
4.89699954e-01-4.94738805e-03j
-1.40908662e-01-1.75548358e-02j
-8.45177135e-01-1.97658446e-02j
-9.04779056e-01+1.63141045e-02j
-2.45982343e-01+2.06252989e-02j
4.40997956e-01+1.42362234e-03j
5.05589654e-01+1.87674747e-02j
-7.58066299e-02+3.76768799e-02j
-7.96921363e-01+2.96504856e-03j
-9.13216806e-01+1.85109767e-03j
-2.91363942e-01+1.48699759e-02j
4.44783109e-01+8.13241218e-03j
5.39551690e-01-6.26513333e-04j
-5.91667141e-02-8.01493520e-03j
-7.79489864e-01-4.33518679e-03j
-9.19375700e-01+8.76691176e-03j
-3.13149380e-01-2.29558808e-02j
3.87682389e-01-2.61849366e-03j
5.32427831e-01-4.38838178e-03j
1.32377104e-02+9.74778564e-03j
-7.43361787e-01-8.26410049e-03j
-9.57101556e-01+5.16982575e-03j
-3.79580253e-01+6.79089878e-03j
3.87327283e-01+1.89510421e-02j
5.72362770e-01-1.11753012e-04j
2.74300859e-02+3.71868264e-02j
-7.24907073e-01+1.56155464e-02j
-9.37334911e-01-6.27762797e-04j
-4.30266680e-01+1.61704922e-03j
3.17591649e-01+1.01748397e-03j
5.39830738e-01+4.84576051e-04j
7.50950823e-02-2.02487275e-02j
-6.92227529e-01+6.39364067e-03j
-9.48441561e-01+6.88815041e-03j
-4.85969108e-01+1.94064551e-02j
2.97443226e-01-2.54027615e-02j
5.83384474e-01+1.18203822e-02j
1.28358879e-01-1.52451062e-02j
-6.35679235e-01-1.85611206e-02j
-9.30112807e-01+5.64894700e-03j
-5.46977379e-01-8.73305374e-03j
2.06794644e-01-7.18956856e-03j
5.63297748e-01+2.84175409e-02j
1.41641971e-01-2.45785052e-02j
-5.95393040e-01-5.43530581e-03j
-9.76880689e-01+1.12424847e-02j
-5.48456399e-01-1.10224337e-02j
1.93793965e-01+3.13742260e-03j
5.84185554e-01+1.21856115e-02j
1.96013253e-01+5.29592346e-03j
-5.40545732e-01-2.54213514e-02j
-9.29995189e-01-1.46312630e-02j
-5.90376664e-01+1.73603203e-02j
1.74836761e-01-2.48251461e-02j
5.64223160e-01+4.13882561e-03j
2.43518947e-01+1.30683351e-02j
-5.15204417e-01+1.82349739e-02j
-9.65868103e-01-7.69534735e-03j
-6.48609579e-01-1.47603180e-02j
1.33422751e-01+7.71094911e-03j
5.67925196e-01-1.87414001e-02j
2.55455219e-01+1.71555567e-02j
-4.74400859e-01-4.88612456e-03j
-9.36388579e-01-3.70766933e-03j
-6.67239494e-01-8.49432240e-03j
5.71554018e-02-1.21175937e-02j
5.55876642e-01+6.19200309e-03j
3.31411320e-01-7.54144315e-03j
-4.52427444e-01+3.20013293e-03j
-9.63212896e-01+2.14162801e-02j
-7.24699224e-01-3.30956390e-03j
5.37622471e-02-1.50039984e-02j
5.42482049e-01-1.80442230e-02j
3.82575153e-01+1.81209811e-02j
-4.11362232e-01-1.80494187e-02j
-8.84796194e-01-1.89221300e-02j
-7.28546197e-01+9.50944529e-03j
1.75813279e-02+1.92466656e-02j
5.72632513e-01-3.07956790e-02j
3.96869466e-01+9.24535298e-03j
-3.62508522e-01+3.89366078e-03j
-9.07550871e-01-3.64960730e-03j
-7.73739380e-01-1.93264859e-02j
-4.27229531e-02-1.25198666e-02j
5.25877738e-01-2.04175621e-02j
3.93197383e-01+6.63705373e-03j
-2.92441250e-01+1.25592090e-02j
-8.87203649e-01+1.00448813e-03j
-7.78871668e-01+1.98028247e-02j
-1.14698625e-01-7.89137447e-03j
5.02819448e-01+1.64272382e-02j
4.55144839e-01+2.89852125e-02j
-2.60675503e-01+1.20943458e-02j
-8.87074255e-01+5.93046292e-04j
-8.12668923e-01+3.25999576e-03j
-1.37969458e-01-2.33239359e-02j
5.03768587e-01-5.59663475e-03j
4.31927512e-01-8.24248771e-03j
-1.95232841e-01+1.27664359e-02j
-8.57474305e-01+6.76126743e-03j
-8.49536664e-01+1.48798578e-03j
-2.14557110e-01+8.93449108e-04j
4.62495147e-01-3.80547152e-02j
4.91402998e-01-3.69367937e-03j
-1.54328704e-01+1.40588145e-02j
-8.28352843e-01+1.32159856e-02j
-8.79520711e-01-1.78680458e-02j
-2.14311207e-01-7.19202729e-03j
4.47578908e-01+3.17295081e-02j
5.04876616e-01-2.91422983e-02j
-1.46738443e-01+6.37615839e-03j
-8.03950348e-01+5.85950136e-02j
-8.97055510e-01-5.82406725e-03j
-2.84893489e-01+8.00938252e-03j
4.20243158e-01+1.96705307e-02j
5.03686128e-01+2.92149886e-02j
-4.40791733e-02-1.32111479e-02j
-7.74079823e-01+2.36818338e-03j
-9.06477059e-01+1.09867440e-02j
-3.67753068e-01+1.86784323e-02j
4.35387575e-01+6.23250744e-03j
5.73819244e-01+1.27955135e-02j
-6.07754535e-02-1.62135281e-02j
-7.46887888e-01+1.18849810e-03j
-8.98708846e-01-6.77240467e-03j
-3.80961508e-01-4.64943947e-03j
3.59142148e-01-2.84621767e-02j
5.65607113e-01+3.75364372e-02j
-6.87771731e-03-4.00766301e-02j
-7.30644349e-01+2.79324290e-03j
-9.66633999e-01+1.55265186e-02j
-4.13504438e-01-1.20726868e-02j
3.32746577e-01-5.58716531e-03j
5.74777437e-01-9.76620089e-03j
4.21118818e-02+9.56073681e-04j
-6.96049198e-01-2.14600788e-02j
-9.72885160e-01+8.43779195e-03j
-4.43927581e-01-6.52041208e-04j
3.16655429e-01-1.60798681e-02j
5.50419303e-01+1.84414867e-02j
1.12637290e-01-1.48976499e-02j
-6.67095351e-01+1.93320872e-03j
-9.26734321e-01-4.75171412e-03j
-5.18900622e-01-9.60458107e-03j
2.06584396e-01-3.16600539e-02j
5.60260431e-01+5.65080284e-03j
1.76695397e-01+3.42016810e-02j
-6.06767561e-01+3.68296721e-02j
-9.83415198e-01+2.67985131e-03j
-5.53951784e-01-1.54028983e-04j
2.34538910e-01+1.25161372e-02j
5.54582199e-01-1.73849274e-02j
2.03697368e-01-1.06902915e-02j
-6.05035812e-01+1.61463716e-02j
-9.66923768e-01+1.19041922e-02j
-5.33767620e-01+9.10938382e-03j
1.77527497e-01-3.30463152e-04j
6.00677364e-01-3.03275708e-02j
2.01463746e-01-1.84216124e-02j
-5.48390095e-01-1.48351992e-02j
-9.79502723e-01-7.42376971e-04j
-6.06965825e-01+1.74684179e-02j
1.50414276e-01+1.85532077e-02j
5.84868167e-01-4.27162913e-02j
2.59415461e-01-9.64297371e-03j
-4.98550160e-01+7.83090393e-03j
-9.64340693e-01-3.50381850e-02j
-6.74262628e-01-7.45121062e-03j
1.09855155e-01+6.51507491e-03j
5.66274003e-01+2.62263034e-02j
2.87405690e-01+2.46346645e-02j
-4.53068911e-01-1.52906827e-02j
-9.61033176e-01-1.48173830e-02j
-6.96157344e-01-5.44176251e-03j
5.93165041e-02+4.11323028e-02j
5.58842262e-01-2.30292687e-02j
3.16178687e-01-8.63057383e-03j
-4.06508319e-01+2.78211982e-02j
-9.47355285e-01-1.15832405e-02j
-7.29635884e-01-2.34687823e-02j
4.50659787e-02-2.85231920e-02j
5.64395680e-01-1.24578736e-02j
3.61912159e-01-1.88924688e-02j
-3.63746276e-01-4.11056061e-03j
-9.03272355e-01-1.16551217e-02j
-7.46240143e-01+1.88428524e-03j
-6.25574368e-02+3.04322760e-02j
5.61028889e-01-8.02980331e-04j
3.90949188e-01-1.21311636e-02j
-3.19670103e-01-1.33863382e-02j
-9.09663601e-01-1.45301997e-02j
-8.05785960e-01+1.94774710e-02j
-8.48102872e-02-2.73786935e-02j
5.60520841e-01-8.71860891e-03j
4.14357513e-01-8.70954234e-04j
-3.19313091e-01+1.49652468e-02j
-8.72447485e-01+9.71649942e-03j
-8.18642005e-01-1.80080655e-02j
-1.42846531e-01+2.36719741e-02j
5.09912485e-01-1.09641268e-02j
4.24356721e-01-4.27814351e-03j
-2.38042135e-01+2.74481771e-02j
-8.67607979e-01+5.82094371e-03j
-8.50008347e-01+1.39006495e-02j
-1.69864184e-01-3.24515996e-02j
5.01910827e-01+1.00865760e-02j
4.84913606e-01-1.05571313e-02j
-1.93680761e-01+2.82330165e-02j
-8.37769017e-01-1.17560441e-02j
-8.39050041e-01+1.06953749e-02j
-2.12215072e-01+2.32926125e-02j
4.74763636e-01+2.65877502e-02j
4.78567791e-01-6.64227630e-03j
-1.40547886e-01+3.35606134e-03j
-7.82837684e-01-5.19627995e-03j
-8.76195472e-01-3.81253698e-02j
-2.84703909e-01+9.34558944e-04j
4.28813904e-01+1.84759979e-02j
5.34059651e-01-4.17069476e-03j
-1.16044348e-01+2.23575224e-02j
-8.01423561e-01+3.01568489e-02j
-8.91467180e-01+1.03033826e-02j
-3.26606666e-01-1.92983941e-02j
3.80199695e-01+3.68208916e-02j
5.08541284e-01-9.75758650e-03j
-3.33288938e-02-2.12981159e-02j
-7.84219083e-01-2.25414854e-02j
-9.30979272e-01-1.36063560e-02j
-3.57726591e-01+2.83116524e-02j
4.32061796e-01-4.85439898e-03j
5.49734965e-01-1.37644703e-02j
-1.75181905e-02+1.04870816e-02j
-7.32840308e-01-3.78398621e-03j
-9.31347393e-01+2.76214788e-02j
-3.80719904e-01-1.89064519e-02j
3.39796143e-01-2.91395267e-03j
5.73800183e-01+2.59556535e-03j
4.33262144e-02+1.91586662e-02j
-7.11935746e-01+2.68759018e-03j
-9.49109413e-01-3.62360674e-02j
-4.46458218e-01+2.68990310e-02j
2.83173407e-01-2.04115824e-02j
5.71751747e-01+6.66452940e-03j
8.39357609e-02+1.60570690e-02j
