1.43398665e-01-2.21915547e-02j
-6.07618465e-01+5.41774694e-03j
-9.77954926e-01-3.46855107e-03j
-5.93929904e-01-4.56275115e-02j
1.68669151e-01+1.30403874e-02j
5.55749042e-01+1.13348895e-02j
2.70724593e-01+1.85600651e-02j
-5.24442258e-01+1.13048184e-02j
-9.49887474e-01-1.40892167e-02j
-7.17466340e-01+2.48212426e-03j
6.83971433e-02-4.27145324e-02j
5.38395358e-01-7.26645758e-03j
3.67771773e-01+8.04322096e-03j
-3.48401418e-01-2.48277684e-02j
-8.93529353e-01-5.88127355e-03j
-8.09144622e-01-4.77030338e-03j
-1.35521549e-01-4.09593513e-02j
4.91037041e-01-2.59673871e-02j
4.80007174e-01+1.16872999e-02j
-1.96051061e-01+2.12744218e-02j
-8.19767116e-01+2.30978191e-02j
-9.11249034e-01+7.60785432e-03j
-2.73241020e-01+2.12620278e-02j
4.05067635e-01+1.20600408e-02j
5.22088819e-01-9.22636274e-03j
-4.87989437e-02+2.48607087e-02j
-7.90954554e-01+1.39040326e-02j
-9.35003396e-01+1.10883128e-03j
-4.17460742e-01-1.35870050e-03j
3.16832563e-01+4.72576346e-02j
5.70458043e-01-2.64664032e-02j
1.18678437e-01-9.29210492e-03j
-6.36423567e-01-1.52126480e-03j
-9.35570949e-01+1.72160755e-02j
-5.17412685e-01-3.64368315e-03j
2.31473344e-01-3.41534474e-03j
5.59841271e-01+2.11639074e-02j
2.80900198e-01+9.94350321e-03j
-5.10286540e-01-2.03301797e-03j
-9.48650986e-01+3.59105681e-02j
-6.38238651e-01+1.98305252e-02j
1.05987319e-01+1.87479168e-03j
5.92831187e-01+7.40982736e-03j
3.36298538e-01+3.90045328e-02j
-3.83152277e-01+2.26785664e-02j
-8.96736765e-01+1.37375866e-02j
-7.71745478e-01-3.88523754e-03j
-7.37236631e-02+4.28250124e-03j
4.94604490e-01+5.26026624e-03j
4.32486606e-01-3.71741580e-02j
-2.25580139e-01-9.56457239e-03j
-8.50742563e-01-1.97648517e-02j
-8.27600930e-01+1.97867781e-02j
-2.26368903e-01-1.40651016e-02j
4.68144230e-01+1.66110516e-02j
5.34930430e-01+1.58131999e-03j
-7.55615676e-02+6.01686352e-02j
-7.99990106e-01+1.35451568e-02j
-9.30525844e-01+2.17198097e-03j
-3.89172081e-01-2.84617274e-03j
3.85268039e-01-6.57209774e-03j
5.78419274e-01+4.86323074e-03j
5.30663925e-02+4.59780536e-03j
-6.70544865e-01-1.71668602e-02j
-9.53554897e-01-4.25897911e-03j
-5.09712225e-01-1.63483301e-02j
2.14185866e-01+2.27571312e-02j
6.06014145e-01+2.48553505e-02j
1.76243884e-01+9.95401404e-03j
-5.70368340e-01-1.44721423e-02j
-9.62713208e-01+4.51666258e-02j
-6.31103972e-01-9.85572232e-03j
1.13973720e-01+1.39872368e-04j
5.69211089e-01+1.59449472e-02j
2.95494666e-01+7.88542821e-03j
-4.20365264e-01-1.91562289e-02j
-9.13569784e-01-2.99242683e-02j
-6.80749129e-01-1.54099787e-03j
-3.85511166e-02-3.58392814e-02j
5.43089564e-01-1.91878153e-02j
4.40096611e-01+1.53474325e-02j
-2.91625159e-01-4.34528406e-02j
-8.45654214e-01+4.22025379e-03j
-8.59105857e-01+2.26797770e-02j
-1.63750753e-01+1.14491414e-02j
4.66233030e-01-9.75916272e-03j
5.03973013e-01+2.69816145e-02j
-1.26593123e-01+8.41309103e-03j
-8.26941206e-01+2.36137526e-03j
-8.55985080e-01+2.01517825e-02j
-3.25793852e-01+1.03320956e-02j
4.27479183e-01-1.76965702e-02j
5.35278374e-01+2.66386710e-02j
1.09619877e-03-2.44202986e-02j
-7.04234856e-01+4.45942470e-02j
-9.45278608e-01+3.23895436e-02j
-4.60093374e-01+1.80973251e-02j
2.65081489e-01-3.69754478e-02j
6.07313010e-01+6.19318105e-03j
1.31292730e-01+1.78297032e-02j
-6.38742077e-01+2.43869440e-02j
-9.82471187e-01+8.52125618e-04j
-6.17364319e-01-1.09392691e-02j
1.64703262e-01-2.52392640e-02j
5.42643617e-01+9.65433636e-03j
2.91592330e-01+4.76236831e-03j
-4.78931834e-01+1.77992708e-02j
-9.20839530e-01+2.42107733e-02j
-7.04731341e-01-1.29458315e-03j
-2.03061204e-02+1.42476239e-02j
5.34525997e-01-8.81828282e-03j
4.05411486e-01+5.36406708e-03j
-2.98587064e-01+6.29894191e-03j
-8.93697239e-01+1.20912514e-02j
-8.34516560e-01+4.45550117e-02j
-1.37211738e-01-2.05212561e-02j
4.78289416e-01+5.40960959e-02j
4.61927229e-01+2.39448918e-02j
-1.52963216e-01-2.20611635e-02j
-8.74168765e-01-2.23941414e-02j
-8.83704734e-01+9.54709973e-04j
-3.03846828e-01+8.13382671e-03j
4.22929421e-01-5.20103582e-02j
5.08123906e-01+9.74798566e-03j
-3.90107618e-02-7.88083552e-03j
-7.43846823e-01-3.73058805e-03j
-8.89871658e-01-1.82374178e-02j
-4.00043756e-01-7.64794837e-03j
2.60524288e-01+2.31257526e-02j
5.92647342e-01-2.06446586e-02j
1.11047017e-01-3.52934281e-03j
-6.10770391e-01-1.21880946e-02j
-9.28512967e-01+1.32685562e-02j
-5.46323825e-01+3.94222747e-02j
2.03973720e-01-3.43431206e-02j
5.89377297e-01-7.54311273e-03j
2.54162403e-01-1.93240704e-02j
-5.24587314e-01+1.76285495e-02j
-9.22970713e-01+1.24725136e-02j
-7.18554937e-01+2.86622450e-02j
7.69115191e-02-2.65008380e-02j
5.66653578e-01-9.59186158e-03j
3.13106673e-01+1.76690852e-03j
-3.66411131e-01-2.12330772e-02j
-8.93406802e-01+1.58807498e-02j
-7.85181789e-01-1.16804016e-02j
-1.14356264e-01-1.09773579e-02j
5.36181590e-01-5.43048068e-03j
4.33925136e-01+1.66163710e-02j
-2.11042815e-01-1.32350219e-02j
-8.70268403e-01-2.47361824e-02j
-8.98173401e-01+1.43858793e-02j
-2.22895051e-01-5.66129792e-03j
4.32256787e-01+1.35346218e-02j
5.36323743e-01-1.28492928e-02j
-6.75511696e-02-7.10760931e-02j
-7.88439680e-01-1.20543002e-02j
-9.16705152e-01-1.35138758e-02j
-4.04863206e-01-3.25944618e-02j
3.25778243e-01-4.38516387e-02j
5.37124165e-01+3.45152073e-02j
9.19497432e-02+3.93187851e-02j
-6.04044348e-01-1.46061400e-02j
-9.54632481e-01-1.89160659e-02j
-5.18216113e-01+1.79420977e-02j
2.38018955e-01+1.93034036e-02j
5.56650498e-01-2.26506826e-02j
1.44887577e-01-1.48032315e-02j
-5.66089701e-01-1.36127330e-03j
-9.14865557e-01-1.87702872e-03j
-6.20090544e-01+8.08628799e-03j
9.91273266e-02+5.88395370e-03j
5.70414708e-01-1.52335991e-02j
3.41671803e-01-4.51562066e-02j
-4.21213383e-01-1.18342366e-02j
-9.11796372e-01-8.98871654e-03j
-7.21799395e-01-2.28945072e-02j
-5.92092904e-02+7.01563225e-03j
5.03802633e-01-2.93035540e-02j
4.20964195e-01+7.92141693e-03j
-2.58317941e-01-3.50757276e-02j
-8.82167636e-01+2.97670436e-03j
-8.32157796e-01-2.15568365e-02j
-1.92956467e-01+1.68928732e-02j
4.50928756e-01+2.44640694e-02j
4.79243296e-01-3.19068654e-02j
-9.64001314e-02+1.42008140e-04j
-8.04128598e-01+3.86962208e-02j
-8.79859462e-01+9.24265102e-03j
-2.99871497e-01+1.67067699e-02j
3.50191344e-01-4.35808329e-02j
5.74455160e-01-1.51345433e-03j
5.63500465e-02+1.36424029e-02j
-6.90607993e-01+1.99415741e-02j
-9.30452945e-01-1.50396425e-02j
-4.68921550e-01-5.95941356e-03j
2.17121494e-01-3.06226261e-03j
5.89403009e-01-7.31542194e-03j
1.58361604e-01+1.39703310e-02j
-5.90820504e-01+4.73699075e-02j
-9.13315605e-01-4.74314315e-03j
-6.01389812e-01-2.93433317e-03j
1.20360758e-01-1.13546378e-02j
5.61517837e-01+1.60790650e-02j
2.93467099e-01+9.10831928e-03j
-4.23876907e-01+5.33182743e-03j
-9.42577939e-01-2.67280597e-02j
-7.25614558e-01+3.21598505e-03j
-2.03263426e-03+3.64628824e-03j
5.40172551e-01-1.59045727e-02j
4.11638982e-01+3.14097736e-02j
-3.22139992e-01-1.45023286e-02j
-8.90967050e-01-4.58882759e-02j
-8.42524283e-01+2.67866393e-02j
-1.23879261e-01-1.10593081e-02j
4.77417627e-01-1.76624756e-03j
4.66435213e-01+8.79683035e-03j
-1.94225941e-01+1.57552268e-02j
-8.24210718e-01+1.59763298e-02j
-8.94215494e-01-2.32316767e-02j
-2.87894518e-01-2.06551648e-02j
3.82691309e-01+1.15265726e-02j
5.34849509e-01+8.91803400e-03j
5.60722235e-03+4.69322484e-03j
-7.11117222e-01+1.66881136e-02j
-9.09465210e-01-7.80421456e-03j
-4.53741857e-01-4.71572998e-03j
2.72095604e-01+8.60677196e-03j
5.76178342e-01+5.29321304e-02j
1.15958750e-01+6.33371184e-03j
-5.89559182e-01-2.58131071e-04j
-9.32920221e-01-2.49224764e-03j
-5.80685043e-01-2.82178812e-02j
1.48210783e-01-1.69726530e-02j
5.76396706e-01-1.91928802e-02j
2.92906615e-01+1.67537413e-02j
-4.66178869e-01+1.12616931e-02j
-9.31835096e-01+2.14038986e-02j
-6.96995188e-01-1.14700826e-02j
7.18064228e-02-2.18937955e-02j
5.70184085e-01+2.03932748e-02j
3.69841845e-01+1.54366036e-02j
-3.33480698e-01+6.23912404e-03j
-8.95488428e-01-8.82229109e-03j
-7.97053703e-01+1.48814656e-02j
-6.46932581e-02-2.40094952e-02j
5.11986346e-01-1.95491259e-03j
4.64566647e-01-2.88109492e-02j
-2.30992448e-01-1.00650120e-03j
-8.43392488e-01-3.56287874e-02j
-8.91979746e-01+1.87379624e-02j
-2.58263283e-01-5.61240857e-02j
3.99223540e-01-1.07456322e-02j
5.04295881e-01+2.46410355e-02j
2.83241874e-03-1.42595031e-02j
-7.45583486e-01-5.60263083e-03j
-9.49746285e-01-1.30666357e-03j
-3.93715478e-01+2.09436035e-02j
3.47448610e-01+8.46904886e-03j
5.55889371e-01+1.17680137e-02j
5.28964442e-02+1.02697340e-02j
-6.71981600e-01+1.16159380e-02j
-9.45416022e-01-9.38040431e-03j
-5.37368703e-01+3.32521038e-02j
1.84087510e-01-6.35456466e-03j
6.14673287e-01+1.44464051e-02j
2.72727658e-01+1.01208417e-02j
-5.29133437e-01+3.48206643e-02j
-9.51103014e-01-4.17574582e-02j
-6.54904198e-01+8.47300567e-03j
1.10270637e-01-1.97047195e-02j
5.64579350e-01+1.23787972e-02j
3.00172339e-01-2.02370534e-03j
-3.88861390e-01-3.06301017e-02j
-9.09400350e-01+4.53592033e-02j
-7.63319292e-01+8.33757795e-03j
-9.50698240e-02+9.60512410e-03j
5.29614046e-01+2.37225881e-02j
3.94947740e-01+1.27689381e-02j
-2.07018425e-01-3.21399731e-02j
-8.54879988e-01+3.09996781e-02j
-8.39615661e-01+2.42781372e-03j
-2.24115324e-01+2.42105323e-02j
4.42447456e-01+2.14982906e-02j
5.08820444e-01+1.52721318e-02j
-5.67889859e-02-3.06811507e-02j
-8.10469756e-01+2.96525856e-02j
-9.37159535e-01+3.29009863e-02j
-3.74803645e-01-2.67977259e-02j
3.65263470e-01-2.11639173e-02j
5.68632748e-01+8.25150152e-03j
6.77998732e-02-3.42698815e-02j
-6.50858925e-01+1.03899738e-02j
-9.72499526e-01-2.31769100e-02j
-4.91656908e-01+3.45578690e-03j
1.92189494e-01+1.81827780e-03j
5.96405751e-01+7.08610551e-03j
1.73399594e-01-2.38311321e-02j
-5.45533745e-01-2.39787231e-02j
-9.52052208e-01-1.67262197e-02j
-6.41387263e-01-3.83308558e-02j
9.53973676e-02+4.52652070e-02j
5.64414723e-01+1.90812873e-02j
2.74574608e-01+1.39371079e-02j
-4.37614926e-01+2.03514438e-02j
-9.21547939e-01+2.40060727e-03j
-7.31878587e-01+2.27292794e-02j
-1.07962211e-02-5.01241426e-03j
5.47501597e-01+3.16723370e-02j
4.29107561e-01-2.80122875e-02j
-2.62073943e-01-1.07787313e-02j
-8.81900715e-01+2.21889365e-02j
-8.08208322e-01+7.07133357e-03j
-1.52208375e-01-3.91959846e-03j
4.77741411e-01-1.98935062e-02j
4.91186203e-01+1.77811623e-02j
-1.22815608e-01-3.60058746e-02j
-8.00120517e-01-1.22386305e-03j
-9.07250368e-01-1.04092270e-02j
-3.27111843e-01-7.39693353e-03j
4.03402090e-01+2.47930167e-02j
5.56194677e-01-1.68319436e-02j
1.61028215e-02+1.46977433e-02j
-7.16029876e-01+1.71002219e-02j
-9.14628352e-01+7.98893120e-03j
-4.69815676e-01+2.26586975e-02j
2.72073173e-01+2.65926544e-02j
5.77478664e-01-5.53767972e-03j
1.18171768e-01+1.94863899e-02j
-6.10510751e-01+4.92387266e-02j
-9.45096131e-01+1.14445362e-02j
-5.93458774e-01-2.66023524e-02j
1.41716566e-01-4.77585725e-04j
5.60202513e-01-3.64921833e-03j
2.65000502e-01-2.22935781e-02j
-4.43152356e-01+3.32408268e-02j
-9.65770990e-01-1.09187264e-02j
-7.03114681e-01-5.35888870e-04j
4.86112153e-02-8.07135566e-03j
5.32119641e-01+1.11544379e-03j
3.76542662e-01-2.84189282e-02j
-3.42980187e-01+1.21676603e-02j
-8.73163104e-01-1.24230685e-02j
-8.15216752e-01+6.80503679e-03j
-1.35636126e-01+4.97507872e-02j
5.22061634e-01+5.68864590e-03j
4.64154433e-01-5.61460204e-03j
-2.07282479e-01-1.91568286e-02j
-8.42890672e-01-4.63652180e-03j
-8.72634312e-01+1.32974007e-02j
-2.96006810e-01-1.93296618e-02j
3.97273326e-01-1.28800656e-02j
5.47174306e-01-5.91857967e-04j
-6.81042227e-02-4.08004517e-02j
-7.14862014e-01+9.75816014e-03j
-9.78673322e-01+2.79310867e-02j
-4.34630770e-01+3.35344605e-03j
3.06861503e-01-6.43985416e-03j
5.59863111e-01-1.21654324e-02j
1.24338895e-01-3.03597792e-02j
-6.24054558e-01+1.27016044e-02j
-9.54431928e-01-4.09518020e-02j
-5.40138558e-01-1.37768377e-02j
1.34533825e-01-2.63848225e-03j
6.03138055e-01+6.45854830e-03j
2.26097823e-01+3.96303287e-03j
-5.26422967e-01+1.31366515e-02j
-9.98860832e-01-1.83041685e-02j
-6.78189836e-01+6.53516730e-03j
5.32414113e-02+5.28704292e-03j
5.68198808e-01-1.45112531e-02j
3.26830319e-01-2.68307568e-02j
-3.61597357e-01+3.74759801e-03j
-9.22770167e-01+2.63167060e-02j
-7.80036825e-01-1.18146028e-02j
-1.33703549e-01-2.79785035e-02j
5.25627116e-01-3.30603002e-02j
4.23318967e-01-2.62387968e-02j
-2.21355818e-01+1.05905700e-02j
-8.38946608e-01-1.56740770e-02j
-8.30531955e-01-3.75099702e-02j
-2.59868999e-01+2.38125767e-02j
4.49765967e-01-1.22435355e-02j
5.08640229e-01+3.99936839e-03j
-7.67291801e-02-1.16610212e-03j
-7.67482495e-01-2.37824958e-03j
-9.41281505e-01+2.60617449e-02j
-3.96395583e-01+3.29651464e-02j
3.36397641e-01+4.68295086e-02j
5.55972208e-01-9.08141289e-04j
7.30998640e-02+4.87212557e-03j
-6.98993050e-01+8.23121946e-03j
-9.20306888e-01-3.51785443e-02j
-5.45887930e-01+1.70788171e-02j
1.94506762e-01-2.08706713e-02j
5.60857306e-01-6.54861925e-03j
1.88066440e-01-3.90020970e-02j
-5.29210044e-01+2.88159834e-02j
-9.53378461e-01+1.46892053e-02j
-6.32336746e-01-1.39012656e-02j
5.86746985e-02+8.86525625e-03j
5.67569461e-01+4.61873692e-03j
3.18158416e-01-4.04123959e-06j
-4.07317519e-01+1.73882622e-02j
-9.18301239e-01-5.60870128e-04j
-7.53888407e-01-3.09045661e-02j
-6.54768256e-02-1.96102952e-02j
4.91449757e-01-5.76050926e-03j
4.20482567e-01+7.42526103e-03j
-2.46618500e-01+2.22319231e-02j
-8.69636599e-01+4.24495478e-02j
-7.79526001e-01+9.83141749e-03j
-1.71487428e-01+2.55089751e-02j
4.72134873e-01+4.34726001e-02j
5.30482065e-01-1.56294703e-02j
-1.16642999e-01+3.06211948e-03j
-8.03714034e-01+1.12274119e-02j
-8.35268807e-01-2.72499387e-02j
-3.50694482e-01+2.93801684e-03j
3.69444271e-01-2.64862291e-02j
5.38912509e-01-1.97916465e-02j
3.17010076e-02+4.46456769e-03j
-7.13079338e-01-1.07718800e-02j
-9.09725242e-01-7.99683826e-03j
-4.95710401e-01+8.67369133e-03j
2.56772932e-01-9.19744056e-03j
5.68822895e-01+1.76733384e-02j
1.77378598e-01-8.39880530e-04j
-5.92097040e-01-2.22124215e-02j
-9.13513907e-01+2.92888231e-02j
-6.04634259e-01+1.70133085e-02j
1.29308438e-01+1.48713054e-02j
5.91698098e-01-1.68699019e-02j
3.14445559e-01+6.78750383e-03j
-4.61686302e-01-7.30792455e-03j
-9.62097172e-01-2.82192500e-02j
-7.15450148e-01-2.99569951e-02j
2.23979145e-03+2.74769484e-02j
5.65239469e-01-1.50924590e-02j
3.87674782e-01+1.47059592e-03j
-2.85700757e-01-3.57102436e-02j
-8.78144397e-01+1.70134012e-03j
-8.28577725e-01-2.87521736e-02j
-1.32015022e-01-4.82555007e-02j
4.85704515e-01-2.95471958e-02j
4.97129161e-01+4.32884722e-02j
-1.49634339e-01-1.95608011e-02j
-8.15046600e-01+3.14249850e-02j
-9.18834153e-01-3.69218834e-03j
-3.03801170e-01+2.14514921e-02j
3.82787020e-01-1.18237035e-02j
5.45354627e-01-3.22334522e-02j
2.98173954e-02+3.60591728e-02j
-7.08350985e-01-7.99282932e-03j
-9.39107783e-01+7.82646254e-03j
-4.46084767e-01-1.23502083e-02j
2.63632146e-01+7.33994382e-03j
5.50749635e-01-7.17941120e-04j
1.43359595e-01-1.76869289e-02j
-6.05039956e-01-2.16665510e-02j
-9.10638337e-01+4.33026697e-03j
-5.49675631e-01-6.80230184e-04j
1.38533842e-01+1.68906531e-02j
5.74980044e-01+2.19798182e-02j
2.58190938e-01-1.72195115e-02j
-4.80702445e-01-1.73935709e-02j
-9.72553955e-01-2.77412937e-03j
-7.10391946e-01-2.04100107e-02j
2.54187460e-02+3.35235802e-02j
5.35749218e-01-7.07004463e-03j
3.95859912e-01+3.97017876e-02j
-3.59820967e-01+3.26084293e-03j
-9.10394927e-01-2.09763541e-02j
-7.94867239e-01-1.22595204e-02j
-1.14076751e-01-1.88842194e-02j
5.02629230e-01+9.16417797e-04j
4.50966986e-01+2.87016894e-02j
-1.92364486e-01-5.18445408e-03j
-8.29097369e-01+1.66048010e-02j
-8.89657747e-01-3.03664360e-02j
-2.79837815e-01-6.88035016e-03j
4.14098599e-01+1.32381049e-02j
5.61668424e-01+1.41950723e-02j
-6.47426171e-02-1.42561555e-02j
-7.34483456e-01+2.83785978e-03j
-9.27653263e-01-1.55410723e-02j
-3.96424089e-01-2.21501505e-03j
3.18758423e-01+2.00735795e-02j
5.86614359e-01-8.85473742e-03j
1.25725658e-01+1.44174116e-03j
-6.40478623e-01+3.64965948e-02j
-9.40844335e-01-4.15148886e-02j
-5.11626092e-01-3.03796017e-02j
1.99502889e-01+3.72293816e-02j
5.41721832e-01-5.06190145e-02j
2.37789298e-01+5.01932398e-03j
-5.72773549e-01-8.88985731e-03j
-9.30114764e-01-7.95184075e-03j
-6.51757241e-01+8.12450389e-03j
1.12449762e-01+3.15707142e-02j
5.74137929e-01-4.56389301e-03j
3.34503666e-01-1.58109196e-03j
-3.88189316e-01-1.71438069e-03j
-8.81069102e-01+4.68182766e-02j
-7.70639909e-01-3.52705077e-02j
-1.13903699e-01-1.92884750e-02j
5.42016238e-01-1.03225547e-03j
4.32301610e-01+3.40411978e-02j
-2.35922540e-01-3.81583309e-03j
-8.67812327e-01-2.14312629e-02j
-8.56233099e-01-4.42076424e-03j
-2.58006836e-01+3.86484624e-03j
4.54089429e-01-8.50348316e-03j
5.11443742e-01-2.89030306e-02j
-9.26076805e-02+2.18344650e-03j
-7.98768993e-01+2.72657879e-02j
-9.12381372e-01-3.53340951e-03j
-3.57204779e-01-8.46307701e-03j
3.66672622e-01+1.56092823e-02j
5.40308000e-01+1.47160785e-02j
4.28485751e-02-2.16350374e-02j
-6.95295014e-01-4.03098342e-03j
-9.54734767e-01+1.71711449e-02j
-4.71258428e-01-3.50545474e-04j
2.37024192e-01+2.14012769e-03j
5.76989120e-01-1.90525078e-02j
1.93562076e-01-1.13609699e-02j
-5.28133757e-01+5.68293408e-03j
-9.93164529e-01-1.34563428e-02j
-6.27878102e-01+1.81211272e-02j
1.09270294e-01+3.11966816e-02j
5.79782542e-01-2.82372638e-02j
3.16865007e-01-6.28960351e-03j
-4.26213853e-01-4.04767365e-03j
-9.23965020e-01-1.27837399e-02j
-7.50940328e-01+2.26105029e-02j
-1.44043602e-02-1.70980356e-02j
5.34974508e-01-1.28534509e-02j
3.90901243e-01-4.04726836e-03j
-3.00678364e-01-2.64434723e-02j
-9.06179901e-01+2.98207789e-02j
-8.31536395e-01+1.09017599e-02j
-1.82925048e-01+6.19396697e-03j
4.61405643e-01+1.02418381e-02j
4.93617651e-01-3.56764352e-03j
-1.36600584e-01+2.51518236e-02j
-8.13358248e-01-2.49068615e-02j
-9.17338192e-01+1.77070061e-02j
-3.23352313e-01-1.09910016e-02j
4.24051322e-01-1.60471278e-02j
5.51314093e-01+4.40263854e-03j
1.97493333e-02+2.45387994e-03j
-7.19989028e-01-1.70886212e-02j
-9.41001527e-01-1.47667880e-02j
-4.46177369e-01-4.20711378e-02j
2.53781068e-01+1.00733665e-02j
5.51847065e-01+1.62366343e-02j
1.20438870e-01+8.30104527e-03j
-5.68041960e-01-7.71883532e-03j
-9.53794555e-01-6.93675347e-03j
-5.59810328e-01+1.16938201e-02j
1.46063806e-01+3.80937464e-02j
5.53465913e-01+2.09537372e-02j
2.75191938e-01-5.61379601e-03j
-4.60281587e-01-1.20152634e-03j
-9.33663430e-01-3.00051314e-02j
-7.17368799e-01+2.03629034e-03j
-2.15293675e-02-1.80798205e-03j
5.72276790e-01+1.94611221e-02j
3.47720366e-01-6.42720180e-03j
-3.13712852e-01-2.00394160e-02j
-8.74134677e-01+4.08177826e-03j
-7.85250574e-01-1.98510962e-02j
-1.48239541e-01+1.01436658e-02j
4.77717100e-01+2.02686613e-02j
4.78341300e-01-7.16901528e-02j
-1.81001135e-01+1.40003310e-02j
-8.50862465e-01-3.52830934e-02j
-9.13392567e-01-1.73674568e-02j
-2.99192458e-01+1.67065522e-02j
3.95783654e-01+3.75060361e-03j
5.48860888e-01-2.45048739e-02j
-4.20310649e-02-2.45966832e-03j
-7.43764041e-01-1.13638643e-02j
-9.26473827e-01+6.03566066e-03j
-4.26919429e-01+4.88259894e-03j
2.93708454e-01+2.35471199e-02j
5.76319546e-01+2.11468672e-03j
1.12045115e-01-7.59224085e-03j
-6.40910065e-01+2.13230767e-02j
-9.61843641e-01+8.39249944e-03j
-5.70568048e-01+5.87279768e-03j
2.24802464e-01-1.97244475e-02j
5.74435065e-01+1.40894289e-02j
2.82502156e-01-1.37709815e-02j
-5.26840686e-01+3.82213822e-02j
-9.46430506e-01+2.09780164e-02j
-7.03703178e-01+1.06506578e-02j
2.62910636e-02+3.30254578e-02j
5.96088585e-01+8.79850983e-03j
3.66222802e-01+4.16918425e-03j
-3.14617126e-01-3.54612118e-02j
-9.03883300e-01+6.71912123e-03j
-7.60108954e-01-2.42514769e-02j
-7.37933801e-02-1.18669261e-03j
4.82793849e-01-4.93070682e-03j
4.40547351e-01-9.85121205e-03j
-2.22024736e-01-1.88694640e-02j
-8.79494860e-01+1.53097891e-02j
-8.67289300e-01+5.45176237e-03j
-2.56356009e-01-1.86229966e-03j
4.44305398e-01+1.06612819e-02j
5.10346915e-01+1.90156014e-02j
-3.69851654e-02+2.24312769e-02j
-7.90643220e-01+4.97650689e-02j
-9.21824180e-01-1.99235632e-02j
-4.03083583e-01-1.54679395e-02j
3.14406991e-01+4.09743218e-02j
5.84822178e-01+8.53108377e-03j
7.63177862e-02-6.12222144e-03j
-6.86383697e-01+2.58572683e-03j
-9.52225303e-01+2.72829185e-02j
-5.02986599e-01-1.26104550e-02j
2.42630401e-01+9.03099716e-03j
5.85864549e-01-3.82903570e-03j
1.75402956e-01+2.05676063e-02j
-5.53325322e-01-1.33039917e-03j
-9.40334226e-01+1.08981531e-03j
-6.40979258e-01+3.45693902e-03j
9.20053787e-02+1.62690646e-02j
5.63837393e-01+3.73580701e-03j
3.06446720e-01-2.74688625e-02j
-3.85213419e-01+1.89916883e-02j
-9.34226440e-01+1.71259660e-02j
-7.56012806e-01+2.22693003e-03j
-1.71434538e-02-6.82456269e-03j
5.20146004e-01+2.01733629e-02j
4.37163931e-01+7.74589045e-03j
-2.50197135e-01+1.72070084e-03j
-8.96308973e-01-1.06108272e-02j
-8.28068277e-01+1.50238933e-04j
-1.78317892e-01+1.68543758e-02j
4.83395392e-01-3.88506683e-04j
5.21355554e-01+1.99934254e-02j
-8.71771691e-02-3.77650248e-02j
-7.59565932e-01-1.72579089e-02j
-9.17146744e-01+2.55918912e-02j
-3.41650963e-01+6.70323681e-04j
3.57491811e-01-2.00178886e-02j
5.84423332e-01+3.04902189e-02j
1.19720763e-02-1.13779089e-02j
-6.69577662e-01+5.41844375e-04j
-9.64477611e-01+6.75148625e-03j
-4.92101991e-01-2.83001639e-03j
2.59756014e-01-2.13886062e-02j
5.95179264e-01-3.29216560e-02j
1.60115292e-01+2.99828187e-02j
-5.94493191e-01-3.90530668e-03j
-9.54506439e-01+8.54744894e-03j
-6.22746833e-01+8.79974926e-03j
1.26217645e-01-1.11858087e-02j
5.54213771e-01+2.08747704e-02j
2.94171745e-01-8.70348374e-04j
-4.70592219e-01-1.98967791e-03j
-9.28477753e-01+6.89485770e-03j
-7.44355484e-01+5.60077618e-03j
3.48900383e-03+1.44036958e-02j
5.73964089e-01-2.58905022e-03j
4.22267424e-01+4.02601668e-02j
-3.02841187e-01-2.86100319e-02j
-9.17620297e-01-7.21602700e-03j
-8.39158329e-01-1.79521429e-02j
-1.36310337e-01-5.25741494e-04j
4.41196643e-01-2.58710409e-02j
4.44690177e-01-3.10142165e-02j
-1.52707283e-01-1.75250818e-02j
-7.97237110e-01-2.48193121e-02j
-8.77560295e-01+1.21467126e-02j
-3.14242731e-01+1.00272497e-02j
4.54354551e-01+8.21812772e-03j
5.17451179e-01-9.00593123e-03j
-2.86761441e-02+7.73383717e-03j
-7.10737060e-01-8.91663451e-03j
-9.40100856e-01+1.93813670e-02j
-4.65356962e-01-1.34131074e-02j
3.14380130e-01-2.44421413e-02j
5.84841913e-01+2.20440045e-02j
1.41629741e-01+8.76443043e-03j
-6.05490711e-01-6.54564911e-03j
-9.67875189e-01+2.10593184e-02j
-5.69046603e-01-5.45848293e-03j
2.08137546e-01-1.77320320e-02j
5.75164227e-01+1.14838015e-04j
2.25635579e-01+1.25844299e-02j
-4.89053988e-01+1.36812542e-02j
-9.43681452e-01+3.56254710e-02j
-6.95449789e-01+9.43939025e-03j
6.29818550e-02+6.30622705e-03j
5.41439716e-01-1.40253862e-02j
3.80962969e-01-5.24254386e-02j
-3.16493152e-01+7.81985256e-03j
-9.11243142e-01+1.21740324e-02j
-8.15600002e-01+1.54946997e-02j
-8.81690462e-02+1.79361224e-02j
4.83606007e-01+3.02957297e-03j
4.31199393e-01-1.86749952e-02j
-2.12580326e-01-5.95235343e-03j
-8.37658641e-01+8.17174034e-03j
-8.59033824e-01+2.36752782e-02j
-2.21430637e-01-2.46923208e-02j
3.99536132e-01-6.90374240e-03j
5.76375428e-01-2.76126492e-02j
-5.03464596e-02+2.70100423e-02j
-7.74870661e-01+3.77134210e-04j
-9.04026051e-01+1.68109751e-02j
-3.98319572e-01+2.98735604e-03j
3.87689987e-01+2.10695690e-02j
5.27579263e-01+3.39921877e-02j
8.34172690e-02-2.47882973e-02j
-6.57417961e-01-1.74074082e-02j
-9.42536300e-01+2.75913030e-02j
-5.03646674e-01-2.16921990e-02j
1.66269933e-01+1.98838993e-02j
5.64828431e-01-6.70533798e-03j
1.89201952e-01-2.48412787e-02j
-4.77110001e-01-9.59590231e-03j
-9.37230327e-01+2.60537843e-02j
-6.37906480e-01+4.90659809e-05j
8.09403772e-02-6.31872651e-03j
5.50329104e-01-3.93746618e-02j
3.36269340e-01-7.41977691e-03j
-3.66575922e-01+1.56544718e-02j
-9.04889639e-01+1.02829258e-02j
-7.46271099e-01+8.67934265e-03j
-7.89007662e-02-3.38066435e-02j
5.58850508e-01-2.22825312e-02j
4.44190409e-01+2.77920360e-03j
-2.62386526e-01+1.01953613e-02j
-8.66991371e-01+1.66424370e-02j
-8.48554898e-01+1.23072536e-02j
-1.87436473e-01-2.12881674e-02j
4.38200077e-01-1.08485887e-02j
5.24537413e-01+1.38550649e-02j
-9.95840777e-02+3.65102557e-03j
-7.72246618e-01-4.45052882e-03j
-9.11355829e-01+2.48836467e-02j
-3.70499303e-01-2.49867205e-02j
3.60080477e-01-5.01578935e-03j
5.33072821e-01-3.23219139e-02j
5.37983705e-02+7.80306508e-03j
-6.93392452e-01-2.41127287e-03j
-9.73430354e-01+2.10925890e-02j
-5.08773966e-01+3.20856411e-02j
2.12034638e-01-2.80617428e-02j
5.99900715e-01-1.39065347e-02j
1.57032975e-01-2.10398287e-02j
-5.49602927e-01-7.10646476e-03j
-9.40294518e-01+2.72676678e-02j
-6.37796695e-01-1.65492922e-02j
1.29390070e-01+1.27766347e-02j
5.74263891e-01+2.31968643e-02j
3.00208677e-01+4.04853052e-03j
-4.06858173e-01-1.27626712e-02j
-9.53228882e-01-1.13389480e-02j
-7.30340412e-01+6.19636126e-03j
-4.13762114e-02+2.26141338e-02j
5.61727929e-01+3.73916495e-03j
3.77432996e-01+2.58924222e-02j
-2.87514312e-01+9.43331285e-04j
-8.96129093e-01+2.30935192e-02j
-8.36773705e-01+2.25922164e-02j
-1.96212203e-01+8.90426177e-03j
4.32331417e-01+3.35678383e-02j
4.62916485e-01+1.91368703e-02j
-1.02955379e-01-1.72479762e-02j
-8.03112198e-01-5.54717147e-03j
-8.82228826e-01-2.76358239e-02j
-3.29972536e-01+1.20337160e-02j
3.79688647e-01+3.46907000e-03j
5.60713547e-01+2.74841802e-02j
-6.00070391e-03+1.48662991e-02j
-7.06905874e-01+4.61092960e-03j
-9.38235598e-01-9.59387792e-03j
-4.71749987e-01-7.95154605e-03j
2.98474014e-01+2.40955528e-02j
6.00198097e-01+1.53931135e-02j
1.24495166e-01-1.06688702e-02j
-5.67765635e-01-1.74899309e-02j
-9.33523269e-01-1.88566241e-02j
-5.93079774e-01+3.96430223e-02j
1.69554020e-01+1.89202765e-02j
5.70558217e-01-3.59062882e-02j
2.71610931e-01-2.16296494e-02j
-5.02349380e-01+6.09159649e-03j
-9.23981365e-01+1.95488133e-02j
-6.89921957e-01-4.23363790e-03j
2.91964639e-02+2.00530944e-02j
5.34233623e-01-8.90747610e-03j
3.94769514e-01-1.37115606e-02j
-3.31432587e-01-1.87208243e-02j
-9.05413810e-01+3.61164774e-03j
-7.70509109e-01+5.53012401e-02j
-1.23305624e-01-9.64346589e-03j
5.03467052e-01+3.14811641e-02j
4.58194573e-01+1.96589526e-02j
-1.96935131e-01-2.83751360e-02j
-8.25142169e-01-3.18231228e-02j
-8.73561540e-01+1.54248531e-02j
-2.99940604e-01-5.39477092e-03j
4.15508421e-01+9.03732467e-03j
5.12297228e-01+7.49935920e-03j
-3.80953709e-02-2.97234879e-02j
-7.53781995e-01+1.09098348e-02j
-9.09339483e-01-2.19644783e-02j
-4.41870646e-01+1.17867694e-03j
3.06727662e-01-1.16457514e-02j
5.73693421e-01+2.89616358e-03j
9.67830392e-02-9.54746331e-03j
-6.27563234e-01-3.03193582e-02j
-9.53575438e-01+5.29235435e-02j
-5.29609876e-01-2.24085007e-02j
1.88627417e-01+1.43564795e-02j
5.90175525e-01-2.00350522e-02j
2.29574906e-01+1.06890707e-02j
-4.75135279e-01-8.43316325e-03j
-9.54154919e-01-1.95210017e-02j
-6.73105141e-01-2.83462636e-02j
7.91639193e-02+1.22947133e-02j
6.02785347e-01+1.88755089e-03j
3.46741397e-01-4.07970980e-03j
-3.87996149e-01+2.64584336e-03j
-9.23116805e-01+2.21133855e-02j
-7.47393270e-01-5.96516362e-03j
-5.27565422e-02+2.08763615e-02j
4.93952424e-01+7.43003177e-04j
4.43113635e-01+1.91577162e-02j
-2.17758549e-01+2.40139207e-02j
-8.82145801e-01+1.17882867e-02j
-8.92206442e-01-1.66499740e-02j
-2.38012712e-01-7.63502610e-03j
4.23604818e-01-7.12824238e-03j
5.04487966e-01-1.75038122e-03j
-8.22211454e-02-9.47415524e-03j
-7.63100974e-01+3.10160610e-02j
-9.10857895e-01-2.65801454e-02j
-3.68012273e-01+1.41084565e-02j
3.48137301e-01-2.10441209e-02j
5.66395298e-01+1.28250486e-02j
4.32985149e-02-4.05775810e-02j
-6.81607511e-01+2.75177558e-02j
-9.26808120e-01-3.06682474e-02j
-5.13279754e-01+5.30207160e-03j
2.40202330e-01+3.79574673e-03j
5.44822357e-01-5.45417725e-03j
2.00791566e-01+9.46776533e-03j
-5.24637262e-01-3.86670228e-02j
-9.53581566e-01+1.22185305e-02j
-6.47053009e-01-9.59620035e-03j
1.19477394e-01+1.29488620e-02j
5.82532536e-01-2.17062350e-02j
3.09565880e-01-3.35128688e-03j
-4.09863132e-01-2.73838945e-03j
-9.43607861e-01-3.75384607e-02j
-7.45975274e-01+7.06164226e-03j
-4.74208652e-02+8.33308265e-03j
5.65619151e-01+2.59587746e-03j
4.40351833e-01-1.72506867e-03j
-2.53654975e-01-4.04231059e-02j
-8.79787926e-01+3.00574742e-02j
-8.57647671e-01-3.03447243e-04j
-2.28208303e-01-2.33835718e-02j
4.64281296e-01+1.07711522e-02j
5.03950299e-01+1.25604801e-02j
-1.13708873e-01-8.67401636e-03j
-8.09218837e-01+3.58510707e-02j
-8.59264433e-01+1.64943199e-02j
-3.48598256e-01-1.16520447e-02j
3.46279152e-01+1.53640429e-02j
5.52909877e-01+5.50930322e-03j
2.34664299e-02+1.39021353e-02j
-6.97990393e-01-1.90687560e-02j
-9.36209130e-01+1.39521228e-02j
-4.86981216e-01+5.84706259e-03j
2.95057344e-01+6.73301574e-03j
5.56563426e-01+2.84578548e-02j
1.86482876e-01+2.04912775e-02j
-6.06642263e-01-3.07824291e-02j
-9.15820226e-01+9.50693725e-03j
-6.42326752e-01+3.34617295e-03j
1.29572540e-01+3.56514742e-03j
5.48127606e-01+2.78972074e-02j
2.41528962e-01+3.46522863e-03j
-4.93466319e-01+2.47771576e-02j
-9.36939248e-01+6.22579222e-03j
-6.98852816e-01-2.02354362e-02j
1.16383487e-02+2.74415498e-02j
5.40429490e-01+1.85962970e-02j
4.20929624e-01+2.72249274e-02j
-3.26956507e-01-1.07073465e-02j
-8.46094848e-01-5.33680535e-03j
-8.44745120e-01+1.03166157e-02j
-1.50885073e-01+7.55929146e-03j
4.80755535e-01-3.24568096e-02j
4.92095867e-01-1.26139120e-02j
-1.77132687e-01+1.99765988e-02j
-7.91453337e-01-2.49369527e-02j
-8.91290880e-01-2.16390351e-02j
-3.10218024e-01-2.46586011e-03j
4.05609522e-01-2.10157527e-02j
5.58682408e-01+7.71997414e-03j
-1.19768743e-02-3.38571062e-03j
-7.35055857e-01+2.90690149e-03j
-9.39706403e-01+1.70340763e-02j
-4.39979482e-01-7.78395793e-03j
3.03809519e-01+2.27189134e-02j
5.47788309e-01+1.82918432e-02j
1.11451061e-01-7.97987195e-03j
-6.08003799e-01+2.38019311e-02j
-9.18789007e-01+1.28307053e-03j
-5.60037806e-01+1.68118176e-02j
1.74033687e-01+2.19938156e-02j
5.39397901e-01-3.43679056e-02j
2.39859334e-01+1.04799953e-02j
-4.58364477e-01+1.33566354e-03j
-9.26595466e-01+4.08727673e-03j
-7.00529024e-01-8.75077588e-03j
5.01192114e-02+1.08287604e-02j
5.36610913e-01-5.12300278e-03j
3.46331885e-01+2.76272179e-02j
-3.27898240e-01-1.04345373e-02j
-8.78737040e-01-2.77347487e-02j
-7.52478165e-01-3.71180901e-02j
-8.73600910e-02+3.46968514e-02j
5.05632117e-01-1.94458141e-02j
4.79119963e-01-9.66428401e-03j
-2.18584492e-01+1.14553203e-02j
-8.62858237e-01-1.01889874e-02j
-8.71651469e-01-1.05694525e-02j
-2.49628442e-01-2.34596458e-02j
4.49496197e-01-1.54708165e-02j
5.21870402e-01+6.03211343e-03j
-3.67668644e-02-9.78590648e-03j
-7.38537346e-01-3.23199265e-02j
-9.32207248e-01-4.69720324e-02j
-3.99328987e-01-1.57566530e-02j
3.34372223e-01+4.58698030e-02j
6.20664031e-01+1.86070371e-02j
1.14965402e-01+3.19916305e-02j
-6.69610508e-01+2.98052270e-03j
-9.35209182e-01+8.95275719e-03j
-4.94824443e-01-1.56417644e-02j
2.21450091e-01+3.96203464e-02j
6.14482214e-01+4.67044265e-03j
2.30912278e-01-2.62441279e-02j
-5.44770521e-01+2.46534579e-02j
-9.48210378e-01-3.93291750e-02j
-6.57605419e-01+3.60135458e-02j
6.56432031e-02+1.27881428e-02j
5.50059703e-01+4.54176261e-03j
3.39473773e-01+1.40127126e-03j
-3.93005543e-01-8.99732603e-03j
-8.90003354e-01-2.15058131e-02j
-7.50312423e-01+4.57190822e-04j
-4.35641376e-02-1.48544516e-03j
5.26260917e-01-4.78480540e-02j
4.32393640e-01+4.11466048e-02j
-2.53953566e-01-1.97494116e-02j
-8.71939091e-01+1.04203862e-02j
-9.13062093e-01-6.37394413e-03j
-2.47766760e-01-4.39211872e-02j
4.49851670e-01-1.53414417e-02j
5.03744361e-01+1.90414356e-02j
-1.35379353e-01-3.23680861e-02j
-7.74833626e-01-3.25872996e-02j
-8.98038659e-01-1.47623257e-02j
-3.59264387e-01-4.73090258e-03j
3.56489219e-01-6.60286460e-02j
5.72153016e-01+4.48247499e-03j
5.91362281e-02+2.43637019e-02j
-7.12156066e-01+2.44314939e-02j
-9.43950195e-01+9.66496296e-03j
-4.64028366e-01-1.05031653e-02j
2.34013202e-01-1.68228304e-02j
5.76635987e-01-3.80722212e-02j
1.94775836e-01-1.45468404e-02j
-5.44619922e-01+8.02474615e-03j
-9.46510263e-01+4.28505257e-02j
-6.33274565e-01+1.23804613e-02j
1.24861801e-01-1.23501245e-02j
5.25847492e-01-1.43003773e-02j
2.88814509e-01+9.86469754e-03j
-4.51202785e-01-2.08103970e-02j
-9.40452706e-01+5.65977221e-02j
-7.14043738e-01-3.31795410e-03j
-3.98015271e-02-6.50981173e-03j
5.52510413e-01+4.29575913e-02j
4.30437595e-01-2.00013824e-03j
-3.24282107e-01+1.81700552e-03j
-9.17021533e-01-1.21093977e-02j
-8.31151656e-01+1.82799753e-02j
-1.29517281e-01-1.70274668e-02j
4.54784447e-01-8.78101389e-03j
4.52040551e-01-4.81454417e-02j
-1.30494914e-01+3.96485314e-02j
-8.41156757e-01-3.50861185e-03j
-9.01100094e-01+5.01992022e-03j
-3.01322136e-01+1.75501182e-02j
4.10620563e-01-1.17843064e-02j
5.73887788e-01+1.41519099e-02j
3.00787956e-02-9.32111805e-04j
-7.29615036e-01-7.54933576e-03j
-9.21034017e-01-1.58343801e-02j
-4.35107177e-01-2.25253629e-02j
2.83270501e-01-5.43097359e-03j
5.81397932e-01+2.18671507e-02j
1.30795958e-01-5.85447284e-03j
-5.98877431e-01+4.04343570e-03j
-9.41405180e-01-4.38834376e-02j
-5.95276008e-01+4.51483585e-02j
1.53179816e-01-6.25237605e-02j
5.99469259e-01+5.61802392e-03j
2.63996647e-01-6.44059368e-03j
-4.38084067e-01+3.78067655e-03j
-9.59372713e-01-2.89197760e-03j
-6.62888685e-01+1.59031374e-02j
1.95181455e-02-7.91368244e-03j
5.43751914e-01-3.68544436e-02j
3.95996075e-01+1.51284793e-02j
-3.28774005e-01+5.03035238e-03j
-9.00155134e-01+1.47837741e-02j
-7.95000947e-01+2.43368959e-03j
-1.35048197e-01+8.65290448e-03j
5.02197124e-01+1.51329680e-02j
4.35567760e-01-4.28129794e-03j
-1.39540329e-01+1.07835327e-02j
-8.35874854e-01-1.13084863e-02j
-8.92051854e-01-2.94112812e-03j
-2.71079957e-01+4.19773086e-02j
3.78479930e-01-3.58160893e-02j
5.23079381e-01+1.69392299e-02j
3.70247093e-03+4.33825042e-03j
-7.47964390e-01+1.28640149e-02j
-8.90096005e-01+6.26655002e-03j
-4.18232019e-01+6.61955456e-03j
3.26623023e-01+1.50365865e-02j
5.81220863e-01-1.54270073e-02j
5.91807889e-02+2.84321775e-02j
-6.41553641e-01+2.08766205e-02j
-9.24272477e-01-3.35442251e-02j
-5.46772806e-01-6.85192594e-03j
1.96663606e-01-7.55028193e-03j
5.75590982e-01-5.14275902e-03j
2.22364779e-01-3.05245036e-02j
-5.12681111e-01-2.86169400e-02j
-9.44697323e-01+3.44634550e-02j
-6.85834510e-01-1.09874170e-02j
7.14180049e-02-1.13664995e-04j
5.67512058e-01-7.98026724e-04j
3.31077697e-01+5.84562554e-03j
-4.09612822e-01+1.57502696e-02j
-8.73649420e-01-5.31989819e-03j
-7.31571269e-01+2.48940957e-02j
-7.51027141e-02-6.66873586e-03j
4.83083372e-01-1.87994625e-02j
4.51483546e-01+1.70545108e-03j
-2.23378417e-01-1.31758144e-02j
-8.95848879e-01-2.15691624e-02j
-8.39836282e-01-7.86848920e-03j
-2.25557020e-01-2.74075019e-03j
4.69779153e-01+1.26264059e-03j
5.25267999e-01+2.27437872e-02j
-3.49102271e-02-2.90305026e-03j
-7.49047162e-01-7.99860046e-03j
-9.07730435e-01+2.60777313e-02j
-3.77400238e-01-2.44131348e-02j
3.52926193e-01+1.12046657e-03j
5.52544277e-01+2.73542459e-02j
8.28190197e-02+3.08234286e-02j
-6.70997283e-01-2.98223183e-02j
-9.37072575e-01-5.33039672e-03j
-4.84377304e-01-1.17483909e-02j
2.25214292e-01+5.96997872e-03j
5.60840677e-01-1.15811003e-02j
2.33528711e-01+3.81054653e-03j
-4.94034447e-01-2.30639533e-02j
-9.35420065e-01+4.01256668e-02j
-6.29644187e-01+4.72680525e-03j
9.05074959e-02+5.70882683e-03j
5.61676933e-01-1.24481218e-02j
2.97912654e-01-6.48736388e-03j
-3.69228033e-01-1.11606913e-03j
-9.11718792e-01+5.33106728e-03j
-7.32001582e-01+1.36690564e-02j
-3.17596468e-02-1.26078340e-02j
5.25749368e-01+1.30751024e-02j
4.14433986e-01-9.87800838e-03j
-2.77972824e-01-4.03284933e-02j
-8.61568084e-01+2.78801314e-02j
-8.17944222e-01+1.11742568e-02j
-2.12307754e-01-4.26451306e-02j
4.59374301e-01-1.71423371e-02j
4.67878377e-01-1.69042718e-02j
-1.51288449e-01-5.55621929e-03j
-7.86660048e-01+4.28045689e-03j
-8.86629210e-01+1.31157470e-02j
-3.66696688e-01+1.69849679e-02j
3.86952269e-01+9.86130784e-03j
5.04137621e-01-1.15161007e-02j
-3.12453209e-03+3.87964316e-05j
-7.27124347e-01-2.94793008e-02j
-9.35371070e-01+2.61181515e-03j
-5.05098828e-01-7.37851513e-03j
2.40726942e-01+2.77954997e-02j
5.61143483e-01+2.01747757e-02j
1.64819911e-01+1.57691159e-02j
-5.68067687e-01-3.85922284e-03j
-9.26927783e-01-2.39035220e-02j
-5.78073810e-01-1.31706006e-02j
1.44660631e-01+1.09222200e-02j
5.75928766e-01+2.50283937e-02j
2.77158944e-01+8.62692986e-03j
-4.27014980e-01-1.85787009e-02j
-9.12513733e-01+1.93657514e-02j
-7.08712706e-01-3.13100113e-02j
1.62184786e-02-2.29801202e-02j
5.61105933e-01-1.80237966e-02j
3.94620233e-01-6.72185918e-03j
-3.05155684e-01+1.85464455e-02j
-9.20125987e-01+2.88200095e-02j
-7.92925375e-01-2.29140799e-02j
-1.49534448e-01-1.52361494e-03j
4.73456059e-01+7.43643935e-03j
4.77668696e-01+1.06676455e-02j
-1.65880976e-01+1.88792618e-02j
-8.61363299e-01-3.11869252e-02j
-8.80930440e-01-4.59705406e-02j
-2.67799720e-01+3.71509743e-03j
4.17970081e-01-5.64589664e-03j
5.16650729e-01+3.37848290e-02j
-2.47967691e-02-3.90912760e-02j
-7.21642884e-01-3.25161431e-02j
-9.29004742e-01-2.49913823e-02j
-4.68326223e-01-1.63336459e-03j
3.18597316e-01-8.97787220e-04j
5.75364072e-01-6.85039022e-03j
1.29005068e-01+2.61644390e-02j
-6.34912766e-01-1.08088653e-02j
-9.58037552e-01-1.39288222e-03j
-5.24523715e-01+1.83642821e-02j
1.78521042e-01+2.04652942e-02j
5.98540755e-01+2.23008124e-02j
2.43867256e-01+1.46965767e-03j
-4.72700105e-01-1.97806123e-02j
-9.68431224e-01+3.44639442e-04j
-7.02219673e-01+1.71733134e-02j
2.97969919e-02-1.19124672e-02j
5.61107805e-01-2.50717872e-02j
3.74999183e-01+1.71764976e-02j
-3.72889424e-01-1.91238976e-02j
-9.46238054e-01+2.76362939e-02j
-7.87913631e-01+3.06980023e-02j
-9.94034711e-02+2.10670724e-02j
5.09641772e-01+1.37954314e-02j
4.63628419e-01+1.87774777e-02j
-2.09334717e-01+9.43724738e-03j
-8.36618613e-01+2.26792741e-03j
-9.08190780e-01-1.42007830e-02j
-2.78880111e-01-4.59369292e-05j
4.19940888e-01+1.80640420e-02j
5.17592490e-01+2.66019984e-02j
-4.31139641e-02-2.88905406e-02j
-7.76033218e-01-1.18793219e-02j
-9.48510068e-01+7.73663884e-03j
-3.73239028e-01+4.22955511e-02j
3.38174502e-01-4.12702540e-04j
5.77314984e-01+8.63886061e-03j
6.61702096e-02+1.29887325e-02j
-6.96555647e-01-1.83215464e-02j
-9.36301567e-01-3.46807770e-02j
-5.36323647e-01-9.69162797e-03j
2.47160078e-01+1.81420767e-02j
5.67191987e-01-3.38915114e-02j
2.02644034e-01-3.88324951e-02j
-5.60737353e-01-2.58748510e-03j
-9.48744278e-01-8.20633721e-04j
-6.26390787e-01+1.72993725e-02j
9.37036939e-02-2.38862722e-02j
5.50358837e-01-1.84140619e-02j
3.11430821e-01+6.77081216e-03j
-4.18932021e-01+2.73015357e-04j
-9.22070056e-01-2.68885033e-03j
-7.53729705e-01-2.81473322e-02j
-8.24094170e-02-2.46330106e-03j
5.66069768e-01+1.07757193e-02j
4.36659764e-01+8.59807968e-03j
-2.30235940e-01+1.08002765e-02j
-8.48916077e-01-4.42290975e-03j
-8.19940771e-01+1.38448072e-02j
-2.16251471e-01-6.24128992e-02j
4.58584328e-01+4.64066662e-03j
4.87216554e-01+2.03931336e-02j
-1.21132956e-01+4.31425118e-02j
-7.93138481e-01-1.96766587e-02j
-9.34274145e-01+2.76978126e-02j
-3.34895006e-01-1.34046936e-02j
3.77174143e-01+8.66060096e-03j
5.49303123e-01+1.16931770e-02j
2.50672932e-02+1.00471856e-02j
-6.68073058e-01+7.79643978e-04j
-9.28691488e-01-2.93797672e-02j
-4.80433523e-01+3.18927205e-02j
2.70912647e-01-2.76183224e-02j
5.44003647e-01-7.64320431e-03j
1.96383451e-01-2.77417862e-02j
-5.45731095e-01+1.89678828e-02j
-9.52123268e-01-1.15685476e-02j
-6.14693030e-01+1.35766959e-02j
1.79449869e-01+6.42352542e-03j
5.66481953e-01-2.29528701e-02j
2.66621745e-01+2.52595335e-03j
-4.63022143e-01-1.68955581e-02j
-9.23587878e-01+4.67448086e-03j
-7.48453231e-01+8.55301186e-03j
-1.84664351e-02-5.44679694e-03j
5.05424972e-01+9.33737247e-03j
4.04075371e-01-1.55230699e-02j
-2.91348267e-01-1.21308827e-02j
-8.90229966e-01-1.06289709e-02j
-8.48406687e-01-2.97288508e-02j
-1.60414750e-01+5.29071270e-03j
4.70279237e-01+1.30101168e-03j
4.42473140e-01+1.48725016e-02j
-1.32049718e-01-3.90019433e-03j
-7.96115322e-01-5.00725356e-03j
-8.65686601e-01-4.66460297e-03j
-3.06727961e-01+1.50550997e-04j
3.93236269e-01-1.44761174e-02j
5.24597200e-01-6.44573593e-05j
-6.40777769e-03+1.05496755e-02j
-7.39796196e-01+3.21880914e-03j
-9.45533173e-01+2.05049040e-02j
-4.47284269e-01+5.20490763e-03j
3.11402321e-01+2.50061109e-02j
5.86173845e-01-2.39077012e-02j
1.35457802e-01-9.51365252e-03j
-6.08282161e-01-3.92238305e-02j
-9.36656496e-01-3.98445654e-03j
-5.73889829e-01+2.66648584e-03j
2.09984233e-01-1.36021060e-02j
5.60388125e-01-2.21262351e-02j
2.51938855e-01+3.35091063e-03j
-4.72197326e-01+2.79612413e-02j
-9.36970924e-01+6.48280801e-03j
-6.66507713e-01+1.22251290e-02j
1.68797927e-02-4.12988329e-02j
5.51930785e-01-1.01674243e-02j
3.72741663e-01-8.03132278e-03j
-3.36868272e-01+9.41921892e-04j
-8.92841466e-01-1.16654692e-02j
-8.18419709e-01-1.56845484e-02j
-1.06965968e-01+1.54695456e-02j
4.98290435e-01+1.45839136e-02j
4.75968901e-01-4.74097435e-02j
-2.06575383e-01-2.98474899e-02j
-8.42040920e-01-7.76318923e-03j
-8.61531270e-01-1.65181634e-02j
-2.75026488e-01-4.75387366e-02j
3.94660575e-01+2.75083153e-02j
5.04392303e-01+2.67903188e-02j
1.68766854e-02+1.95976544e-02j
-7.61659153e-01-1.24336207e-03j
-9.11184995e-01+3.41088297e-03j
-4.11708454e-01+7.93524013e-03j
3.04861368e-01+1.83863918e-02j
5.73951572e-01+1.98732691e-02j
9.86777466e-02-2.82357027e-03j
-6.33319131e-01-3.54058924e-02j
-9.63611857e-01-4.68107053e-02j
-5.27973311e-01+2.91259491e-02j
2.11580133e-01-4.46448423e-02j
5.93180116e-01-1.12252116e-02j
2.00409173e-01-2.68865205e-03j
-5.19636530e-01-1.99728126e-02j
-9.27621984e-01-7.34072992e-03j
-6.52158747e-01+3.03288032e-02j
5.31581757e-02+6.30684317e-03j
6.07865419e-01+6.65088631e-03j
3.16368857e-01-1.52051490e-02j
-3.65531407e-01-3.79612413e-02j
-9.19307982e-01-5.89562828e-03j
-7.66217714e-01-6.44428220e-04j
-8.63220218e-02-1.06434579e-02j
5.14301526e-01+8.95925540e-03j
4.71746133e-01-4.94737687e-04j
-2.06982029e-01-1.42372598e-02j
-8.77514752e-01+2.97521651e-03j
-8.43008847e-01-1.68418751e-02j
-2.53343942e-01-1.83141173e-02j
4.20230791e-01-2.59909866e-02j
4.94752981e-01-3.33476704e-02j
-1.03874486e-01-2.28417980e-02j
-7.79953388e-01-1.51659611e-02j
-9.47408302e-01-4.32736843e-02j
-3.42726493e-01-3.24387504e-02j
3.50971203e-01+4.63764374e-03j
5.47040278e-01+3.48050594e-03j
7.24069750e-02+7.63304817e-03j
-6.70685082e-01-1.95254437e-02j
-9.19076420e-01+5.72115817e-03j
-5.53885933e-01-4.96810163e-03j
2.38071611e-01+2.08998198e-02j
5.91520306e-01+6.10581066e-03j
1.89827882e-01-4.52331517e-03j
-5.76018950e-01-1.52715803e-02j
-9.83846109e-01+1.38628297e-02j
-6.25462638e-01-7.27344328e-03j
1.03027371e-01+2.34792290e-02j
5.34122529e-01-1.46140734e-02j
3.10622112e-01+6.33826870e-03j
-3.88527128e-01-9.15593143e-03j
-8.81429371e-01+7.46635207e-03j
-7.44246361e-01+7.92378449e-03j
-1.52824142e-02-1.20541918e-02j
5.03615789e-01-6.01047306e-03j
3.88550087e-01-6.56615791e-02j
-2.43452960e-01-1.06372386e-02j
-8.56667621e-01+3.51730780e-03j
-8.58722988e-01+2.47361560e-02j
-1.76854453e-01-4.38547225e-03j
4.25258842e-01+1.86873167e-04j
5.07465902e-01-7.05931516e-03j
-1.18719676e-01-7.02162135e-03j
-7.90494662e-01+2.40622596e-02j
-8.85117428e-01+2.56654174e-02j
-2.94895582e-01+2.55885839e-02j
3.48247554e-01+1.93085449e-02j
5.35752594e-01-1.33543943e-02j
4.15645403e-02-3.85949320e-04j
-7.05775596e-01-1.03734794e-02j
-9.54876215e-01-3.66720825e-02j
-4.77580981e-01+9.70425915e-03j
2.53550354e-01-3.27808980e-02j
6.03773396e-01+2.04247151e-02j
1.31278394e-01+9.91673897e-03j
-5.87818349e-01-3.68333696e-02j
-9.47674475e-01+1.13621813e-02j
-5.87431382e-01-1.66702504e-02j
1.55005876e-01-2.61148927e-02j
6.08731545e-01+2.49328007e-02j
3.08125081e-01+7.38623461e-04j
-5.01586317e-01+2.02368096e-02j
-9.10368276e-01+1.78995562e-02j
-6.62950881e-01-2.64965544e-02j
5.32445199e-03+1.16224143e-02j
5.22633312e-01+1.15307427e-03j
3.87899931e-01-3.26264995e-03j
-2.94520238e-01-1.51295749e-02j
-8.96826281e-01-4.39326788e-02j
-7.88457268e-01+3.05697191e-02j
-1.26830287e-01+7.97150592e-03j
5.16017270e-01-3.52659833e-02j
4.62125842e-01+3.95402506e-03j
-1.66027409e-01+4.24307364e-02j
-8.43002821e-01+9.11347108e-04j
-9.00882724e-01-1.62146031e-04j
-2.66201940e-01-7.00481638e-03j
4.09940636e-01-2.22161120e-02j
5.23120232e-01-4.01518280e-03j
-2.07699725e-02+1.67634178e-02j
-7.35393913e-01-2.06059762e-02j
-9.44408853e-01+2.42092696e-03j
-3.86600877e-01-2.84176272e-02j
2.50516908e-01+1.08959172e-02j
5.67404387e-01+1.08112678e-02j
1.15888606e-01-1.20965516e-02j
-5.90156130e-01-8.78112103e-03j
-9.54143092e-01-3.24552447e-02j
-5.54574353e-01+3.23197710e-02j
2.10694748e-01+2.31536701e-02j
5.57914849e-01-8.95440119e-03j
2.69556764e-01-2.98340447e-02j
-5.30488303e-01+3.85398990e-02j
-9.23751548e-01+9.04419091e-03j
-6.81940475e-01+3.45171503e-02j
5.17258349e-02-8.47237458e-03j
5.30895716e-01+1.20182725e-02j
3.24362625e-01-9.82554821e-03j
-3.33868431e-01+6.14678885e-03j
-9.15457383e-01-4.92150924e-03j
-7.95037338e-01+1.12784385e-02j
-9.81354807e-02-1.20112086e-02j
4.79580027e-01+1.77041371e-02j
4.51474412e-01+1.90009905e-02j
-2.02449299e-01-4.60055195e-02j
-7.91355425e-01+3.89376994e-02j
-8.90537250e-01-1.19827103e-02j
-2.18010316e-01-7.45611634e-03j
4.53690184e-01+4.50674578e-03j
4.92097160e-01-9.05004568e-03j
-3.93794100e-02+2.93879201e-02j
-7.62477854e-01-1.50718057e-02j
-9.43869386e-01+1.48068906e-02j
-4.18742905e-01+1.50040353e-02j
3.38003282e-01+1.33217183e-02j
5.33417393e-01-1.57370456e-02j
7.13000841e-02+7.70634957e-03j
-6.82734634e-01+2.20540752e-02j
-9.37204796e-01-3.46417707e-02j
-5.07998961e-01-5.35728399e-03j
1.73600587e-01+5.84307250e-03j
5.67752003e-01-1.71211524e-03j
1.92339299e-01-3.09012974e-02j
-5.45775294e-01-1.13125374e-02j
-9.52905008e-01+3.57156231e-03j
-6.67013287e-01-5.38611808e-03j
1.11436898e-01-4.07699422e-04j
5.39247554e-01-3.59816537e-02j
3.44802990e-01-3.32063215e-02j
-3.94732711e-01-1.75275246e-02j
-9.22407037e-01+1.23323376e-02j
-7.63669043e-01-1.55593851e-02j
-5.38745263e-02+3.14963346e-02j
5.50486751e-01-1.51825729e-02j
4.15451302e-01-1.59989857e-03j
-2.51666554e-01-3.00885375e-02j
-8.43526106e-01-2.27690122e-02j
-8.35980657e-01+2.08041470e-02j
-1.94640018e-01+6.56887093e-03j
4.26385515e-01+2.48105763e-02j
5.10516128e-01-1.76986813e-03j
-1.05056408e-01-2.82774811e-02j
-7.86018698e-01-7.05926452e-03j
-9.11397953e-01+4.76380731e-02j
-3.62475983e-01-1.33750634e-02j
3.49679409e-01-3.56608077e-03j
5.65511621e-01-1.02228474e-02j
5.27704292e-02-5.98198170e-03j
-6.64358512e-01+2.68074189e-02j
-9.77049027e-01+1.62228607e-02j
-4.91044340e-01-1.01013196e-02j
2.25493560e-01-2.53525763e-02j
5.74900531e-01+1.81132817e-02j
1.88624687e-01+9.02289290e-03j
-5.50557884e-01+3.08823376e-03j
-9.60570907e-01-1.02817200e-02j
-6.06915739e-01-2.83885190e-02j
1.29164783e-01+3.33021124e-02j
5.80487964e-01-2.73209058e-02j
2.79225651e-01-1.62942941e-02j
-4.23396368e-01+1.44097363e-04j
-8.89032052e-01-3.20688354e-02j
-7.73583700e-01+3.34179434e-02j
-2.22713710e-05+6.01099726e-03j
4.98741747e-01-7.48311923e-03j
3.97179533e-01+2.88465933e-03j
-2.96861419e-01+1.33906371e-02j
-8.64875041e-01+4.91818063e-02j
-8.19917364e-01+6.39899928e-03j
-1.65484812e-01-2.40311154e-02j
5.14877724e-01+2.05436237e-02j
5.14455260e-01-2.58078130e-03j
-1.24444373e-01-6.84924102e-03j
-8.14635712e-01-7.23096858e-04j
-9.10042251e-01-2.96355306e-02j
-2.84084526e-01+1.14560768e-02j
3.63693730e-01+5.19694598e-03j
5.42830590e-01+3.02761290e-02j
2.51299709e-02-1.07227489e-03j
-6.83764603e-01+3.10912230e-02j
-9.24182944e-01-2.08707800e-02j
-4.53562845e-01+2.03427444e-02j
3.11714703e-01-4.95474646e-02j
5.69188570e-01+2.38668225e-02j
1.51955944e-01+1.33130962e-02j
-5.90646505e-01+2.43570850e-02j
-9.58021802e-01+1.38952522e-03j
-5.94701597e-01+3.29305757e-02j
1.23427879e-01-2.66075413e-03j
5.62919657e-01+6.87625032e-03j
2.73444909e-01-1.08408304e-02j
-4.83546279e-01-1.27452023e-02j
-9.31594254e-01+1.83232584e-02j
-6.97534718e-01+9.17208660e-03j
-5.07195788e-03+3.29797093e-03j
5.58785986e-01-9.47375631e-03j
3.47830504e-01-1.29494023e-02j
-3.40147204e-01+1.19356882e-02j
-9.16218778e-01-1.35617065e-02j
-7.71387975e-01-1.52829789e-02j
-9.49172550e-02-4.00227194e-05j
5.42619723e-01-4.13113047e-03j
4.75283478e-01+3.48457599e-02j
-1.79803840e-01+8.88452906e-03j
-8.35979712e-01+5.10408208e-03j
-8.48276024e-01-5.31245317e-03j
-2.27080504e-01+1.20381237e-02j
4.38179337e-01-2.76221581e-02j
5.39736367e-01-2.28115527e-02j
-5.07754631e-02-7.74061287e-03j
-7.16598389e-01+9.22641094e-03j
-9.08400971e-01-8.85883235e-03j
-4.12869414e-01+1.19767158e-02j
2.91511143e-01+1.06008038e-02j
6.00061308e-01-3.17932813e-02j
1.06855188e-01+1.17948600e-03j
-6.57845065e-01-2.57288252e-02j
-9.76021497e-01-3.10159091e-02j
-5.17566290e-01+1.66898211e-02j
1.83597170e-01+1.06783465e-02j
6.04475081e-01+3.16592818e-02j
2.34355896e-01-1.34099395e-02j
-5.40271915e-01+2.87809779e-02j
-9.07045256e-01+2.77884892e-02j
-6.55263743e-01+2.28856459e-02j
4.76995261e-02+2.27960486e-02j
5.59413041e-01-1.53443326e-02j
3.50602471e-01+4.34733207e-02j
-3.69557601e-01+5.70099381e-03j
-9.17455996e-01-1.75354677e-02j
-7.85087778e-01-8.10553306e-03j
-1.00666808e-01-6.03505910e-03j
5.32525424e-01+2.24919610e-02j
4.17735539e-01+1.67039101e-02j
-2.36579811e-01+1.44090396e-02j
-8.51765214e-01+8.02869372e-04j
-8.25248515e-01-5.97096606e-03j
-2.43860248e-01-4.86794598e-02j
4.51287673e-01+6.20785401e-03j
5.16176787e-01-1.50415716e-02j
-8.96407793e-02+1.11230846e-02j
-8.04677111e-01+1.03421494e-02j
-8.93374391e-01+1.07401921e-03j
-3.45207946e-01-2.71641665e-03j
3.59928635e-01-1.23090045e-02j
5.52201198e-01+3.53668104e-04j
4.48660009e-02-3.55115764e-03j
-6.80563395e-01+1.19782439e-02j
-9.29517038e-01-3.29907673e-02j
-5.13786147e-01-1.59838041e-02j
2.21113288e-01+2.12586049e-02j
5.74754514e-01+6.80278226e-03j
2.18092057e-01+7.30632671e-03j
-5.51761906e-01+6.56747179e-03j
-9.39963577e-01-1.48892732e-03j
-6.27550331e-01-1.31423739e-03j
9.53123325e-02+7.96404548e-03j
5.63167820e-01-7.99752706e-03j
3.23252339e-01-1.66080731e-02j
-4.01350896e-01-9.95092055e-03j
-9.21611632e-01-5.91033026e-03j
-7.31899314e-01-1.35533899e-03j
-3.78551009e-02+2.62488376e-02j
5.26918690e-01+4.38150887e-03j
4.25475911e-01+5.46153581e-03j
-2.56483127e-01+4.31606005e-03j
-9.30292851e-01-3.84519528e-02j
-7.93284200e-01+3.78406020e-02j
-1.95330979e-01+7.08509713e-03j
4.69291397e-01+5.25815537e-03j
5.16057407e-01-2.62931999e-03j
-1.16952099e-01-2.35126539e-02j
-8.09034797e-01-1.54796668e-02j
-9.15312613e-01+1.45489847e-02j
-3.35245851e-01+8.60507012e-03j
3.69439155e-01+4.72241202e-02j
5.15814075e-01+2.86494719e-03j
3.27943972e-02-4.26166931e-03j
-7.10545892e-01+1.75262091e-02j
-9.36548692e-01+3.36547335e-03j
-4.68411508e-01-2.78435043e-03j
2.68048830e-01-3.52947019e-03j
5.61279588e-01-1.68908523e-02j
1.15700487e-01+4.23806664e-02j
-5.88441024e-01-1.32208300e-02j
-9.32671691e-01+7.69704504e-03j
-5.96884310e-01-5.83969225e-02j
1.26187415e-01-1.14497489e-02j
5.87076075e-01-3.13659188e-02j
2.70868459e-01+1.17891195e-02j
-4.51944365e-01-1.40101530e-02j
-9.34375652e-01-1.26481520e-02j
-7.10165733e-01+1.35762570e-02j
-3.00017381e-02+4.13800666e-03j
5.43770008e-01+2.04753502e-03j
3.80582531e-01-3.62128085e-02j
-3.07479671e-01+2.91345939e-02j
-9.07975624e-01+2.06363473e-03j
-8.04676755e-01-2.64476040e-03j
-1.64099915e-01+1.88424495e-02j
4.34112827e-01-2.41702143e-02j
4.42306174e-01-2.30464553e-02j
-1.72592285e-01+1.85861844e-02j
-8.11639792e-01+3.44361662e-02j
-9.23128577e-01-9.16725431e-04j
-2.68230615e-01+2.14144638e-02j
4.17269716e-01+1.71690099e-02j
5.48477173e-01-1.24382760e-02j
-2.28010387e-02+1.61578855e-02j
-7.26838246e-01-1.44237867e-02j
-9.70555403e-01-2.79010017e-02j
-4.17419869e-01-4.15879153e-02j
3.31753480e-01-3.45242945e-02j
5.79835300e-01+1.32449736e-02j
1.25082823e-01-2.29949878e-02j
-6.39919858e-01-7.83643960e-03j
-9.57650547e-01-1.09837515e-02j
-6.08577044e-01+1.57096912e-02j
1.91156479e-01+1.43771209e-02j
5.75666399e-01+2.08816067e-02j
2.48822587e-01-1.80569895e-02j
-4.71991315e-01+2.81073549e-02j
-9.86779135e-01-6.93270078e-04j
-6.80055304e-01+1.73229505e-02j
3.15789976e-02+5.70408772e-03j
5.91034175e-01+3.31916024e-02j
3.45733746e-01-1.02442963e-03j
-3.37601154e-01-4.66042014e-03j
-9.03450553e-01+8.61908891e-03j
-7.70847363e-01+3.07254928e-02j
-5.43581686e-02-1.38621264e-02j
5.23755557e-01-1.85578412e-02j
4.65560254e-01+4.35959471e-03j
-2.03168459e-01-6.18926726e-04j
-8.76211104e-01+3.88900164e-02j
-8.37864893e-01-3.91236330e-04j
-2.58375764e-01+4.65675080e-02j
4.41443443e-01-1.54052822e-02j
5.50267081e-01+1.06143038e-02j
-5.37994506e-02+2.68816425e-03j
-7.96755809e-01-1.70144088e-02j
-9.23647794e-01+3.05546239e-02j
-4.41834175e-01+3.37504530e-02j
3.09913477e-01+2.80599836e-03j
5.71742058e-01+2.13032721e-02j
4.31391016e-02+7.60716408e-03j
-6.52808523e-01-1.74214305e-02j
-9.47187494e-01-2.17759049e-02j
-5.11377118e-01-6.92361282e-04j
2.45047045e-01-8.53884657e-03j
5.61646137e-01-1.24773253e-02j
2.30891476e-01+2.88443969e-02j
-5.50290969e-01+2.35643565e-02j
-9.29741511e-01-1.38469009e-02j
-6.72604672e-01+1.13373780e-02j
8.31154424e-02+5.65480201e-03j
5.40962156e-01-3.17698554e-02j
3.34330758e-01-2.61701894e-02j
-3.99584783e-01+4.04118305e-03j
-9.28439908e-01+2.02738014e-02j
-7.37693684e-01-1.54297031e-02j
-4.44602207e-02-2.56712681e-02j
5.57188012e-01+1.60817262e-02j
4.41290484e-01-8.67123124e-03j
-2.23289211e-01+5.13980544e-04j
-8.76269816e-01-9.33848162e-03j
-8.57626022e-01+2.44981409e-02j
-2.01240569e-01-3.42815774e-03j
4.47050629e-01-6.75794263e-03j
4.74851017e-01+2.05046719e-02j
-1.04151131e-01+2.86418495e-02j
-7.73955181e-01+3.49594280e-03j
-9.39774971e-01-5.93722584e-03j
-3.22113259e-01+7.22407746e-03j
3.64546724e-01+9.59641230e-04j
5.85255862e-01-8.28099799e-03j
5.32543734e-02+1.94913828e-02j
-6.56604616e-01+2.52843408e-02j
-9.64238333e-01-1.92332287e-02j
-4.99307259e-01+4.51950451e-02j
2.57083406e-01+1.87342824e-02j
5.55854721e-01-2.95735218e-02j
1.95165124e-01-2.95066034e-02j
-5.62039989e-01+8.05736225e-03j
-9.49406627e-01-1.06891343e-02j
-6.02873558e-01-1.94867260e-03j
1.56828405e-01+5.87246003e-03j
5.61256868e-01+7.84609395e-03j
2.63496444e-01+3.82353575e-02j
-4.48629799e-01+4.28741967e-02j
-9.50849215e-01+1.28244643e-02j
-6.93398975e-01+1.27924831e-02j
-1.93528499e-02+9.18305318e-03j
5.55840203e-01+5.77737821e-03j
4.05212139e-01+2.89827761e-03j
-2.89794685e-01+1.53152962e-02j
-8.74649261e-01+3.22111947e-02j
-8.39101584e-01-4.86827670e-03j
-1.59073502e-01+1.88286892e-02j
4.88206993e-01-6.24977557e-04j
4.50175656e-01+4.23003075e-03j
-1.37568087e-01+2.36016957e-03j
-8.27322345e-01-6.68066315e-03j
-8.83372545e-01-9.94173785e-03j
-2.68251898e-01-2.57946618e-02j
4.00227772e-01+1.00079987e-02j
5.38436721e-01+4.41080662e-03j
9.76926394e-03-3.21661707e-02j
-7.04006340e-01-3.91955047e-02j
-9.61980724e-01-8.47027739e-03j
-4.28696601e-01+1.78811852e-02j
2.83448344e-01-3.91824605e-02j
5.30854150e-01-1.70298870e-02j
9.65641812e-02+3.67049838e-02j
-6.14149009e-01-3.80203603e-03j
-9.44390718e-01+1.13876119e-02j
-5.94804717e-01-1.11427725e-02j
1.53308615e-01-4.78473352e-03j
5.86075217e-01+1.86791179e-03j
2.69182544e-01-8.26696363e-03j
-4.71225713e-01+2.15100939e-02j
-9.38708810e-01-3.84593416e-02j
-6.80733758e-01+3.32723791e-02j
1.91202645e-02-3.39521433e-02j
5.56541676e-01+2.36822573e-02j
3.36634853e-01+8.54332450e-03j
-3.28229113e-01+5.95470829e-04j
-8.89013826e-01+2.66429970e-02j
-8.17892079e-01+3.28753050e-02j
-1.49775084e-01-4.51081246e-02j
4.74793413e-01+1.70401330e-02j
4.95911807e-01-4.12237229e-02j
-1.72588643e-01-6.99874362e-03j
-8.15198534e-01-2.33225980e-02j
-8.94331646e-01-1.08219439e-02j
-2.50420215e-01+1.04964040e-03j
4.08193544e-01-3.20015990e-02j
5.48139215e-01+4.88044271e-03j
-1.11338258e-02+3.20040339e-03j
-7.93896382e-01+3.01884303e-02j
-9.05588584e-01-2.09638658e-02j
-4.23118162e-01-2.38270439e-02j
3.20813983e-01-1.71923454e-02j
5.46343322e-01-1.30810003e-02j
1.02945540e-01+2.81858022e-02j
-6.38095509e-01-1.76182802e-02j
-9.63530184e-01+9.29090819e-03j
-5.48662014e-01-1.52754961e-03j
2.26736114e-01-9.03750472e-04j
5.90207369e-01-3.08772874e-02j
2.36039362e-01-2.26110195e-02j
-4.99517610e-01-8.53173402e-03j
-9.79155488e-01-1.65435574e-02j
-6.55974970e-01-1.97959880e-02j
8.10920650e-02-1.94659043e-02j
5.55406018e-01-2.67718088e-02j
3.39894253e-01+1.21025105e-02j
-3.81433361e-01+4.21850730e-02j
-9.00410665e-01+2.55238344e-02j
-7.70088128e-01-1.67076874e-02j
-1.13175255e-01-1.81499849e-02j
5.43770099e-01+3.45381496e-03j
4.45894185e-01-2.50880094e-02j
-2.41409226e-01-7.47544543e-03j
-8.60246068e-01+1.99414002e-02j
-8.70888638e-01-8.50645555e-03j
-2.23571781e-01+2.57243577e-02j
4.64317476e-01+1.28736504e-02j
5.15978650e-01+2.76882762e-02j
-9.42546947e-02-3.44625447e-04j
-7.95519922e-01+1.26110670e-02j
-9.41209435e-01-1.15699968e-02j
-3.80613616e-01-2.67285016e-02j
3.38320574e-01-2.55829452e-03j
5.79338514e-01+7.35461894e-03j
6.51595665e-02-3.67513060e-02j
-6.65112395e-01+3.84631689e-02j
-9.51255469e-01+6.82398201e-04j
-5.08182783e-01-2.19379832e-03j
2.15541056e-01+1.99552183e-02j
6.01067455e-01-5.37442329e-04j
1.55240077e-01-4.55559345e-03j
-5.50234712e-01-2.82433618e-02j
-9.60766369e-01-1.98373792e-02j
-5.98462393e-01-1.84432203e-03j
1.27131430e-01+2.89067511e-03j
5.51247649e-01+1.43777546e-02j
3.34578019e-01-5.76110504e-03j
-4.26423759e-01+1.34442157e-02j
-9.50160311e-01-4.14991942e-03j
-6.99105650e-01+3.59313241e-02j
-3.92889039e-02+2.29882425e-02j
5.46826133e-01+3.04382952e-02j
3.90693052e-01-6.85935284e-04j
-2.79717533e-01+9.50801467e-03j
-9.22160111e-01+2.85112807e-02j
-8.14030792e-01+1.47504464e-02j
-1.77716757e-01+2.42312559e-03j
4.51641335e-01+2.49368568e-02j
5.03602048e-01+2.32858017e-02j
-1.30619324e-01-2.47454133e-02j
-7.82851704e-01-5.01212544e-03j
-9.06764455e-01-1.13017883e-02j
-3.07969457e-01+3.18440716e-03j
4.10878224e-01+1.20502364e-02j
5.32180887e-01+1.59103297e-03j
-5.46410714e-03+1.57970329e-02j
-7.28751028e-01-8.81403396e-03j
-9.38726915e-01+4.92924302e-03j
-4.67596148e-01+3.10486764e-04j
2.42543309e-01+1.81867056e-02j
5.65687510e-01-5.17564919e-03j
1.59293979e-01-2.91943050e-02j
-5.79273870e-01+8.84465041e-03j
-9.78471843e-01-4.20003951e-02j
-5.91536242e-01-1.82164956e-02j
1.33072377e-01-1.01452747e-03j
6.06466129e-01-1.06345530e-02j
2.95325167e-01-8.51378317e-03j
-5.07175492e-01+9.41845103e-03j
-9.57021826e-01-2.70061352e-03j
-7.18230778e-01-2.84016653e-02j
2.34748306e-02-3.09694752e-02j
5.18883049e-01-2.27789487e-02j
4.05756806e-01-1.37618217e-02j
-2.98792000e-01+1.45383153e-03j
-8.99909475e-01-9.42503964e-03j
-8.20875187e-01-8.99621327e-03j
-1.30318144e-01+5.45937558e-03j
5.12601756e-01-9.13471894e-03j
4.88536577e-01+1.71469495e-02j
-1.76944263e-01+2.94714277e-02j
-8.28140433e-01-6.49430835e-03j
-8.90372410e-01+6.77181160e-02j
-3.11204411e-01-2.34215421e-02j
4.11927021e-01-1.30582065e-02j
5.20523089e-01-1.37134269e-02j
-5.83189427e-03+4.86025670e-02j
-7.68058741e-01-1.58537865e-02j
-9.49347362e-01-7.44094238e-03j
-4.26715984e-01+1.62953012e-02j
2.98264331e-01+1.35896713e-02j
5.95546614e-01+1.85685851e-02j
1.12606279e-01+5.57912576e-03j
-6.38020470e-01+2.23839203e-02j
-9.01256050e-01+1.65233205e-02j
-5.60412466e-01-2.67167029e-02j
1.95210766e-01+1.02559729e-02j
5.88420739e-01+1.38907999e-03j
2.53402390e-01-1.84828589e-02j
-4.99320106e-01-3.02902014e-02j
-9.22684695e-01+1.59980526e-04j
-6.82391285e-01+3.00658011e-02j
3.47880016e-02-1.00670857e-02j
5.47178777e-01+8.01842001e-03j
3.65329803e-01+4.60662067e-03j
-3.71356783e-01-1.37672842e-02j
-8.99017472e-01+2.38618303e-02j
-7.65993322e-01-4.89508761e-03j
-1.00978647e-01-2.55995723e-02j
4.85827024e-01+3.92565143e-03j
4.72624376e-01+1.22525650e-02j
-2.15922842e-01-1.31865129e-03j
-8.77837353e-01+3.25905523e-02j
-8.79570642e-01-1.39473863e-02j
-2.60124989e-01-2.59057568e-02j
4.26091360e-01-1.99698889e-02j
5.25294936e-01-9.16647678e-03j
-5.96621711e-02-2.79719078e-03j
-7.50757097e-01+2.38833805e-02j
-8.91825084e-01-2.17001481e-03j
-3.49813718e-01+4.17381954e-02j
3.14957695e-01-2.33073260e-02j
5.69109976e-01-3.77948407e-02j
7.66547786e-02-2.06148364e-02j
-6.43500306e-01-1.06789778e-02j
-9.44435328e-01+1.54095494e-03j
-5.13151792e-01-2.30522595e-02j
2.31470694e-01-2.69862209e-02j
5.88691102e-01+5.29039019e-03j
1.80316326e-01-2.49734487e-02j
-5.53091274e-01-1.06822586e-02j
-9.77437249e-01+2.49398526e-02j
-6.62224471e-01+1.29532527e-02j
6.29407940e-02+2.42308025e-02j
5.75011318e-01+1.25328179e-02j
3.04471548e-01-2.53849627e-02j
-4.03936312e-01+1.65326257e-02j
-9.15595682e-01-2.57290337e-02j
-7.45269697e-01+1.44526057e-02j
-4.04739756e-02+1.39694011e-02j
5.21406238e-01-6.08871828e-03j
4.26159487e-01-3.06691291e-02j
-2.60323487e-01-2.10185510e-02j
-8.74026199e-01+2.78042681e-02j
-8.16892014e-01-1.10806832e-02j
-1.70814231e-01-2.15933927e-02j
4.54601598e-01-1.67447753e-02j
4.84909717e-01-3.46915671e-03j
-1.12944140e-01+1.87829281e-02j
-7.95783127e-01-6.22691950e-04j
-8.98943246e-01+1.66014246e-02j
-3.26315010e-01-2.03571763e-02j
3.72608884e-01+6.73546809e-03j
5.29371828e-01-1.53961174e-02j
2.85588426e-02-3.42747765e-02j
-7.13890803e-01+3.22010105e-02j
-9.09139560e-01+2.03231593e-02j
-4.76099141e-01-7.92686920e-03j
2.51960882e-01+3.17949736e-02j
5.71409071e-01-5.88139344e-02j
1.87990630e-01+2.68002979e-03j
-5.55822135e-01-1.90717410e-02j
-9.44775477e-01+1.74772370e-02j
-5.99348917e-01-1.05095289e-02j
1.44052530e-01-7.08399489e-03j
5.37266216e-01-4.65826991e-03j
2.79225973e-01+9.03336050e-04j
-4.44016860e-01+2.74915149e-02j
-8.95045248e-01-1.32727779e-02j
-7.16957238e-01+2.45612922e-03j
-1.21468661e-02+6.79047795e-03j
5.28398292e-01+1.59397030e-02j
3.90987203e-01-1.40331883e-02j
-3.51479493e-01-2.14296457e-02j
-8.90784142e-01+2.46714774e-02j
-8.00799851e-01+3.05049359e-03j
-1.45477493e-01-3.63319549e-03j
5.15375390e-01+7.63395200e-03j
4.62880859e-01+2.47271185e-03j
-1.48263978e-01-9.19044255e-03j
-8.32970357e-01+1.47588687e-02j
-8.77572110e-01+8.79695283e-03j
-3.12058962e-01+1.21491938e-02j
3.79128792e-01-3.26396419e-02j
5.17644991e-01-5.93975769e-02j
-1.97061316e-03+4.46059091e-02j
-7.40482072e-01-8.86717178e-03j
-9.55582597e-01-6.39886949e-03j
-4.57017900e-01-5.44059102e-03j
2.85394720e-01-4.96469115e-03j
5.74507579e-01+8.85578727e-03j
1.40202186e-01-2.52650602e-03j
-6.09606836e-01-6.96289513e-03j
-9.33571783e-01+1.65039139e-02j
-6.09568117e-01-5.70199855e-04j
1.45541136e-01-2.01122743e-02j
5.94121190e-01-3.98372319e-02j
2.58102715e-01-1.04637557e-03j
-4.59637720e-01+2.47800809e-03j
-9.17065139e-01-1.11886806e-02j
-6.84086240e-01-3.93382495e-03j
2.72705146e-02+1.35253858e-02j
5.37661350e-01+1.95312961e-03j
3.68752163e-01+2.78551873e-02j
-3.47523136e-01-9.46450126e-04j
-9.01538963e-01+1.64693043e-02j
-7.94460743e-01-3.41710418e-02j
-1.28560746e-01-1.10313702e-02j
4.69253411e-01+1.41603569e-02j
4.59788905e-01-2.51115654e-02j
-1.95589708e-01-2.95356186e-02j
-8.29083346e-01-1.97445046e-02j
-8.72114090e-01-4.11608061e-02j
-2.82313232e-01-2.04291700e-02j
4.17045449e-01+1.72210389e-02j
5.47251757e-01+3.44302182e-03j
-1.81785138e-02+3.08618726e-02j
-7.79935096e-01+8.12332433e-03j
-9.19090429e-01+3.02984057e-02j
-4.27900682e-01-1.75022510e-03j
3.26797420e-01+2.14046178e-02j
5.77323323e-01-1.55733448e-03j
7.13371068e-02+2.14478687e-03j
-6.52118243e-01+9.59373165e-03j
-9.71259407e-01-3.63457591e-02j
-5.58043380e-01+2.89390307e-03j
1.66876730e-01+8.79689535e-03j
6.06533043e-01-1.82871939e-02j
2.38140843e-01+6.89684632e-03j
-5.10488423e-01+1.85462024e-02j
-9.62289673e-01-5.94957725e-02j
-6.92019592e-01-1.18007448e-02j
6.93536816e-02-2.38057686e-02j
5.53154626e-01+2.39193145e-02j
3.22714946e-01-3.22225007e-02j
-4.02128851e-01-4.87308817e-02j
-8.79639684e-01-5.44194526e-03j
-7.78096495e-01-2.66234979e-02j
-6.87883590e-02-2.75743848e-02j
5.16521364e-01-3.33568168e-02j
4.44660015e-01+6.40936450e-02j
-2.38290807e-01-4.75839200e-02j
-8.70551827e-01+7.56334096e-03j
-8.52689300e-01+3.12616224e-03j
-2.27007903e-01+1.15285321e-02j
4.25437199e-01-1.11440984e-02j
4.95073813e-01+1.70056227e-02j
-1.17878190e-01-2.64171490e-02j
-8.04458537e-01+3.18687747e-02j
-9.16218164e-01-7.94166263e-03j
-3.36583073e-01+2.88093332e-02j
3.68726309e-01-9.84786090e-03j
5.54149659e-01-8.60008095e-04j
7.23952324e-02-4.71976031e-02j
-6.71518666e-01+2.10474162e-02j
-9.51739324e-01-6.75315389e-03j
-4.65845117e-01+3.39278644e-02j
2.46869052e-01-1.78556080e-02j
5.51976584e-01-6.36720121e-04j
1.92316177e-01+4.69122540e-02j
-5.32324979e-01+2.64403242e-03j
-9.33010529e-01-2.99916994e-03j
-6.61612825e-01+4.98462717e-03j
1.02249513e-01-8.49934318e-03j
5.76634949e-01-1.67219988e-02j
3.68359102e-01-4.49352116e-03j
-4.19244414e-01+1.98037534e-02j
-9.46525243e-01+8.33484546e-03j
-7.28166192e-01+1.61651636e-02j
-5.15304843e-02+2.22943635e-03j
5.37804110e-01-3.72301188e-02j
3.91671229e-01-9.16122331e-03j
-2.65634255e-01-3.71559647e-02j
-8.67004814e-01-2.35736306e-02j
-7.86100999e-01+1.67338328e-02j
-1.73292430e-01+2.16078750e-03j
4.84241285e-01+3.70618742e-03j
4.77804853e-01-1.73709771e-03j
-8.97589226e-02+2.53494147e-02j
-8.14990197e-01-2.78052169e-03j
-8.91917080e-01-1.36886502e-02j
-3.35979813e-01-1.39919408e-02j
3.80613936e-01+2.97949464e-02j
5.23288630e-01-2.11866371e-02j
-9.02889099e-03-1.81222013e-02j
-6.78522613e-01+6.79343117e-03j
-9.82011609e-01+2.65660176e-02j
-4.48241035e-01-1.50621575e-02j
2.76146560e-01-2.80394492e-02j
5.86471295e-01-1.06172822e-02j
1.56916196e-01+1.47645087e-02j
-5.66334361e-01+2.11890071e-02j
-9.51209881e-01+1.33790500e-02j
-6.00674716e-01+7.31928167e-03j
1.79880563e-01+2.37158667e-02j
5.77866156e-01+4.87739268e-03j
2.83471425e-01-1.04674267e-02j
-4.42415348e-01+1.20852358e-02j
-9.63434360e-01-1.73393424e-02j
-7.04591456e-01+2.46290581e-02j
2.58547243e-03-3.70377139e-03j
5.54789153e-01-2.20255297e-03j
3.62638052e-01-3.90679112e-02j
-3.23286245e-01-3.39269749e-02j
-8.85845868e-01-1.18851928e-02j
-8.28479378e-01-2.52733387e-02j
-1.57308889e-01-7.11571148e-03j
4.82584055e-01-1.46833174e-02j
4.51378042e-01-9.56770069e-03j
-1.40340820e-01-1.15483916e-02j
-8.45130200e-01-1.03304450e-02j
-9.10143509e-01-4.05498564e-02j
-2.91715114e-01+3.86293837e-03j
4.26062774e-01+9.87695469e-03j
5.57626616e-01+2.96652007e-02j
-5.07886073e-02-3.02321478e-02j
-7.20078783e-01+2.10763009e-02j
-8.96131595e-01+1.34122110e-02j
-4.33923712e-01-2.39470774e-02j
2.94432739e-01+3.47331608e-02j
5.70479065e-01-4.40507924e-02j
9.87652065e-02-8.46559487e-03j
-6.30051387e-01+2.39457789e-03j
-9.47298123e-01-5.65140011e-04j
-5.68737615e-01+3.30156765e-02j
1.56307210e-01-9.03278878e-03j
5.69859332e-01-3.94717701e-02j
2.19495727e-01-4.01008799e-03j
-4.89827872e-01-9.77452485e-03j
-9.28812464e-01-1.60432734e-02j
-6.68809981e-01-2.34222787e-03j
6.24812274e-02+3.08209768e-03j
5.48795831e-01+1.05031263e-02j
3.66897133e-01+2.75671468e-03j
-3.45467061e-01-1.70638644e-02j
-9.07481924e-01-2.57294543e-02j
-8.17413597e-01+8.72624698e-03j
-8.61981086e-02-1.13909839e-02j
5.03930488e-01-5.50850770e-03j
4.18845937e-01+2.98171230e-02j
-2.34076952e-01-3.56915577e-02j
-8.53180404e-01+1.22517252e-02j
-8.49435279e-01+1.94351169e-02j
-2.35449071e-01-2.43180666e-02j
4.29412859e-01-3.12850996e-03j
5.14656470e-01+1.87576382e-02j
-7.59410135e-02-1.76144578e-03j
-7.54678427e-01-1.45037077e-02j
-9.00028477e-01-5.27596618e-03j
-3.78189132e-01-9.83926674e-03j
3.39632179e-01+2.11045100e-02j
5.34895902e-01-1.36572798e-02j
4.92687598e-02-8.60468115e-03j
-6.93002720e-01-2.08296657e-02j
-9.75487754e-01+3.60069234e-02j
-5.40113653e-01+1.86991308e-02j
2.36308806e-01+2.14601435e-02j
5.96277702e-01-2.39761292e-02j
1.76434797e-01+2.83890852e-02j
-5.32148457e-01-2.18071517e-02j
-9.59354595e-01-3.94560167e-02j
-6.28810084e-01-2.49056180e-02j
9.40953120e-02-2.88952719e-02j
5.44528337e-01-2.22911332e-03j
3.31325954e-01-1.85687265e-02j
-3.53691539e-01+4.20876543e-03j
-9.12404856e-01+1.15005544e-03j
-7.31697129e-01-5.05886916e-03j
-6.04829247e-02+1.47212577e-02j
5.64459315e-01-1.64734295e-02j
4.14719340e-01-3.01535776e-02j
-2.67137391e-01-1.05199552e-02j
-8.99656133e-01+5.30434133e-02j
-8.19579324e-01+1.29416316e-02j
-2.11262031e-01-2.03506207e-03j
4.63442442e-01-1.25474595e-02j
4.87249450e-01-1.93618068e-02j
-1.51005218e-01+2.01657589e-02j
-7.77129355e-01-2.52277603e-02j
-9.37053587e-01+2.89206170e-02j
-3.21097961e-01-5.19396511e-04j
3.65697812e-01-1.09712157e-02j
5.44810716e-01+7.12423713e-03j
7.87236323e-02+6.80249456e-03j
-7.13157386e-01-2.82176564e-02j
-9.37159996e-01-1.84648794e-02j
-4.97161962e-01-2.25673491e-02j
2.67691929e-01+1.70523016e-02j
5.99492179e-01-1.36528859e-02j
1.61684776e-01+9.04111286e-03j
-5.60811917e-01-3.18602233e-03j
-9.46541706e-01+3.61249968e-02j
-6.13372289e-01-3.55290207e-02j
1.40408790e-01-4.00028259e-02j
5.77444945e-01+1.04106928e-02j
2.82044320e-01+1.04809633e-02j
-4.02875784e-01-2.90861524e-02j
-9.24948709e-01-8.92047781e-03j
-7.26206488e-01-1.75387566e-02j
-6.58841742e-03+3.81853247e-02j
5.35581858e-01-8.57272156e-03j
4.25533186e-01+1.55620608e-02j
-3.12291452e-01+1.43303665e-03j
-9.26969555e-01-1.44022482e-02j
-8.27339780e-01+7.74832589e-03j
-1.62455227e-01+5.98297428e-03j
4.39918585e-01+6.03112978e-03j
4.65693530e-01+1.20845469e-02j
-1.57755627e-01+5.23929104e-03j
-8.30750269e-01+3.69218179e-02j
-9.18561936e-01+2.76283107e-03j
-3.01062864e-01+2.00112161e-02j
4.31322003e-01+2.73388678e-02j
5.58483684e-01+3.50504228e-02j
1.00873452e-02-2.78430195e-02j
-7.04287838e-01-2.23104172e-02j
-9.23320777e-01+1.88458566e-02j
-4.45277310e-01-9.36406430e-03j
3.14766801e-01+1.42485358e-02j
5.66160635e-01-1.03764206e-03j
1.20885932e-01-2.84304895e-03j
-6.06297160e-01-3.64429991e-03j
-9.67793291e-01+4.60820750e-03j
-5.91835922e-01-1.03507372e-02j
1.69851092e-01-2.14997943e-02j
5.95268707e-01-1.84537966e-03j
2.76003872e-01+1.91957497e-02j
-4.42461442e-01-8.35943953e-03j
-9.64145863e-01-4.84204538e-03j
-7.12813190e-01-4.36476673e-02j
8.03381761e-03-1.71385869e-02j
5.61635991e-01+1.53994766e-02j
3.63971492e-01-6.16266773e-02j
-3.39399687e-01+2.61523007e-02j
-9.13213537e-01+1.39226697e-02j
-7.73386456e-01+9.44824711e-03j
-1.37462494e-01-8.26460374e-03j
5.08043781e-01+5.67583087e-02j
4.65841950e-01-2.77026314e-02j
-2.14630925e-01-8.78198505e-03j
-8.42851694e-01+2.98074827e-02j
-8.45675439e-01-8.64954330e-03j
-2.57991824e-01+3.44499342e-02j
4.02177643e-01+1.21725588e-02j
5.21049727e-01+1.07123281e-02j
-3.90194244e-02+3.35243471e-03j
-7.41324107e-01-1.89324463e-02j
-9.41130322e-01+2.84805079e-02j
-4.08668024e-01-7.35454859e-02j
3.59924475e-01+2.83194190e-02j
5.41410940e-01-3.58748809e-02j
1.01517698e-01+9.29029189e-03j
-6.30794469e-01+7.07411731e-03j
-9.63744784e-01+4.73255018e-03j
-5.62316463e-01-1.02018485e-02j
2.11100096e-01+3.20362706e-02j
5.40276167e-01-4.37799542e-03j
1.77825023e-01-1.00517245e-02j
-5.44121870e-01+3.13318114e-02j
-9.67759257e-01-5.08574934e-03j
-6.57105994e-01-1.73414220e-02j
5.09842913e-02-2.70133434e-02j
5.47076805e-01-6.23063054e-03j
3.49342743e-01+1.25664282e-02j
-3.66427960e-01+1.47644693e-03j
-9.40638361e-01-3.58627055e-03j
-7.58005234e-01+3.78316121e-02j
-4.51068545e-02+7.23340538e-03j
5.24928445e-01-9.58282289e-03j
4.57524208e-01+1.45084034e-02j
-2.33292610e-01-7.37121643e-03j
-8.86734407e-01-2.78015608e-02j
-8.51331337e-01-5.01358328e-02j
-2.20503781e-01-3.17453139e-02j
4.67693023e-01-7.32836273e-03j
5.15069187e-01+1.48585901e-02j
-1.07344309e-01+3.36918081e-02j
-8.39988031e-01-3.94962250e-03j
-9.38644269e-01-5.22479159e-03j
-3.96397996e-01+3.80471072e-02j
3.37509697e-01+2.19041140e-04j
5.72385492e-01-2.62918044e-02j
3.39746579e-02-3.94333248e-03j
-6.59617295e-01+1.82929898e-02j
-8.97771407e-01+1.37797463e-02j
-5.35048034e-01+1.56216346e-02j
2.38239568e-01-1.87639999e-02j
5.57411836e-01-3.14270362e-02j
1.81892582e-01+2.26910758e-03j
-5.53123598e-01-2.35624996e-02j
-9.45599278e-01+3.33367517e-02j
-6.29202816e-01-5.07873076e-03j
7.64632905e-02-4.62416211e-02j
6.09915264e-01+3.36871188e-02j
2.94676268e-01+2.06418216e-02j
-4.28715757e-01+1.33598708e-02j
-9.30682034e-01+1.02299334e-02j
-7.34390282e-01+1.64865395e-02j
-1.64325097e-02+6.92005853e-03j
5.34594173e-01-3.11394337e-03j
3.96136571e-01-2.28959463e-03j
-2.77303104e-01+1.94102811e-02j
-8.77901308e-01-5.83836398e-03j
-8.62190941e-01-2.68135565e-02j
-1.90759934e-01-2.56822005e-03j
4.86177870e-01-1.93777202e-03j
4.84397509e-01+2.85033419e-03j
-1.33627619e-01-2.92512689e-02j
-7.71111402e-01+2.32335681e-02j
-9.18845080e-01-3.35810491e-02j
-3.02367588e-01+5.68469938e-03j
3.87082993e-01-2.15649410e-02j
5.66074150e-01-6.40015885e-03j
2.87875156e-02-2.79904977e-03j
-7.05109412e-01+2.21692120e-02j
-9.24247348e-01-7.63492298e-03j
-4.26240945e-01-5.17562239e-03j
2.98839431e-01-2.17638181e-02j
5.50197379e-01-2.70105848e-02j
1.62322216e-01-1.90984472e-03j
-5.92127232e-01-6.57574554e-03j
-9.30519125e-01-1.59865208e-02j
-5.92645274e-01+1.46996348e-02j
1.57544081e-01+1.27803558e-02j
5.42598436e-01-3.63148152e-02j
2.62344519e-01-1.01397216e-02j
-4.78263551e-01+2.12397817e-02j
-9.41761630e-01+1.95691359e-02j
-6.96034489e-01-1.78553359e-02j
1.42049952e-02-2.46623042e-02j
4.93522099e-01+1.33560557e-03j
3.72256384e-01+1.83796125e-02j
-3.45681928e-01-9.55032523e-03j
-8.77967262e-01+8.92618792e-04j
-8.14957832e-01-1.15507121e-02j
-1.30331519e-01-2.47609491e-03j
4.78554016e-01-3.39974009e-03j
4.65725072e-01+7.10349785e-03j
-1.87351807e-01+6.71613858e-03j
-8.29754084e-01+9.51899024e-03j
-8.98429238e-01-9.85019947e-04j
-2.75920252e-01-1.62075046e-03j
4.13324520e-01-3.15504769e-02j
5.39148762e-01+1.71366396e-02j
-3.62449738e-02-2.89223057e-02j
-7.47174100e-01-2.23745627e-02j
-9.29121282e-01-5.08553346e-03j
-4.03414251e-01-5.43259698e-02j
2.96099381e-01+1.99511780e-02j
5.50962740e-01-8.94832105e-03j
8.95972207e-02+1.77167608e-02j
-6.54848903e-01-1.90232017e-03j
-9.49383206e-01-1.11212639e-02j
-5.47748879e-01+2.12269404e-02j
1.65585812e-01+1.01469904e-02j
6.02056309e-01-1.13885673e-02j
2.41441687e-01-7.24358376e-03j
-5.11963352e-01-6.36087768e-03j
-9.47106139e-01-1.52211909e-02j
-6.86270303e-01+2.41332832e-02j
4.48264079e-02+3.93023663e-03j
5.56325471e-01-1.01604359e-02j
3.72277888e-01+2.74752136e-02j
-3.72168225e-01-1.99445252e-02j
-9.08777941e-01+1.07739866e-02j
-7.65438031e-01+4.81124603e-03j
-8.46321861e-02-3.07392999e-02j
4.85791817e-01-8.37812838e-04j
4.49687414e-01-1.05245088e-02j
-2.35217799e-01+4.88340742e-02j
-8.41829798e-01-3.81193833e-03j
-8.36131733e-01-2.69121439e-02j
-2.22572701e-01+3.48453218e-02j
4.25954018e-01+6.87541269e-03j
5.15959374e-01+2.40335719e-02j
-1.02496034e-01-2.03396624e-02j
-7.37653601e-01+4.22108801e-02j
-9.14656974e-01+3.47014480e-02j
-3.65757851e-01-3.24648620e-02j
3.24287559e-01-1.18987735e-02j
5.80600118e-01-3.32464562e-02j
1.01230129e-01+1.77633774e-03j
-6.50445834e-01-2.49233009e-03j
-9.70472047e-01+4.03795242e-02j
-5.18328869e-01+3.69621651e-02j
2.42879870e-01+2.27488785e-02j
5.73898984e-01-1.52735870e-02j
1.83207133e-01+2.63664923e-02j
-5.69895202e-01-1.82862332e-02j
-9.55305093e-01-1.73253049e-02j
-6.21124046e-01+2.09660129e-02j
1.21098075e-01+1.22183948e-02j
5.18232768e-01-2.92948409e-02j
3.15755426e-01-3.43453247e-02j
-3.81529689e-01-2.85963587e-02j
-9.34496294e-01-3.43357053e-02j
-7.42190217e-01-2.34692275e-02j
-8.21381598e-02+1.33031399e-02j
4.88816147e-01-1.25375945e-02j
3.88887535e-01+5.35094510e-02j
-2.30611241e-01+2.15349857e-02j
-8.34127673e-01-8.29857328e-04j
-8.54455685e-01+9.46535005e-04j
-2.01286089e-01-4.53927463e-02j
4.90456146e-01+8.67923263e-03j
5.01965637e-01-1.29939297e-02j
-1.27499711e-01+2.21000714e-02j
-8.01619352e-01-2.83955241e-02j
-9.26513683e-01+3.35321972e-02j
-3.33648868e-01-1.34132393e-02j
3.34319300e-01-1.96573112e-02j
5.29438975e-01+2.96071016e-02j
5.17007662e-02-2.57015132e-02j
-7.08023892e-01+2.66383914e-02j
-9.76640949e-01+3.03540799e-02j
-4.65678283e-01-4.12202692e-02j
2.84195688e-01-2.51002013e-02j
5.68391477e-01+1.36566888e-02j
1.41302698e-01+3.16336664e-02j
-5.66248842e-01+1.26073558e-02j
-9.51430555e-01+4.41913367e-03j
-6.17319517e-01+3.48970738e-02j
1.42902183e-01-1.90328934e-02j
5.96436755e-01+4.29332362e-03j
3.12559115e-01+2.44107470e-02j
-4.19977309e-01-2.42370440e-02j
-9.61688868e-01+3.13910845e-02j
-6.78557672e-01+8.30152966e-03j
1.09127235e-02-2.89961213e-02j
5.26790310e-01-2.53165490e-02j
3.56507199e-01-4.74131350e-02j
-3.02171226e-01-7.13457341e-03j
-8.71769977e-01+4.88251920e-02j
-7.85931709e-01-3.38818465e-02j
-1.49022215e-01+2.36762696e-02j
5.16969760e-01-5.20145474e-03j
4.75309790e-01-1.87832788e-02j
-1.51803612e-01+2.14481245e-02j
-8.06362552e-01+1.48750174e-02j
-8.90074975e-01-1.10176367e-03j
-3.32999062e-01-1.80398052e-02j
4.02619337e-01-1.24717453e-02j
5.33430053e-01-8.96198154e-03j
1.21838844e-02-2.76248841e-02j
-7.34394297e-01-6.01576615e-03j
-9.23411202e-01+1.42280768e-04j
-4.62481472e-01-1.49385343e-02j
2.82152234e-01+3.06735829e-02j
5.66516775e-01-4.67757617e-03j
1.22363457e-01+6.44843325e-03j
-6.21973470e-01+7.38519676e-03j
-9.33076997e-01-7.32778034e-03j
-5.91751356e-01-4.86392769e-03j
1.67940077e-01+3.42654501e-02j
5.41748414e-01-5.48338184e-03j
2.53702627e-01-1.78091312e-02j
-4.91524779e-01+9.66521045e-03j
-9.44698590e-01+6.61366263e-03j
-7.20140485e-01+3.12813970e-02j
6.12521113e-02-2.59481873e-03j
6.08086694e-01+2.53640200e-02j
3.56756400e-01-1.91426333e-02j
-3.65869443e-01+8.15230193e-03j
-8.78986831e-01-2.30306209e-02j
-8.46885674e-01+3.12740796e-02j
-1.15214049e-01+1.09253726e-02j
5.06575514e-01+2.02179084e-02j
4.72084268e-01-1.61974716e-02j
-2.36052482e-01+1.27705199e-02j
-8.53843252e-01+8.40934905e-03j
-8.75839008e-01-3.61905961e-02j
-2.49015195e-01-3.94084784e-02j
4.20816887e-01-1.12546951e-02j
4.87395041e-01-1.64251474e-02j
-3.16956444e-02+4.91319257e-03j
-7.91650397e-01-4.75171277e-03j
-8.91590887e-01-8.71009037e-04j
-3.56994108e-01+2.79711204e-03j
2.87515343e-01+5.35808338e-03j
5.85205114e-01-9.55266956e-03j
9.78411440e-02+1.83432595e-02j
-6.57557270e-01-1.32415927e-02j
-9.21204521e-01+6.60773234e-03j
-5.21996909e-01-2.27505216e-02j
2.34388358e-01+1.16469292e-03j
5.77143582e-01+2.80904897e-02j
2.16066407e-01-2.48472348e-02j
-4.85132344e-01+4.95491473e-03j
-9.55003638e-01-2.71498746e-02j
-6.18194569e-01-2.24832277e-02j
9.57860700e-02-1.37068650e-02j
5.40105140e-01-2.22000628e-02j
3.41419322e-01-1.69616701e-02j
-3.87916605e-01-3.79807495e-02j
-9.40259175e-01-2.63403418e-02j
-7.52649584e-01-8.11241492e-03j
-7.56652555e-02+6.67227914e-03j
5.10180303e-01+9.55622355e-03j
4.43235485e-01+8.65393110e-03j
-2.69516706e-01+1.88850478e-02j
-8.74992019e-01-1.31333589e-02j
-8.58251404e-01+3.22083131e-02j
-1.78767899e-01-2.79175922e-02j
4.75693694e-01-1.20310956e-02j
5.12484456e-01+2.28970580e-02j
-5.98233279e-02-1.07819065e-02j
-7.98352091e-01+4.11643588e-02j
-8.89161956e-01+2.81796214e-02j
-3.71949735e-01-7.89276004e-03j
3.70231282e-01-2.39773667e-02j
5.27262631e-01-2.95351889e-03j
6.15054013e-02-7.16783941e-03j
-6.64051621e-01-2.20778124e-02j
-9.65939335e-01+1.17047991e-02j
-5.07204090e-01-2.36035297e-02j
2.56611124e-01+9.68493366e-03j
5.61125089e-01-2.74459517e-02j
1.59583044e-01+1.43092480e-02j
-5.33042598e-01+4.00315397e-02j
-9.59081468e-01+4.38144397e-02j
-6.15664572e-01+2.34905789e-02j
1.24708876e-01-1.46228269e-02j
5.62184474e-01-3.05390358e-02j
3.04892816e-01-1.90319591e-02j
-4.28961395e-01+6.39298373e-03j
-9.09263352e-01+3.12616209e-03j
-7.07134107e-01-2.93607545e-03j
-5.91526212e-02+2.75098297e-02j
5.26015430e-01-8.36342254e-03j
3.96161031e-01-2.48493197e-02j
-2.84609541e-01+2.46207082e-02j
-8.86538657e-01-1.96759680e-02j
-8.11416682e-01-2.09676236e-02j
-1.31919772e-01+1.12019634e-02j
4.62762299e-01-4.81434680e-03j
4.98302715e-01+2.08543148e-02j
-1.83146970e-01+2.01254469e-02j
-8.29700293e-01+2.29150036e-02j
-8.90395270e-01-1.89833500e-02j
-3.43730127e-01-3.29922407e-02j
3.76677034e-01+5.89117482e-03j
5.23183832e-01-4.19191814e-03j
-3.91331611e-02+3.73773391e-03j
-7.08085124e-01+5.32823798e-03j
-9.89209772e-01+9.09927109e-03j
-4.52459931e-01-1.37858257e-02j
2.76617031e-01+2.34522429e-03j
5.83759319e-01+1.74410396e-02j
1.72349233e-01-2.56742777e-02j
-5.85072102e-01+5.44447723e-03j
-9.64811714e-01+1.29091901e-03j
-5.89947761e-01+1.42574399e-02j
2.16408072e-01+1.72198742e-02j
5.68660882e-01+3.45781624e-02j
2.77002080e-01-7.80479180e-03j
-4.60412509e-01-1.24644117e-03j
-9.46145108e-01+1.63995299e-02j
-7.20992473e-01-5.34144813e-03j
3.63464285e-02+3.90611160e-02j
5.01682429e-01+1.12641335e-02j
3.85555846e-01-2.87813867e-02j
-3.43575684e-01+3.56496981e-02j
-9.06302187e-01-2.19188061e-02j
-8.22391523e-01+3.55460366e-02j
-1.26277106e-01-1.42311015e-02j
4.76104947e-01-7.97295975e-03j
4.97659326e-01+3.97292493e-02j
-1.96461884e-01+3.12190619e-03j
-8.42094322e-01+1.67353598e-04j
-8.52786021e-01+3.41487665e-02j
-2.47300761e-01-9.08173018e-03j
3.96757673e-01-6.14142165e-03j
5.06378960e-01-2.18882883e-02j
-7.40648515e-02-4.84407430e-03j
-7.42086370e-01-9.78173881e-03j
-9.58251533e-01+5.28096217e-04j
-4.06553675e-01-2.21622554e-02j
2.85779832e-01+2.31607834e-02j
5.59511165e-01-1.39765022e-03j
1.04728372e-01-5.14944541e-03j
-6.64314746e-01-3.53793457e-03j
-9.42409495e-01-1.36122803e-02j
-5.34787455e-01+4.31065128e-02j
1.55071339e-01+3.56135821e-02j
6.33600266e-01-8.70238228e-03j
2.73435489e-01-1.11839440e-03j
-5.50213938e-01-2.46813707e-02j
-9.58301753e-01-5.45744593e-03j
-6.87279698e-01+2.77812276e-03j
6.43376320e-02+8.79389544e-03j
5.58903353e-01-5.03585489e-03j
3.62321604e-01+5.46567383e-04j
-3.63037680e-01+1.40653623e-02j
-9.33054599e-01+2.80556868e-02j
-7.86106742e-01-5.40695955e-03j
-6.39291440e-02+3.86783408e-02j
5.20790608e-01-6.69903057e-03j
4.53648708e-01-2.27171381e-02j
-2.38613226e-01-1.02928093e-03j
-8.55437550e-01+1.46894797e-02j
-8.76582684e-01+6.77409755e-03j
-2.34816404e-01+2.99017684e-02j
4.62522418e-01-1.23834096e-02j
5.19701705e-01+1.05946543e-02j
-2.27768913e-02-7.03591816e-03j
-7.50686581e-01+8.99514178e-03j
-9.56439521e-01+2.32595777e-02j
-4.08102806e-01-1.42552065e-02j
3.64537996e-01+2.71620409e-02j
5.86673011e-01+2.79507938e-02j
3.89896514e-02-3.73983014e-04j
-6.54748858e-01-3.04037062e-03j
-9.60549169e-01-4.70581871e-03j
-5.38099182e-01+2.74529587e-02j
2.26235075e-01+1.36807607e-02j
6.13596089e-01+6.53598171e-02j
1.86697597e-01+2.58480144e-02j
-5.46290473e-01-1.27754995e-02j
-9.58819465e-01+1.54076661e-02j
-6.06321736e-01-2.73363508e-03j
9.10747226e-02+3.49207694e-02j
5.55906783e-01-3.02375843e-02j
2.99661681e-01+2.24840939e-02j
-4.17866707e-01+9.03390475e-03j
-9.10016780e-01-1.52954651e-02j
-7.40178032e-01+1.58415635e-02j
-4.48196713e-02+5.49756388e-03j
5.46480970e-01+6.92702925e-03j
4.14303683e-01-6.28527616e-02j
-2.23696577e-01-5.69059150e-03j
-8.66643005e-01+2.94946682e-02j
-8.51296397e-01+2.17174879e-03j
-2.33462576e-01+4.51835304e-03j
4.40087221e-01-3.95372975e-02j
5.18841849e-01+1.08293921e-02j
-1.16379062e-01+7.95444872e-03j
-7.85305248e-01-1.25995660e-02j
-8.92071625e-01+7.74884915e-03j
-3.46068061e-01+2.55328177e-02j
3.73557379e-01+4.01350974e-03j
5.32520126e-01+1.02344324e-02j
4.37195505e-02-3.94812749e-03j
-6.66240515e-01+7.33149911e-03j
-8.75033266e-01+2.70871601e-02j
-4.77589065e-01-2.92939740e-02j
2.67409788e-01+2.34933183e-02j
5.70736442e-01-2.57055300e-02j
1.68909711e-01+2.23536596e-03j
-5.93212485e-01-3.27264888e-02j
-9.63078265e-01-1.54128250e-02j
-6.15864451e-01+1.60040582e-02j
1.52858269e-01-3.09093580e-02j
5.73146283e-01+3.19163616e-02j
2.54077202e-01-4.14098913e-04j
-4.20707881e-01+3.27534038e-02j
-9.31892152e-01-1.42104256e-02j
-7.47752891e-01+2.07264725e-02j
6.05282344e-02-1.09575172e-02j
5.40086530e-01+5.41868531e-04j
3.88463219e-01-2.68202184e-02j
-2.94281547e-01+5.90810825e-03j
-8.57571455e-01-1.59188631e-02j
-8.19122976e-01-1.12924478e-02j
-1.80777677e-01+1.93573856e-02j
4.55320358e-01-5.75346753e-03j
4.73441689e-01+4.53152873e-02j
-1.39477558e-01-1.32912173e-02j
-8.41651224e-01-2.40768025e-03j
-8.82608350e-01-1.23581735e-02j
-2.91291255e-01-1.58813956e-02j
3.63309789e-01+4.12909827e-02j
5.39187740e-01+1.81415893e-02j
-1.58903307e-02+1.63929868e-02j
-7.07325679e-01+2.49587867e-02j
-9.29374050e-01+3.90397997e-02j
-4.20071492e-01-2.97633019e-03j
3.13640432e-01-1.84011365e-03j
5.58750109e-01-2.04446359e-02j
1.32012068e-01+2.48071496e-03j
-5.89291431e-01+2.81317490e-02j
-9.41580494e-01+2.49791348e-03j
-5.81934872e-01+1.45739866e-02j
2.02966568e-01-1.09331957e-02j
5.96230861e-01+2.90252018e-03j
2.66936536e-01-4.24216446e-03j
-4.80077979e-01-3.47871959e-02j
-9.43081016e-01-1.58952217e-02j
-7.06744413e-01-1.58207144e-02j
3.62110640e-02+3.63221875e-02j
5.41915180e-01-5.95843794e-03j
3.78891080e-01+2.06677032e-02j
-3.52574174e-01-3.28012724e-02j
-9.42117216e-01+3.10941423e-02j
-8.05015377e-01-1.96473767e-03j
-1.15304099e-01+3.39346719e-02j
5.15516615e-01+1.62941664e-02j
4.45182130e-01+2.07558194e-02j
-1.96523704e-01+1.33243024e-02j
-8.50988645e-01-5.00803646e-03j
-8.78820912e-01+2.22737134e-02j
-2.51884843e-01-2.34146112e-02j
3.99378893e-01+1.04724925e-02j
4.90930773e-01+4.95033125e-03j
-2.64138639e-02+1.59775916e-02j
-7.89233213e-01-3.89257031e-03j
-9.02307703e-01-3.40532885e-03j
-4.34149942e-01-1.62023950e-02j
3.17719026e-01+6.88730954e-03j
5.69513184e-01+5.05435845e-03j
1.14646606e-01+1.26151003e-02j
-6.26343918e-01+1.67991020e-02j
-9.44155142e-01+4.39607479e-03j
-5.19323329e-01+1.52652253e-02j
2.00336165e-01+2.38642380e-02j
5.65529189e-01+1.10883561e-05j
2.23745876e-01+2.65534073e-02j
-5.12885757e-01-1.38820874e-02j
-9.31116901e-01-1.22170424e-02j
-6.63259495e-01+9.64551464e-03j
5.97308858e-02+2.72802445e-02j
5.73046266e-01+3.05708929e-02j
3.28924324e-01+2.23577920e-02j
-3.96619029e-01+1.62407677e-02j
-9.86177544e-01+1.31920243e-02j
-7.88020959e-01-2.86958527e-02j
-5.49471772e-02-5.38538228e-02j
5.05296357e-01-7.37498604e-03j
4.16615844e-01+1.28291984e-02j
-2.43334838e-01+4.93209527e-03j
-8.63901991e-01-7.56859070e-03j
-8.35157633e-01-2.79187977e-03j
-2.09891672e-01+2.59106882e-02j
5.08794782e-01+2.77579818e-02j
5.33530254e-01-8.95375493e-03j
-1.07742918e-01+4.43209592e-02j
-8.13954013e-01-8.69394542e-03j
-9.21967859e-01-2.49275030e-02j
-3.85481570e-01-2.26639390e-02j
3.39767541e-01+8.58778434e-03j
5.58560193e-01-1.95148946e-03j
4.16227433e-02+1.33134626e-02j
-6.66645000e-01-6.50296035e-03j
-9.50330249e-01+3.07589821e-02j
-4.98725841e-01+2.70350538e-02j
2.18744825e-01-1.92604888e-02j
5.73658442e-01+6.43926729e-03j
1.66439319e-01-1.44494719e-02j
-5.62813615e-01+1.65360590e-02j
-9.21694470e-01+8.49218434e-03j
-6.38189966e-01+1.10426633e-02j
1.02637905e-01+3.57225003e-03j
5.84547685e-01+1.71419534e-02j
2.84914131e-01+1.27665628e-02j
-4.19847952e-01+1.78211796e-02j
-9.49178571e-01+8.67773768e-03j
-7.56770193e-01-2.55007658e-03j
-1.34538772e-02+1.38030368e-02j
4.82257529e-01+2.84075054e-02j
3.84488569e-01+1.59129247e-02j
-2.74980200e-01+2.76853135e-02j
-8.78507549e-01+3.91204673e-03j
-8.52466737e-01+1.69046431e-02j
-1.81800342e-01-7.24662454e-03j
4.70384789e-01+3.17706825e-03j
4.28869217e-01-5.96637698e-03j
-1.02478676e-01-7.79893595e-03j
-8.02244166e-01+3.18348762e-02j
-8.74514619e-01-6.07831964e-03j
-3.06240178e-01-1.68969038e-02j
3.97559128e-01+3.27415382e-02j
5.38717124e-01-8.94924245e-03j
-1.24497629e-02-3.19925124e-04j
-7.27509882e-01-3.56510670e-03j
-9.37947911e-01+1.22240357e-02j
-4.54897226e-01-1.57785234e-02j
2.87527452e-01+1.23546054e-02j
5.82797073e-01-3.25799960e-02j
1.70258567e-01+1.73351962e-02j
-5.90785710e-01-1.61605271e-02j
-9.72686134e-01-1.18184996e-03j
-5.48964432e-01+1.24633515e-02j
1.51679745e-01-8.66986619e-03j
5.71346445e-01-3.16315412e-02j
2.62811325e-01+3.31975019e-02j
-4.37426364e-01-3.00563571e-03j
-9.57326031e-01-1.14497916e-02j
-6.67905186e-01-1.53869792e-02j
2.14399891e-02+1.32575782e-02j
5.27515420e-01-6.43779928e-03j
3.66821009e-01-6.03538543e-03j
-2.95590313e-01+6.16021599e-03j
-9.24120619e-01+1.60596117e-02j
-7.87880998e-01+3.51113918e-02j
-1.23477149e-01-3.89239209e-02j
4.70923287e-01-1.48243258e-02j
4.47626278e-01+1.41918779e-02j
-2.04010875e-01+2.32206096e-02j
-8.04032034e-01-8.51973712e-03j
-8.74621930e-01-2.56467999e-04j
-2.86988264e-01+3.50279198e-02j
4.12892889e-01-1.78263763e-02j
4.92319100e-01+1.80304763e-02j
-4.81505515e-02+7.83780536e-04j
-7.22804984e-01-1.86497180e-02j
-8.82145487e-01-1.90799480e-02j
-4.24896453e-01+3.99027696e-02j
2.93185851e-01-7.14659433e-03j
5.67632801e-01-3.68855406e-02j
1.16037031e-01+1.21839191e-02j
-5.79119159e-01+5.82986613e-03j
-9.59452942e-01-2.71724000e-02j
-5.29635180e-01+7.77758126e-03j
1.97260399e-01+2.75956590e-02j
6.02084040e-01+1.17130129e-02j
2.61481136e-01-7.51683143e-03j
-4.95211312e-01-8.50768174e-05j
-9.45218469e-01-2.38965555e-02j
-6.60671642e-01-1.00844612e-03j
5.49203325e-02-2.36061912e-02j
5.53434237e-01+2.04259162e-02j
3.21314601e-01+3.75705769e-03j
-3.61580010e-01+1.59960742e-02j
-8.93059144e-01-2.45208123e-02j
-8.11674700e-01-1.51051971e-02j
-7.37066295e-02+4.14244830e-03j
4.92669895e-01-3.21077519e-02j
4.41289598e-01+2.15759897e-02j
-2.37619240e-01+2.60933681e-03j
-8.08315775e-01-2.14077739e-02j
-8.31560835e-01-6.48284876e-03j
-2.22496254e-01+8.95940914e-03j
4.44239871e-01-1.14447097e-02j
5.12413527e-01+2.11938699e-02j
-6.48583052e-02-1.09414693e-02j
-7.98769134e-01+5.83256539e-03j
-9.26584120e-01+2.00442311e-03j
-3.67299985e-01-1.86398658e-02j
3.34456147e-01-1.16699335e-02j
5.61543599e-01-2.93225596e-02j
9.03412742e-02+1.97899568e-04j
-6.49482734e-01+4.20264150e-03j
-9.27843816e-01+2.52201729e-02j
-4.90066201e-01+5.29015324e-03j
2.11815835e-01+9.19769955e-03j
6.07791250e-01+1.45807952e-02j
1.93551654e-01-8.55250346e-03j
-5.49477939e-01+3.93037161e-02j
-9.66719160e-01+8.09848023e-03j
-6.34773440e-01-1.59586484e-03j
8.93362274e-02+5.87094758e-03j
5.68949744e-01-7.43301896e-03j
3.27249208e-01+1.01403954e-03j
-4.18769167e-01-1.88428910e-02j
-9.13563409e-01+3.47503267e-02j
-7.47788277e-01-1.12702166e-03j
-2.02047418e-02+2.03661069e-03j
5.37005767e-01+2.47519898e-02j
4.35350554e-01+1.55154361e-02j
-2.63617672e-01+1.41694246e-02j
-9.00473416e-01-3.29162486e-02j
-8.03424068e-01-3.28400047e-03j
-1.94451874e-01+7.98236064e-03j
4.71683314e-01+1.08572368e-02j
4.74226604e-01+5.62625821e-03j
-1.14939483e-01+4.76752303e-03j
-7.82235217e-01-1.42235207e-02j
-8.82617687e-01-4.28265178e-04j
-3.23960119e-01-3.84170448e-03j
3.33847686e-01+1.60091708e-03j
5.68830053e-01+3.00147246e-02j
5.53348405e-02-2.39533614e-02j
-6.71587252e-01-3.73804423e-02j
-9.44602289e-01-8.44624781e-03j
-4.82263227e-01+1.26876144e-02j
3.15651499e-01-1.54322571e-02j
5.53920834e-01-2.73340318e-02j
1.13008981e-01-8.86617184e-03j
-5.56713436e-01+2.89532319e-02j
-9.58898930e-01-5.39845092e-03j
-5.99177482e-01-2.97595367e-02j
1.64132594e-01-5.15514060e-02j
5.69359169e-01-3.15383526e-02j
2.84383425e-01-1.84984674e-02j
-4.49926847e-01-5.67368931e-03j
-9.36207651e-01+3.47696859e-02j
-7.38103664e-01+8.55330510e-03j
2.25883376e-03-4.13099366e-03j
5.98338406e-01+6.25847937e-02j
3.77368332e-01-3.52529351e-02j
-2.67691284e-01-6.03576636e-02j
-9.11605362e-01+8.32534870e-03j
-8.30269792e-01-2.18541996e-02j
-1.15652849e-01-1.16414047e-02j
4.85157047e-01+3.42968944e-02j
4.87848444e-01-2.83813855e-02j
-1.40110345e-01+2.68048340e-02j
-8.30728574e-01+2.35680546e-02j
-9.05379289e-01-1.93942353e-02j
-3.10355784e-01-2.26249836e-02j
3.58325871e-01-1.87766831e-02j
5.21273630e-01-4.25504294e-02j
-2.96584708e-02-2.66864526e-02j
-7.57856708e-01-2.52749022e-02j
-9.39491575e-01+1.16100322e-02j
-4.49613215e-01+3.69420051e-03j
2.97754383e-01-1.99666841e-02j
5.60827719e-01+1.09383647e-02j
1.09552348e-01+1.49917662e-02j
-6.24901050e-01-1.17997696e-02j
-9.17198681e-01-3.36948281e-02j
-5.84283515e-01-2.19110014e-02j
1.95369031e-01-1.84053886e-02j
6.09225760e-01+9.17044015e-02j
2.68305636e-01+7.14749621e-03j
-4.52166357e-01+1.30083551e-02j
-9.60817821e-01+2.11655362e-02j
-6.63931442e-01-1.45537386e-02j
1.65111002e-02-1.38760257e-02j
5.26164133e-01-9.76920251e-03j
3.78469626e-01-3.19003962e-02j
-3.25614594e-01-1.11099506e-02j
-9.16748068e-01-2.34297206e-02j
-7.93355568e-01-3.50110312e-02j
-8.41352969e-02+2.57348709e-02j
4.95724257e-01-2.39196382e-02j
4.54737858e-01+2.19704832e-02j
-1.89432523e-01-9.92977650e-03j
-8.46496685e-01+2.03818536e-02j
-8.86810544e-01+1.71023075e-02j
-2.57808646e-01-2.17218018e-02j
4.23443323e-01-1.85852058e-02j
5.33376058e-01+6.12906212e-02j
-4.31973059e-02+1.65950241e-02j
-7.17709015e-01+4.57094210e-03j
-9.37068785e-01+8.57171680e-04j
-3.58042195e-01+3.15338044e-02j
3.19799647e-01-2.01970929e-02j
5.89539155e-01-1.09840164e-02j
5.12441718e-02+3.13075594e-03j
-6.63095168e-01+2.16241461e-02j
-9.52532385e-01-2.02760786e-02j
-5.22947329e-01+1.04078825e-02j
2.10394649e-01-4.04907728e-02j
5.68193522e-01+3.34400033e-02j
2.04346170e-01-8.31619208e-03j
-5.30678170e-01-1.20788679e-02j
-9.28913497e-01+6.00746371e-03j
-6.48563189e-01+3.40109480e-03j
9.74268437e-02-4.71271335e-02j
5.44710676e-01+1.95775453e-03j
3.62170030e-01-2.60787330e-02j
-3.81189539e-01-2.70912354e-02j
-9.16620008e-01-8.72613143e-04j
-7.73176026e-01+1.98930555e-02j
-9.85987729e-02-9.99914945e-03j
5.39435368e-01+2.22568064e-02j
4.66972000e-01-1.28840382e-02j
-2.50239106e-01-3.03035960e-02j
-8.69968235e-01-1.29707837e-02j
-8.17395819e-01+1.18032020e-02j
-2.10942158e-01-4.50388083e-02j
4.20286181e-01+3.46973753e-03j
4.93677095e-01-1.45268765e-03j
-8.22822773e-02-1.14897604e-02j
-8.11128539e-01+4.86055947e-03j
-8.91132615e-01+1.30538271e-03j
-3.69247213e-01-1.47522326e-02j
3.51472265e-01+1.35773839e-02j
5.45697919e-01-1.65647270e-02j
5.07672597e-02-2.33977218e-02j
-6.86076202e-01-3.97465708e-02j
-9.33716184e-01-7.38593581e-03j
-5.19157954e-01+7.67372916e-04j
2.18944525e-01-1.85223885e-02j
5.72383600e-01+7.32332777e-03j
2.26242442e-01-5.52081018e-03j
-5.45452325e-01+1.60348020e-02j
-9.15531807e-01+7.93355159e-03j
-6.02704728e-01+1.19805279e-04j
1.21382188e-01-6.72028968e-03j
6.09482592e-01+7.50438800e-03j
3.17873874e-01+1.24145757e-02j
-4.18727813e-01+5.76464373e-03j
-9.06207235e-01+1.03839627e-03j
-7.26895641e-01+3.30836594e-02j
-4.22369032e-02+2.44371820e-02j
5.16324255e-01+2.42918744e-02j
3.90649524e-01+1.73148724e-02j
-2.69484974e-01-1.58661126e-02j
-9.17532121e-01+2.89522383e-03j
-8.36775713e-01+1.04610716e-02j
-1.63809028e-01-1.94889124e-02j
5.02757934e-01+1.28167361e-02j
4.82520851e-01-1.53027819e-02j
-8.82830773e-02-1.05992439e-03j
-7.96703820e-01+3.58329250e-02j
-9.06505244e-01+2.48143008e-02j
-3.26399297e-01+2.17239768e-02j
3.78455327e-01+1.19161462e-03j
5.38829341e-01-2.89843157e-02j
-1.51380349e-03+2.51256986e-02j
-7.14739551e-01+8.04642342e-03j
-9.71101139e-01-3.50551457e-03j
-4.71651048e-01+1.92534213e-02j
2.72862162e-01-3.69172809e-03j
5.71021498e-01-1.43499668e-02j
1.45016744e-01-4.06453689e-02j
-6.06194550e-01+1.56402353e-02j
-9.42298772e-01+3.84633650e-02j
-6.05828774e-01+1.84963118e-02j
1.32737614e-01-7.75635133e-03j
5.67241410e-01+2.79371106e-02j
2.82778753e-01+2.45618830e-02j
-4.71015501e-01+1.27798651e-02j
-9.47283015e-01+2.27072956e-02j
-6.87192614e-01-8.05649919e-03j
-2.17553613e-03+1.15113122e-02j
5.37007745e-01-1.55240745e-02j
3.81604942e-01+2.00220057e-03j
-3.44235273e-01+1.91924244e-02j
-9.09221921e-01-6.42147799e-03j
-7.79317416e-01-2.08405584e-02j
-1.07532485e-01-2.42047336e-02j
4.77499203e-01-1.20489002e-02j
4.59417497e-01-5.11087839e-04j
-1.77945099e-01+1.16842035e-03j
-7.89033233e-01-2.28037318e-02j
-8.93331471e-01+3.79090968e-04j
-2.94034651e-01+8.89127244e-03j
4.29194750e-01-1.69941296e-04j
5.38127011e-01-2.31639227e-02j
-4.92160088e-02-3.22690956e-02j
-7.39130883e-01-2.68457622e-02j
-9.35339335e-01-2.59572361e-02j
-3.82428271e-01+2.85933602e-03j
3.35263528e-01-1.55981576e-02j
5.70169949e-01+9.54482594e-03j
1.12884394e-01+1.71756822e-02j
-6.21595694e-01+1.20809904e-02j
-9.68029132e-01-2.67274829e-02j
-5.63365717e-01+6.10004540e-03j
2.00378715e-01+3.08142309e-02j
6.01201002e-01-1.02520682e-02j
2.35294250e-01+7.39017904e-03j
-5.08279832e-01+2.98612172e-02j
-9.61539964e-01-7.43330552e-03j
-6.38393230e-01-1.91513546e-02j
5.29854329e-02+4.92763319e-02j
5.42254274e-01-2.65566002e-02j
3.40954457e-01-2.78800519e-06j
-3.76404340e-01-3.10577751e-02j
-8.79732295e-01-9.74646348e-04j
-7.26791801e-01+1.36295025e-02j
-7.43534339e-02-1.98505886e-02j
5.36441464e-01-9.60496862e-03j
4.14952357e-01-3.19958687e-02j
-2.53150229e-01-2.94336075e-02j
-8.99581384e-01+7.42502802e-03j
-8.46929921e-01+7.33478364e-03j
-2.43190951e-01+9.26162041e-03j
4.33931104e-01-1.01712428e-02j
4.90708945e-01+1.49770401e-02j
-8.21543023e-02-2.70346748e-02j
-7.56844193e-01-7.35414238e-03j
-8.60864913e-01+2.19133414e-02j
-3.96200131e-01-4.06303945e-03j
3.63415802e-01-1.56500730e-02j
5.58860081e-01-8.82423225e-03j
5.68556095e-02+2.17629209e-02j
-6.92872354e-01+6.63668977e-03j
-9.54927988e-01-4.14263020e-02j
-5.09976157e-01+1.96745775e-02j
2.39641515e-01-1.14166177e-02j
5.98124643e-01-1.29614748e-03j
1.53399936e-01+5.95081496e-03j
-5.36325856e-01-6.68297777e-03j
-9.99793023e-01+5.15559775e-03j
-6.33379230e-01+3.62745470e-02j
8.45504168e-02-2.10805666e-02j
5.47907545e-01-1.22973750e-02j
3.10266706e-01-2.87285395e-02j
-3.74784641e-01-1.74188415e-02j
-8.98086385e-01-2.23973352e-02j
-7.14906970e-01+4.33973939e-02j
-6.70003234e-02+1.57109653e-02j
5.28055032e-01-2.69137368e-02j
4.12084310e-01+2.37874365e-02j
-2.61752686e-01+1.10128125e-02j
-8.86131399e-01+1.08517389e-02j
-8.54836615e-01-4.41557450e-02j
-1.54780075e-01+3.37589052e-02j
5.11875944e-01+1.37636746e-02j
4.74360837e-01-6.39776258e-03j
-8.46941188e-02-2.93098577e-02j
-8.13198947e-01-1.25542342e-02j
-9.22205112e-01-1.69932369e-02j
-3.33353456e-01+3.09713768e-02j
3.93091910e-01-6.64285665e-04j
5.65995842e-01-1.51438015e-02j
1.11151511e-02-2.45310971e-02j
-6.63303331e-01+2.56381658e-02j
-9.08959424e-01-2.65384648e-02j
-5.08445539e-01-7.83702434e-03j
2.65322578e-01+1.99173933e-02j
5.67491284e-01-1.31949375e-02j
1.69893920e-01+1.40319951e-02j
-5.77173750e-01+7.53222128e-03j
-9.59755835e-01+3.52250943e-03j
-5.89712271e-01-1.09401349e-04j
1.16184834e-01-2.27199597e-02j
5.73521572e-01-2.86316866e-02j
3.17721849e-01+2.18998455e-02j
-4.36107837e-01-1.29146152e-02j
-9.41697053e-01+4.26472173e-03j
-7.25807647e-01+1.85550030e-02j
-1.59205879e-02-9.22725063e-03j
5.07420580e-01+2.16828129e-02j
3.83587216e-01+5.82919845e-03j
-3.20112021e-01+3.02592777e-02j
-9.11850349e-01+2.56824997e-02j
-7.96950979e-01-3.49424145e-02j
-1.53137156e-01-2.01713532e-02j
4.59487053e-01+5.43227010e-02j
4.85159106e-01-2.04872329e-02j
-1.92342693e-01-5.43931862e-03j
-8.35490815e-01+2.05313967e-02j
-9.01581161e-01+3.39582736e-02j
-2.98248664e-01+2.74925628e-02j
3.85417361e-01-3.14760059e-03j
5.40880509e-01-8.66055025e-03j
4.67263037e-03-1.33483383e-02j
-7.25785092e-01-3.93984880e-02j
-9.34266530e-01+2.75089951e-03j
-4.36468036e-01-1.55404847e-02j
2.76181618e-01-1.73657493e-02j
5.90232338e-01+3.37582035e-03j
1.24931446e-01-4.59938542e-02j
-5.95939069e-01+7.78293790e-03j
-9.68713652e-01-1.01843704e-03j
-5.34495981e-01-7.36962925e-03j
1.89653488e-01-2.93543856e-02j
5.66184934e-01+3.73081841e-02j
2.54974348e-01+9.59769119e-03j
-4.95650991e-01-2.80123359e-03j
-9.37188647e-01-2.31891785e-03j
-6.96132995e-01-1.49365056e-02j
5.57855191e-02+7.92199053e-03j
5.29101858e-01-1.99838445e-02j
3.51651761e-01+2.49287223e-02j
-3.55956637e-01+3.27335034e-03j
-9.34206476e-01+3.30747235e-03j
-7.88389671e-01-4.03569511e-02j
-1.09698294e-01+7.97999203e-03j
4.78563951e-01+4.15104543e-02j
4.69434569e-01-8.16431137e-05j
-2.17205337e-01+2.06277365e-02j
-8.35067312e-01-1.80524942e-02j
-8.87366320e-01+1.43977797e-02j
-2.56260446e-01+3.02308756e-02j
4.02244403e-01-1.19526680e-02j
5.22049317e-01+5.27667471e-03j
-3.75166316e-02+1.04901929e-02j
-7.83227014e-01-1.85262615e-02j
-9.52861474e-01+9.97373866e-03j
-3.82530477e-01-1.04600866e-02j
3.40219021e-01-2.82583239e-03j
5.76675034e-01+1.84875159e-02j
9.20181924e-02+1.83403740e-02j
-6.61287036e-01-4.18914215e-02j
-9.57467346e-01-1.46567936e-02j
-4.93821617e-01-4.61373383e-02j
1.97367701e-01-1.56328839e-02j
5.56535025e-01+4.24292362e-03j
2.19945352e-01-3.89497351e-03j
-4.90214434e-01-1.65709969e-02j
-9.56547966e-01-3.09642088e-02j
-6.74247335e-01+1.00139533e-02j
9.50734809e-02+3.63345527e-02j
5.87298328e-01-2.54173680e-02j
3.18087201e-01-3.04760639e-02j
-4.33087115e-01-3.00411555e-02j
-9.47924019e-01-1.63570336e-02j
-7.66357981e-01+2.42693754e-02j
-3.86073659e-02+1.38444480e-02j
5.15695248e-01-6.81267202e-03j
3.95147419e-01+3.51459579e-03j
-2.58887901e-01+1.21883192e-03j
-8.72946820e-01-2.40631482e-03j
-8.58627125e-01-1.35385456e-02j
-2.13828365e-01+9.47261678e-03j
4.77792715e-01-1.18582397e-04j
5.08079089e-01-9.61364444e-03j
-1.21823650e-01+1.60561163e-02j
-7.94926493e-01-3.76078138e-02j
-9.34858126e-01-8.99709202e-04j
-3.58854662e-01-1.38214987e-02j
3.69894518e-01-1.97298353e-02j
5.36044887e-01-2.70587652e-02j
5.08156316e-02+3.65097667e-02j
-6.98631101e-01-2.76387118e-02j
-9.51362881e-01+2.64819811e-02j
-4.56391830e-01+1.32179630e-02j
2.30097011e-01-1.77062919e-02j
5.67887138e-01+1.25276871e-02j
2.08013086e-01-3.93815086e-02j
-5.34137464e-01-2.58006829e-03j
-9.51256276e-01-2.00373325e-02j
-6.17492687e-01+1.92043822e-02j
1.04009177e-01+1.17042284e-02j
6.09452621e-01+2.88497323e-04j
3.33466363e-01-2.18251022e-02j
-4.33950318e-01+6.76714090e-03j
-9.11814863e-01-8.57282123e-03j
-7.55319839e-01-2.90022054e-02j
-1.91331672e-02-3.65091627e-02j
5.28102273e-01+1.38184943e-02j
4.38750581e-01-2.66233699e-02j
-3.13273475e-01-3.62593412e-03j
-8.83191371e-01+2.54443021e-03j
-8.07068560e-01-6.36933623e-03j
-1.56587836e-01-9.99149914e-03j
4.94974491e-01-1.46493431e-02j
5.02375820e-01-2.54633113e-03j
-1.32633359e-01+1.19174676e-02j
-7.86720579e-01+2.99112118e-02j
-9.16271703e-01-2.03574911e-02j
-2.75559767e-01-2.81105045e-02j
4.13974156e-01+2.11979068e-02j
5.06895693e-01+3.94005978e-04j
-2.47745253e-02-1.84935746e-02j
-7.25493131e-01-1.91158414e-02j
-9.46238660e-01+4.80910986e-02j
-4.44732781e-01+7.12763572e-03j
2.98453791e-01+1.85546823e-02j
5.73989834e-01-7.38953707e-03j
1.43371280e-01+2.83621017e-02j
-5.82559136e-01+2.37215816e-02j
-9.24110364e-01-1.69851176e-02j
-6.00858294e-01-2.84214653e-02j
1.61127530e-01+1.77678230e-02j
5.63025880e-01+3.89254271e-02j
2.49310485e-01+1.39670296e-02j
-4.72880739e-01+2.22574334e-02j
-9.66168458e-01-6.92383268e-03j
-7.09911666e-01+4.38867393e-02j
3.79810728e-03-3.77604663e-02j
5.04782542e-01+3.49261548e-02j
3.56131965e-01+6.45293172e-03j
-3.17047467e-01-1.51600050e-02j
-9.17039167e-01+8.71905720e-03j
-7.84369023e-01-4.17782495e-02j
-1.31713228e-01+3.03364551e-02j
5.15694322e-01-8.04402526e-03j
4.37966128e-01+9.05485076e-03j
-1.95652341e-01+2.27589994e-03j
-8.03032675e-01+3.15701384e-02j
-9.08275494e-01-1.04218768e-02j
-2.66822103e-01+1.29754279e-02j
3.96440612e-01-1.85578844e-02j
5.59924295e-01+2.33964169e-02j
-2.10678391e-02-4.48731845e-02j
-7.26636583e-01+1.69344411e-02j
-8.92240392e-01+3.84111817e-02j
-4.09340686e-01-1.26011472e-02j
3.28253953e-01+5.71313385e-04j
5.70973468e-01+4.68254720e-03j
1.15821545e-01+2.53781110e-02j
-6.52522182e-01+6.27698673e-02j
-9.85778557e-01-2.78447240e-02j
-5.18594924e-01+3.11479790e-02j
1.67696518e-01-1.71661387e-02j
5.67827157e-01+2.26508122e-03j
2.36128735e-01+3.14044190e-02j
-5.52701746e-01+1.80331924e-03j
-9.22191574e-01-3.64034999e-03j
-7.09939786e-01+2.74499739e-02j
8.28221498e-02+2.08529800e-02j
5.52251822e-01-3.20515736e-03j
3.42434166e-01-1.37017148e-02j
-3.92827169e-01-7.66273163e-03j
-9.42806657e-01+2.02166348e-02j
-7.82184591e-01+2.31987873e-02j
-5.82722854e-02+7.82693789e-03j
5.22976313e-01+5.51905891e-03j
3.99695767e-01+9.81414758e-03j
-2.02637383e-01+3.07628490e-03j
-8.62274464e-01-1.64843799e-02j
-8.50982291e-01+7.15861766e-03j
-2.03407837e-01-3.36115096e-02j
4.80777543e-01-2.17080541e-02j
5.15322306e-01+1.25265834e-02j
-6.01115293e-02-1.23241402e-04j
-7.55703161e-01+3.01443013e-02j
-9.11577137e-01+1.55986112e-04j
-3.56795385e-01-2.58006543e-02j
3.33173496e-01+1.44109145e-02j
5.44964713e-01+2.04232605e-03j
6.18174084e-02+2.62598088e-02j
-6.75631461e-01+6.05513760e-03j
-9.60447052e-01+6.23796221e-02j
-5.18023044e-01-2.89817745e-03j
2.53612916e-01+4.14023092e-02j
5.73863311e-01+1.17180240e-02j
2.33010507e-01+2.42822833e-02j
-5.63405617e-01+5.69442837e-03j
-9.19711341e-01-3.93839206e-02j
-6.09265937e-01-3.92999238e-02j
1.05144348e-01+2.64690735e-02j
5.43141632e-01+1.45095580e-02j
3.22125737e-01+2.55724139e-03j
-3.79281202e-01-9.62199364e-03j
-9.18387219e-01-9.62115481e-03j
-7.48094019e-01+1.99347917e-03j
-3.27328854e-03+4.81974103e-03j
5.29208567e-01-2.25666989e-02j
3.73452969e-01-2.57027298e-02j
-2.68902163e-01-4.69004840e-03j
-8.79475521e-01+1.25857146e-02j
-8.44531224e-01-1.28155697e-02j
-2.10962370e-01-4.77024152e-03j
4.67675696e-01-1.06222608e-02j
4.96958146e-01-4.41245399e-02j
-9.74240349e-02-1.97864497e-02j
-7.94197095e-01+4.25019935e-03j
-9.32696562e-01+5.37159639e-03j
-3.43106495e-01-2.34975623e-02j
3.84639636e-01-3.44784141e-04j
5.36345428e-01-2.98048698e-03j
1.46068476e-02-4.45923988e-03j
-7.07046281e-01-1.05365984e-03j
-9.29853728e-01+2.90628189e-02j
-4.98545728e-01-3.43397231e-02j
2.65349518e-01+1.17816250e-02j
5.94461766e-01+4.82360167e-04j
1.46349402e-01-1.38556035e-02j
-5.89593337e-01-1.69810107e-02j
-9.45973992e-01+5.19661083e-03j
-6.06290030e-01-2.14222021e-02j
1.51096642e-01-1.54273853e-02j
5.90974540e-01-1.55641538e-02j
2.96119676e-01+1.13650002e-02j
-4.53922673e-01-9.37306540e-03j
-9.37973350e-01+1.20037401e-02j
-7.32603528e-01+7.77625712e-04j
3.92263241e-02-1.54703107e-02j
5.57534253e-01+2.12804290e-02j
3.52349881e-01-4.52156707e-03j
-3.15370188e-01-3.70440711e-02j
-8.77509344e-01-2.95498324e-02j
-8.05209194e-01-8.56043735e-03j
-1.74469239e-01-3.79289532e-02j
4.62460060e-01-2.05655980e-02j
4.50663864e-01+6.89954138e-03j
-1.76532342e-01-1.44390141e-02j
-7.99771051e-01+1.62003849e-02j
-9.20560446e-01+2.33800506e-02j
-2.76765351e-01-8.96219191e-03j
3.63747450e-01-3.66771952e-02j
5.15917810e-01-1.16958512e-02j
-4.69331217e-02+1.93660431e-02j
-7.47401636e-01-1.93278987e-02j
-9.34711648e-01-8.71549001e-03j
-4.07841269e-01-4.81554993e-02j
2.98399596e-01-2.01315602e-02j
5.66116086e-01+1.43829425e-02j
1.17395186e-01-2.67638203e-02j
-6.06646328e-01+1.52102192e-02j
-9.28849067e-01+6.40011636e-03j
-5.31931280e-01+1.35994768e-04j
1.80033528e-01+1.31591864e-02j
5.61977341e-01-2.82661429e-02j
2.47552288e-01-2.14226978e-02j
-5.02547419e-01+2.20853547e-02j
-9.42089212e-01+3.53202564e-04j
-6.73231709e-01-2.36563874e-02j
3.45188922e-02-1.29657776e-02j
5.69902394e-01-7.17369922e-03j
3.52826611e-01+8.69545252e-03j
-3.29421082e-01-1.92336407e-02j
-8.88365043e-01-1.02586091e-02j
-7.82731043e-01+1.60731357e-02j
-1.10085713e-01+1.43789334e-03j
4.93524134e-01+3.91768540e-02j
4.62519202e-01+3.03896507e-02j
-2.27676646e-01+2.54242265e-03j
-8.50557596e-01+4.63451490e-03j
-8.54124605e-01-2.20416120e-03j
-2.45205860e-01+3.34816069e-02j
4.11160159e-01+5.65004769e-03j
5.02901591e-01-1.00857720e-02j
-7.87927695e-02-2.28527564e-02j
-7.64866382e-01+1.87089782e-02j
-9.12836692e-01+1.34016270e-02j
-3.54756304e-01-2.09933350e-02j
3.28567614e-01-1.23595474e-02j
5.49709895e-01+4.07755170e-03j
8.12953088e-02-2.71925678e-02j
-6.72041551e-01-2.21806166e-02j
-9.20670408e-01+4.28069528e-02j
-5.26298635e-01+3.55543002e-02j
2.04622606e-01+3.32285160e-03j
5.70919488e-01+2.57911582e-02j
2.26514300e-01-2.39706241e-02j
-5.42758845e-01+7.10619915e-03j
-9.41399336e-01+1.63779630e-02j
-6.21471271e-01+2.38575447e-02j
6.91116219e-02-3.47370470e-02j
5.90041217e-01+2.94587996e-03j
3.23600304e-01+1.48825733e-02j
-3.79105678e-01+3.47645742e-03j
-9.23615144e-01+4.37242416e-03j
-7.61428458e-01+9.87798842e-03j
-8.68526654e-02+5.56411277e-03j
5.17174181e-01-2.09844838e-03j
4.55541329e-01-1.95255171e-02j
-2.24110184e-01+1.57047970e-02j
-8.64817767e-01+1.01909241e-03j
-8.85817294e-01-6.02233433e-03j
-1.92912994e-01+2.13116020e-02j
4.71012015e-01-1.20516351e-02j
5.10299395e-01+3.19808793e-02j
-1.32552065e-01+8.66157335e-03j
-7.73056334e-01-4.45627373e-02j
-8.90667040e-01-9.06707043e-03j
-3.67014984e-01+7.00233797e-03j
3.78483807e-01+2.75309622e-02j
5.28515105e-01+1.64661090e-03j
7.49106252e-03+1.55261308e-02j
-6.80044979e-01+5.37068767e-03j
-9.37923279e-01+1.14062706e-02j
-4.78766676e-01-4.67926579e-03j
2.55914098e-01-2.02330857e-02j
5.46332331e-01-2.22723025e-02j
1.51772892e-01-4.17545778e-03j
-5.78430187e-01-2.04583957e-02j
-9.53484590e-01+1.13910846e-02j
-6.43992279e-01-1.08870181e-02j
1.37476807e-01+5.65993221e-03j
6.04772076e-01+3.25045240e-02j
2.73952763e-01+3.00309928e-02j
-4.20965818e-01+2.33784979e-02j
-9.59772406e-01-2.06048376e-02j
-7.18543435e-01-1.67385096e-02j
-4.81605408e-02-6.58182829e-03j
5.67904544e-01-4.10171533e-03j
4.09327518e-01-6.69358701e-03j
-2.67816197e-01-8.44423332e-03j
-9.02336171e-01-2.77526294e-02j
-8.18739765e-01+1.60430467e-02j
-1.36640811e-01-9.86892586e-04j
4.78978181e-01+8.74146664e-04j
4.76406198e-01+1.31792222e-02j
-1.52282329e-01-2.10488972e-02j
-7.80179596e-01-1.57442932e-02j
-8.69803426e-01-7.50548241e-03j
-3.10738023e-01+3.45275481e-02j
4.23892091e-01+3.49256955e-02j
5.08775122e-01-4.48435103e-03j
3.57997635e-03-3.12270599e-03j
-7.20010572e-01-2.31866482e-02j
-9.10154117e-01+4.68652497e-03j
-4.73431693e-01-1.46105098e-02j
2.64014587e-01+3.42154507e-02j
5.64229123e-01-3.06655841e-02j
1.95700368e-01+5.14889062e-04j
-6.01367149e-01-9.09251156e-03j
-9.54789841e-01+3.15489469e-02j
-5.64311456e-01+1.28850195e-02j
1.70665148e-01-6.77268354e-03j
5.95758095e-01-1.91848996e-02j
2.28939450e-01-2.00284064e-02j
-4.59673591e-01+2.03709080e-02j
-9.28046323e-01-1.53150949e-02j
-6.80151850e-01+1.66326792e-02j
3.60915189e-02-1.51524367e-02j
5.43581207e-01+1.78195705e-02j
4.16758907e-01-3.29627863e-02j
-3.24078089e-01-2.73960335e-03j
-9.18094118e-01+3.11189221e-03j
-7.66637541e-01+4.41470749e-02j
-1.58196491e-01-2.45353107e-02j
4.93827100e-01+1.98896110e-02j
4.61506980e-01+3.42997004e-02j
-1.96575061e-01+1.30832632e-02j
-8.12155424e-01+2.33005866e-02j
-8.88112084e-01+1.67145175e-02j
-2.60572309e-01-1.59011114e-02j
4.30077178e-01-2.11121067e-02j
5.13732036e-01+1.02082638e-02j
-3.58279443e-02-2.83884365e-02j
-7.41328730e-01-5.19948055e-03j
-9.54282094e-01-4.05105083e-02j
-4.13294598e-01-2.24502875e-02j
3.28268244e-01-9.73544039e-03j
5.49479086e-01-1.59248420e-02j
1.48040412e-01+2.31065226e-02j
-6.35266301e-01+2.45619079e-03j
-9.66875302e-01+2.41143831e-02j
-5.62884700e-01-4.11715552e-02j
1.76251649e-01-4.51810341e-03j
5.72299401e-01-2.63662219e-03j
2.51112399e-01+2.44972005e-03j
-4.92477402e-01+1.64525531e-02j
-9.20704606e-01-1.72567090e-02j
-6.64850686e-01+9.86117019e-03j
8.64818690e-02+2.21818689e-02j
5.87611001e-01-3.79350847e-02j
3.63703672e-01+4.53401048e-02j
-3.67482499e-01+6.32713388e-03j
-9.18933996e-01-2.26510843e-02j
-7.55325366e-01-2.37591712e-02j
-7.73949473e-02-3.75908714e-03j
5.40862635e-01+1.21615450e-02j
4.42409437e-01-1.33697529e-02j
-2.30339776e-01+1.18296766e-02j
-8.14856336e-01-4.18619464e-03j
-8.42712326e-01-7.35194221e-03j
-2.31256534e-01+2.13043485e-02j
4.28619555e-01+3.13067159e-02j
5.44653318e-01-3.87020202e-02j
-8.17856701e-02-4.80777961e-03j
-7.65637579e-01-2.00094985e-02j
-9.15319377e-01-5.04436760e-03j
-3.53924939e-01+1.92723122e-02j
3.60814199e-01-9.95532198e-03j
5.40455470e-01-3.68279549e-03j
1.55076044e-02+4.71038760e-03j
-6.74645667e-01-1.12231295e-02j
-9.34410090e-01-2.61247114e-02j
-4.96183949e-01-1.37303584e-02j
2.04444673e-01-8.98358749e-03j
5.42903313e-01+8.15349490e-04j
2.34824005e-01-1.41623729e-02j
-5.40482531e-01+1.19877747e-04j
-9.58394763e-01+3.23430067e-03j
-6.57440503e-01+6.48094238e-03j
5.62003070e-02-9.62525194e-03j
5.74790943e-01+4.70504000e-02j
3.03208401e-01-9.49190177e-03j
-4.32459928e-01+3.49642508e-03j
-9.43556941e-01+1.45737522e-02j
-7.43839178e-01+1.45214403e-02j
-6.90464470e-02+1.74709014e-02j
5.26154471e-01+4.02232354e-03j
4.10207260e-01+3.89472914e-02j
-2.60731354e-01+2.64053936e-02j
-8.41041176e-01-1.53386023e-02j
-8.61718527e-01-1.94365702e-02j
-1.80083482e-01+8.60017346e-03j
4.43387797e-01-1.17399509e-02j
4.70008410e-01+1.35061526e-02j
-1.21015189e-01-1.24528575e-02j
-7.87270742e-01+1.17216798e-02j
-9.19862335e-01+1.84421589e-02j
-2.98417794e-01-2.15512542e-02j
3.78263460e-01-2.70058048e-02j
5.48466963e-01+1.08536394e-03j
2.99743382e-02-2.06171570e-02j
-6.77097559e-01-1.67332850e-02j
-9.58024070e-01+9.93119095e-04j
-4.43073928e-01+4.35339865e-02j
2.88423774e-01+4.09760636e-03j
5.86705764e-01+1.89632995e-02j
1.78150288e-01-1.56227059e-03j
-5.81029154e-01+2.38202118e-02j
-9.72931488e-01-1.61275057e-03j
-6.04806994e-01+4.14296682e-03j
1.14676595e-01-4.40948714e-03j
5.88965528e-01-4.05340826e-02j
2.46991273e-01+2.14648527e-02j
-4.70505250e-01-2.23363619e-02j
-9.31740574e-01+1.32385768e-02j
-7.22082847e-01+2.54890811e-02j
4.09681617e-02+1.25737729e-02j
5.56446563e-01+2.47757715e-03j
4.04565415e-01-6.04477966e-04j
-3.38663778e-01+8.54371701e-03j
-9.09816589e-01+1.66782134e-02j
-8.08853514e-01+4.77546963e-03j
-1.24559343e-01-1.51044890e-02j
4.85045827e-01+1.61891234e-02j
4.70923464e-01+1.84271108e-02j
-1.70093285e-01+3.19927830e-02j
-8.34585484e-01+3.72365958e-02j
-9.08136849e-01+5.09406305e-02j
-2.85291182e-01+5.69298597e-03j
4.06802361e-01+5.78021769e-03j
5.41784428e-01-2.71025695e-02j
-1.48550731e-02+1.97510245e-02j
-7.34655642e-01-7.23580346e-03j
-9.50197805e-01-3.81769167e-03j
-4.38902515e-01+3.32750236e-02j
3.38317574e-01+1.88661672e-02j
5.72990535e-01-1.45421889e-02j
1.00691197e-01+2.81811031e-02j
-5.85253362e-01-1.57304890e-02j
-9.75138613e-01-2.54070896e-02j
-5.97772472e-01+2.77864310e-02j
1.74975425e-01-1.51094628e-02j
5.50378416e-01-1.35583221e-02j
2.27221008e-01-3.61272639e-02j
-4.76157199e-01+2.45999457e-02j
-9.53211963e-01-9.19483315e-04j
-6.65762789e-01+7.33270733e-03j
1.56380080e-02-3.46105195e-03j
5.64088460e-01+3.77528532e-03j
3.72613593e-01-4.27964702e-03j
-3.51315292e-01+2.76170822e-02j
-9.36106302e-01-3.21418568e-03j
-7.59211728e-01-1.67245666e-02j
-1.18602827e-01+7.10148933e-03j
5.05053198e-01-1.50524625e-02j
4.07166041e-01-4.08743613e-02j
-2.01531827e-01+2.07331389e-02j
-8.75689506e-01-1.89021296e-02j
-8.67017940e-01+1.52541060e-02j
-2.49847060e-01+2.14833697e-02j
4.19662318e-01-1.87991054e-02j
4.99704539e-01-1.41001781e-02j
-6.61096790e-02+2.15154890e-02j
-7.43572492e-01+1.45228010e-02j
-9.22240551e-01+3.44283707e-02j
-3.61588305e-01+3.66510874e-03j
3.42394980e-01-5.77690757e-03j
5.25009482e-01-7.07853621e-03j
6.12986882e-02+1.09078804e-02j
-6.54354223e-01+2.90130075e-02j
-9.92946001e-01-1.86392072e-02j
-4.82858246e-01+8.67781088e-03j
2.46440217e-01+3.43543796e-02j
5.81256801e-01+4.88199758e-03j
1.95071172e-01+2.77922551e-02j
-5.39775322e-01+2.42335262e-02j
-9.61371098e-01+5.33447220e-03j
-6.51025143e-01-3.46259872e-02j
6.27264256e-02+7.71427808e-03j
5.24620652e-01-4.49437266e-03j
3.28897442e-01+1.70563373e-04j
-4.36533838e-01-3.09623271e-02j
-9.34549254e-01-4.95190676e-02j
-7.63615090e-01+9.51688020e-04j
-6.99500445e-02+1.01140835e-02j
5.38312078e-01+4.06058981e-02j
4.39387697e-01+9.54664218e-03j
-2.68358673e-01+6.65719316e-03j
-8.26708501e-01+5.06350203e-03j
-8.39249664e-01-3.68577581e-03j
-1.96412806e-01+7.92703090e-03j
4.59266671e-01-1.90594545e-02j
4.88876733e-01-1.41797706e-02j
-1.22912034e-01+4.07417380e-02j
-8.04159653e-01-2.71599193e-02j
-9.32929580e-01+1.34306916e-02j
-3.26710196e-01-2.03890038e-02j
3.46340798e-01+1.32418322e-02j
5.44034271e-01+1.14679942e-02j
3.32725563e-02+1.32764785e-02j
-6.77450532e-01+3.29363136e-02j
-9.42811995e-01-2.98268428e-02j
-4.70533307e-01+2.75377879e-02j
2.49150431e-01-3.35352430e-02j
5.62988893e-01-2.54103195e-03j
1.91729007e-01-3.94977916e-04j
-6.11682578e-01+1.06464031e-02j
-9.43000914e-01-1.53377520e-02j
-6.03773797e-01-4.26769842e-02j
1.23543633e-01-1.31463189e-02j
5.62027685e-01+2.28676877e-03j
3.14898103e-01+1.80768490e-02j
-4.35638635e-01-1.34368158e-02j
-9.42395982e-01-2.50723055e-02j
-7.28461210e-01+1.49222569e-02j
-1.56904410e-03+8.72097206e-04j
5.26105151e-01-2.97163877e-02j
4.13418145e-01+1.02397004e-02j
-2.88353164e-01+4.63942775e-03j
-9.15865200e-01+2.28405153e-02j
-7.97216497e-01-3.83917339e-02j
-1.37513931e-01+2.62756121e-02j
4.77867840e-01-2.10964032e-02j
4.75514133e-01+3.41603373e-02j
-1.36427967e-01+3.08428775e-02j
-8.26874698e-01+4.66717885e-02j
-9.05551522e-01-1.34372157e-02j
-3.17406020e-01-1.40945592e-02j
4.12932407e-01-1.15638899e-02j
5.21284110e-01+1.65899423e-02j
-9.68024941e-03-9.39241561e-03j
-7.52583330e-01+1.10024278e-02j
-9.15963548e-01-2.93448070e-04j
-4.14487037e-01-1.73575494e-02j
3.03179719e-01-1.50275273e-02j
5.66766391e-01+4.04170566e-03j
1.61361894e-01-5.76911020e-03j
-5.91123038e-01+1.69554797e-02j
-9.29314617e-01-3.92289483e-03j
-5.75979509e-01-1.78396227e-02j
1.74598275e-01-1.94343983e-03j
5.98409589e-01+3.05255292e-03j
2.77502662e-01+1.27257730e-02j
-4.89906225e-01+3.33890690e-02j
-9.79155708e-01+2.81872167e-02j
-6.79048621e-01+1.41750147e-02j
5.70237667e-02-2.90008710e-02j
5.39950528e-01+5.66987141e-03j
3.45845395e-01-2.63990837e-02j
-3.57882672e-01+1.24668852e-02j
-8.95812329e-01+2.60291397e-03j
-7.75040051e-01+4.88124474e-03j
-9.24799311e-02-1.65833234e-02j
4.94339930e-01+5.49852289e-03j
4.48032497e-01+8.83946422e-03j
-1.77268750e-01+1.80753726e-03j
-8.47030737e-01+7.82071710e-03j
-8.71226848e-01+1.99541102e-02j
-2.94988075e-01+5.15384862e-03j
4.53597792e-01+1.63118303e-02j
4.99542303e-01+2.77184850e-02j
-3.10908008e-03+1.19934108e-02j
-7.84161061e-01+2.36127990e-02j
-9.48883149e-01+2.11749252e-03j
-3.85468416e-01+1.63956498e-02j
3.45282390e-01-2.76034171e-03j
5.59923117e-01+1.01798807e-02j
8.34740150e-02+1.79683069e-02j
-6.23094716e-01+1.90687066e-02j
-9.21953806e-01+2.47088405e-03j
-5.82783823e-01-2.19130000e-02j
2.12065636e-01-1.44218916e-04j
5.90741456e-01+3.31578848e-02j
2.09287523e-01+1.06963305e-02j
-4.74148269e-01+2.33202617e-02j
-9.49654469e-01-1.93565709e-02j
-6.67225277e-01+1.68922168e-02j
7.19306032e-02-6.40376445e-03j
5.60573652e-01+1.53592439e-02j
3.57381488e-01-5.51688763e-03j
-3.92475640e-01+2.26224432e-02j
-9.10955089e-01-1.21112829e-02j
-7.44853832e-01+4.54737213e-04j
-5.89176506e-02+5.61843855e-03j
5.08645079e-01+2.12816900e-04j
4.18221790e-01+2.39648604e-02j
-2.30326156e-01+1.17414500e-02j
-8.22302723e-01+2.63215389e-02j
-8.42437605e-01-2.25752622e-02j
-1.99172594e-01-1.95352529e-02j
4.52038910e-01-1.83828852e-02j
5.21953027e-01-1.91982508e-04j
-6.79615030e-02+7.94914997e-03j
-7.54383386e-01-1.02032923e-02j
-9.18343975e-01+2.73041225e-02j
-3.53214444e-01-2.82372719e-02j
3.48298863e-01-8.61325371e-03j
5.72228407e-01+3.24717838e-02j
3.21153183e-02-3.82842681e-02j
-6.80263898e-01-2.51033832e-02j
-9.67162384e-01-1.37925348e-02j
-4.77667778e-01+3.78755806e-02j
2.72734973e-01-9.18019003e-03j
5.95094274e-01+1.32230529e-02j
1.90161620e-01+2.25243260e-02j
-5.40990409e-01-6.84999920e-03j
-9.55212887e-01+8.36664845e-03j
-6.12775001e-01-9.44031851e-03j
5.46891143e-02-3.04314665e-03j
5.82893543e-01+3.02948925e-02j
2.63690247e-01-2.65917594e-02j
-3.76162639e-01+2.98573645e-02j
-9.26024968e-01+4.98602626e-02j
-7.64670049e-01+9.26790559e-03j
-4.82825032e-02+1.71858745e-02j
5.24451289e-01-9.25526210e-03j
3.95383558e-01-6.82849976e-03j
-2.85561034e-01+3.49744450e-02j
-8.68408962e-01-3.75000220e-02j
-8.50061638e-01-3.12552961e-03j
-2.09657718e-01-1.09369730e-02j
4.71126691e-01+2.79772026e-02j
5.12664368e-01-2.92870999e-04j
-1.25462661e-01+1.78185626e-02j
-8.19068997e-01-4.11091999e-03j
-8.73037165e-01-1.22143611e-02j
-3.40200339e-01-1.47902112e-02j
3.73930227e-01+2.07117173e-02j
5.58674975e-01+2.63014452e-02j
1.18976803e-02+1.34067435e-02j
-7.14211291e-01+1.03596185e-02j
-9.59023421e-01-6.51661005e-03j
-4.48395231e-01-1.44921450e-02j
2.86320688e-01+6.25489100e-03j
5.79819324e-01-2.78957942e-02j
1.48465084e-01+2.73003722e-02j
-5.77861074e-01-5.02928465e-02j
-9.47800683e-01+2.33483124e-02j
-6.04691823e-01+3.94466723e-02j
1.55942746e-01-1.09113228e-02j
5.47825782e-01-1.37281373e-02j
2.39725702e-01+1.60521114e-02j
-4.56705034e-01-1.42491753e-03j
-9.25844031e-01-1.75060633e-02j
-7.13432545e-01+9.47305188e-03j
2.19602854e-02-3.70577729e-02j
5.22288474e-01+1.71926422e-02j
3.67339252e-01-3.06262964e-02j
-3.12764499e-01+2.04208009e-02j
-9.11832594e-01-2.25925258e-02j
-7.99604414e-01+3.31350313e-04j
-1.54711302e-01+1.72813495e-05j
4.80216348e-01-2.83303512e-03j
5.04473420e-01-2.12141968e-02j
-1.52084614e-01+2.51745152e-03j
-8.34465077e-01-2.48755067e-02j
-8.79766274e-01+4.27995012e-02j
-3.00955601e-01+1.18056160e-02j
4.21419839e-01-1.68619139e-02j
5.25673973e-01+9.78121680e-03j
-3.11942152e-02+1.89064591e-02j
-7.65172721e-01-9.17504173e-03j
-9.10708879e-01+1.01787110e-02j
-3.88795421e-01-1.90207159e-02j
2.96910204e-01-2.16850461e-02j
5.45866403e-01-3.96527927e-02j
1.39116587e-01+1.99870458e-02j
-6.15052144e-01+8.48370767e-03j
-9.71178969e-01-2.96757133e-02j
-5.68267398e-01+1.31755147e-02j
1.88024827e-01-1.30291013e-02j
5.23327134e-01-2.30085756e-02j
2.42379888e-01+3.85532001e-03j
-5.06364566e-01+6.73963530e-04j
-9.15721282e-01-2.16796867e-02j
-6.64642371e-01-7.81997960e-03j
4.05871243e-02-1.42341004e-02j
5.06986592e-01-1.99211521e-02j
3.54359200e-01-1.22163508e-02j
-3.80525224e-01-1.71153375e-02j
-9.28270033e-01-7.41969283e-03j
-7.72720224e-01-2.96504592e-03j
-8.60450265e-02+4.31809830e-03j
5.10855275e-01+9.48254104e-03j
4.41249345e-01+1.15782960e-02j
-1.74601426e-01+7.24196499e-03j
-8.80651540e-01-1.12982684e-02j
-8.48172333e-01+4.22946745e-02j
-2.31005451e-01-1.29092907e-02j
4.20085672e-01+1.50301376e-02j
4.71308658e-01+1.14602515e-05j
-7.31926860e-02-3.27506857e-02j
-7.82957685e-01-8.04128390e-03j
-9.19008983e-01-7.60195075e-03j
-3.75837251e-01-7.15170476e-03j
3.05720585e-01+1.90440534e-02j
5.75739322e-01-7.05712909e-03j
7.07867654e-02+1.40422304e-02j
-6.99297334e-01+8.40184106e-03j
-9.51227281e-01-2.55595417e-02j
-5.19274896e-01-4.95930682e-04j
1.99725561e-01-1.42248816e-02j
5.50056193e-01-5.75315309e-02j
2.08215388e-01-1.83403945e-02j
-5.42998945e-01-2.79019910e-02j
-9.57005685e-01-1.73767340e-02j
-6.38542569e-01+4.13786542e-04j
9.89457888e-02-1.50953389e-02j
5.47664317e-01+3.10807469e-02j
3.64005757e-01-1.97166537e-02j
-3.43098808e-01+3.59887789e-03j
-8.88538855e-01+1.10214943e-02j
-7.57158976e-01+2.48451941e-03j
-4.08107539e-02+1.73024073e-02j
5.01670462e-01+2.87673138e-02j
4.36192753e-01-1.95213316e-02j
-2.40814872e-01+1.02447255e-02j
-8.73437047e-01-1.31309746e-02j
-8.59039813e-01+1.89307016e-02j
-2.01939090e-01-8.04129904e-03j
4.45578122e-01+2.80308349e-03j
4.86820597e-01-2.60617207e-03j
-8.87530755e-02+7.92058147e-03j
-7.80317905e-01+1.79604599e-02j
-9.57962191e-01+4.15737984e-02j
-3.35006056e-01-3.41714633e-02j
3.50388622e-01+6.89060851e-04j
4.91669903e-01-5.03132176e-03j
-1.17778483e-02-3.50877726e-02j
-6.88592542e-01-1.38406036e-02j
-9.62576098e-01-1.37529004e-02j
-4.98031438e-01-1.18730005e-03j
2.64871935e-01-3.14258158e-03j
5.46350327e-01+6.79050623e-03j
1.92400073e-01+1.46136986e-02j
-5.95072401e-01+1.99247462e-02j
-9.62508562e-01+2.30545070e-02j
-5.98977218e-01-5.23389369e-03j
1.01433879e-01-5.63300812e-02j
5.60003528e-01+1.65801907e-02j
3.26782946e-01-1.35432449e-02j
-4.64317252e-01-8.52256836e-03j
-9.27800287e-01+1.87526933e-02j
-7.27059754e-01-1.04572223e-02j
2.52822849e-02+2.31079538e-03j
5.36805165e-01+1.27662243e-02j
4.06853491e-01+7.91105187e-03j
-2.96206106e-01-7.73479975e-03j
-8.84592186e-01-1.24385993e-02j
-8.07406531e-01+1.75787665e-02j
-1.40337942e-01-3.29610595e-02j
4.63476080e-01-4.48125714e-03j
4.85669600e-01+5.20088047e-03j
-1.66628959e-01+1.50472691e-02j
-8.23006316e-01-6.67896038e-03j
-8.81459337e-01-1.45407836e-03j
-2.95219224e-01-2.57524967e-03j
4.16999302e-01+2.02546934e-03j
5.49179343e-01+9.72279019e-03j
3.91664376e-03+3.06906613e-02j
-7.09542990e-01+2.10210374e-02j
-9.10960073e-01+4.22481211e-02j
-4.14398612e-01-1.13962227e-02j
2.93498324e-01-1.62275107e-02j
5.80681567e-01-9.78266465e-03j
1.21713460e-01+9.72853769e-03j
-5.87078349e-01+1.49196718e-02j
-9.41206914e-01+9.49595774e-03j
-5.96973963e-01-8.77275705e-04j
1.40829565e-01-2.33485686e-02j
5.65646253e-01+5.47889467e-03j
2.73945119e-01+3.88456671e-02j
-4.69672784e-01-1.54699973e-02j
-9.14775162e-01-2.56347397e-02j
-6.85392551e-01-4.28610579e-03j
2.65207289e-02-7.01933011e-03j
5.45855247e-01-9.95921735e-03j
3.50787878e-01+1.96225843e-02j
-3.17815809e-01+2.41605670e-02j
-9.09534773e-01+3.25610577e-02j
-7.55771427e-01-3.04279521e-02j
-1.17969281e-01-3.06428345e-02j
5.25251528e-01+1.49069004e-02j
4.53988078e-01-1.39319925e-02j
-1.96297835e-01+2.52808909e-02j
-8.37968049e-01+1.26515749e-02j
-8.46991465e-01+5.88024915e-03j
-2.85523329e-01-1.43168875e-03j
4.26907982e-01-4.96987208e-03j
5.84471473e-01-3.63818206e-02j
-6.29393389e-02-1.58379399e-03j
-7.65366769e-01+8.86267286e-03j
-9.78074337e-01+6.10593762e-03j
-3.83981353e-01+1.77573190e-02j
3.30607702e-01+2.10559751e-03j
5.87181454e-01+1.78060741e-02j
7.64356036e-02-3.61912313e-02j
-6.65596358e-01+2.42168941e-02j
-9.97336046e-01+1.11944203e-02j
-5.60448931e-01+1.80897114e-02j
2.10805014e-01-7.49626746e-03j
5.63087217e-01-4.25492458e-03j
2.25998767e-01+7.02718012e-04j
-5.16556294e-01-3.11486320e-02j
-9.56462705e-01-3.69578539e-02j
-6.50384276e-01-3.24868076e-02j
6.30234322e-02+9.30734711e-03j
5.63125578e-01+3.72986384e-02j
3.25828364e-01-1.07319132e-02j
-4.00182743e-01-3.49113243e-02j
-9.17815239e-01+3.94337716e-02j
-7.50385694e-01-4.32287381e-02j
-5.77589260e-02+4.55957048e-03j
5.16048520e-01+3.92011690e-02j
4.18789317e-01+2.22381392e-02j
-2.23387840e-01+7.98305168e-03j
-8.55781233e-01+1.64044064e-02j
-8.34531916e-01-1.20165631e-02j
-2.32354925e-01+3.44255214e-02j
4.25971214e-01-4.49347493e-02j
5.24597441e-01-5.94356334e-03j
-1.08927974e-01-9.69854460e-03j
-8.01055890e-01+3.58244201e-02j
-9.74643820e-01+1.79257088e-02j
-3.88888256e-01-8.99155418e-03j
3.63802710e-01-3.81517637e-04j
5.57898664e-01+2.90494977e-02j
3.94550810e-02-5.29641237e-03j
-6.42610172e-01+4.19772430e-02j
-9.28528320e-01-1.27567113e-02j
-4.83663398e-01-1.31842902e-02j
2.00431042e-01+2.26216803e-02j
5.60748904e-01+5.18066936e-03j
1.77937865e-01-2.18237902e-03j
-5.66228002e-01+2.48852543e-02j
-9.81604319e-01+1.51828863e-02j
-6.30990694e-01-1.10031508e-02j
1.21642410e-01+4.71762171e-02j
5.75234975e-01+1.68614675e-02j
3.09424927e-01+1.53173362e-03j
-4.40231272e-01-2.65273091e-02j
-9.74445260e-01-3.72817596e-02j
-7.44508038e-01-3.57728596e-02j
-2.88630363e-02+7.55572050e-03j
5.34867056e-01-8.41675223e-03j
4.12743328e-01+2.58201486e-03j
-2.81473588e-01+1.52501807e-02j
-8.88208122e-01+1.29092248e-02j
-8.20952148e-01-6.94722904e-03j
-1.82614110e-01+2.44438628e-02j
4.69240427e-01-6.94805132e-03j
4.90672329e-01-1.57709346e-02j
-1.56983015e-01-1.62805298e-02j
-7.77998605e-01+1.09939699e-02j
-8.98393185e-01-2.74698542e-02j
-2.97834797e-01-2.08925175e-02j
3.37400672e-01-5.20717574e-03j
5.63647723e-01-3.24769438e-03j
7.49492517e-03+3.20980409e-02j
-6.97155802e-01+1.34925182e-02j
-9.55080886e-01-1.80165207e-02j
-4.63044528e-01+8.92503045e-03j
2.76765418e-01+4.48283539e-03j
5.94226002e-01+1.29508783e-04j
1.13442024e-01-2.06847049e-02j
-6.11844006e-01+9.84683880e-03j
-9.58855548e-01-4.28547725e-03j
-5.90470775e-01-2.75881377e-02j
1.16711138e-01+2.00349793e-03j
5.73296669e-01+3.89067542e-03j
2.79482499e-01-8.02608766e-03j
-4.17360773e-01+5.81181913e-03j
-9.46215851e-01+1.97194481e-02j
-7.41152683e-01-6.65916174e-02j
-2.43070997e-02-2.99681604e-02j
5.32335502e-01+2.87040307e-02j
4.13853258e-01-4.46708190e-02j
-3.31482338e-01+2.12843015e-03j
-8.91635467e-01-8.15839229e-03j
-8.11595745e-01+4.22819989e-03j
-1.30459325e-01+4.20833503e-03j
4.46037523e-01+8.82328595e-03j
4.69455110e-01+4.48006970e-03j
-1.63435094e-01+1.84044002e-02j
-8.54042192e-01+4.89259167e-03j
-8.94621444e-01-1.52232118e-03j
-2.58412162e-01+1.84990497e-03j
4.37210229e-01+2.84031204e-02j
5.08785545e-01+4.33373650e-03j
9.36392358e-03-2.43177528e-02j
-7.43253638e-01-2.90867085e-02j
-8.80764241e-01-2.12988116e-03j
-4.23609154e-01+3.13588662e-02j
2.79298264e-01-2.86737921e-02j
5.71879188e-01-1.05092906e-02j
8.57964175e-02-3.06986130e-03j
-6.11259914e-01+3.47067934e-02j
-9.62419776e-01+1.33956668e-03j
-5.40453233e-01+1.76978712e-03j
1.91967608e-01+4.93019742e-03j
5.57766059e-01-3.38764516e-03j
2.37162441e-01-4.73638164e-03j
-4.67803307e-01-1.26687793e-03j
-9.48263450e-01-1.28413743e-02j
-7.05807181e-01-1.56921247e-02j
5.76059509e-02-1.51808490e-02j
5.75405349e-01+9.74340745e-03j
3.53754976e-01-2.35345030e-02j
-3.86773498e-01-6.96692985e-03j
-9.27410046e-01+3.61817354e-02j
-7.88823822e-01+3.45470353e-02j
-9.56778339e-02+1.70568639e-02j
4.89197380e-01+4.62295753e-02j
4.74155811e-01-3.57448693e-02j
-2.19975702e-01-1.38809757e-02j
-8.13820306e-01+1.50879336e-02j
-8.41719678e-01+8.11437881e-03j
-2.15819929e-01+1.16814120e-02j
4.26294618e-01+1.67072330e-02j
5.13080243e-01+8.07825027e-03j
-6.06167668e-02-1.80616223e-02j
-7.85604465e-01-1.78667346e-02j
-9.18269666e-01-1.60044561e-02j
-3.86311213e-01+1.12476496e-02j
3.50289666e-01+1.35635444e-02j
5.50244333e-01+4.35774498e-03j
6.72597079e-02-1.10008014e-02j
-6.47752704e-01+5.90158880e-03j
-9.47522612e-01-4.63532614e-03j
-5.15959989e-01-9.94580445e-03j
2.11973585e-01+1.04077764e-04j
5.74784576e-01-3.13139538e-03j
1.91953744e-01-5.99329139e-03j
-5.32451177e-01-9.58554897e-03j
-9.43581679e-01+1.40380613e-02j
-6.78412309e-01-4.08192381e-03j
8.94538464e-02+1.71489598e-02j
5.81569059e-01-2.65843086e-03j
3.14348209e-01+2.17543197e-02j
-4.00529510e-01-2.98457619e-03j
-9.27089133e-01-1.10321336e-02j
-7.61643454e-01-2.32257150e-02j
-1.98459476e-02-2.09093524e-02j
5.09283866e-01+3.60886334e-03j
4.29409519e-01-8.34851706e-03j
-2.43687635e-01+5.92517402e-03j
-8.65949035e-01+3.03101225e-03j
-8.26103641e-01-6.94153367e-03j
-2.08563256e-01-1.65674009e-03j
4.35922569e-01-1.35414420e-03j
5.01854106e-01-2.15554619e-02j
-1.01380920e-01+1.11858316e-04j
-7.83731809e-01-5.64219837e-03j
-8.80319329e-01+3.78916353e-03j
-3.17253943e-01+7.55894144e-03j
3.53799419e-01+2.36346580e-02j
5.44084509e-01+3.35719234e-03j
1.42788214e-03+3.61105146e-03j
-6.86092414e-01-2.78381987e-02j
-9.45906742e-01+1.62155384e-03j
-4.91547972e-01+6.43564938e-03j
2.56900511e-01+1.29526543e-02j
5.51030685e-01+2.91009486e-02j
1.49404262e-01+1.80447622e-02j
-5.40671425e-01-1.03892685e-03j
-9.24084866e-01+1.27554855e-02j
-6.43362020e-01+8.01205321e-03j
1.56027238e-01-1.92417604e-02j
5.56406467e-01-2.01809842e-02j
2.95603143e-01+1.08746094e-02j
-4.39457965e-01-9.12553891e-03j
-9.56769540e-01-1.63972563e-02j
-7.30412096e-01-1.66077440e-02j
7.15852780e-03-3.18414234e-03j
5.31941564e-01-7.28020177e-03j
3.69589634e-01+2.80752048e-02j
-3.01829143e-01+1.37426336e-02j
-8.76208015e-01+2.83845317e-02j
-7.87902648e-01-2.15415259e-02j
-1.44158008e-01-1.58324841e-02j
4.71030598e-01+1.46041113e-02j
4.73158678e-01-4.05285162e-02j
-1.67725690e-01+1.34872987e-02j
-8.09411376e-01-4.71044134e-03j
-8.94936241e-01-5.43924545e-02j
-2.99068210e-01-3.74697797e-03j
3.87945535e-01-1.60784644e-02j
5.66032125e-01+1.77920698e-03j
-4.20770486e-03+3.86340720e-03j
-7.53517887e-01+2.79862814e-02j
-9.28908135e-01+1.68451450e-02j
-4.24123855e-01-1.45990912e-02j
3.06959034e-01+9.40917292e-03j
5.55046509e-01-2.00704644e-03j
1.42812117e-01-1.60038216e-02j
-6.37543084e-01+6.85836070e-03j
-9.60691460e-01+1.44462343e-02j
-5.92470885e-01-1.82146076e-02j
1.91988667e-01-4.62561501e-03j
5.92286127e-01+5.83110916e-03j
2.53032188e-01+1.68631107e-02j
-4.83935963e-01+2.65276908e-02j
-9.47496553e-01+3.38411888e-02j
-6.88699812e-01+1.91853958e-02j
3.38759341e-02+3.85166932e-02j
5.39535625e-01+3.10088287e-02j
3.46343000e-01+5.15875769e-02j
-3.53564403e-01+9.25969296e-03j
-8.85358274e-01+1.53925088e-02j
-7.72328361e-01+1.16042138e-02j
-1.02550097e-01+3.37529172e-02j
5.01699914e-01+2.17910128e-03j
4.58164284e-01+2.35341087e-02j
-1.92868373e-01+5.54711440e-03j
-8.59023702e-01+5.28751622e-03j
-8.37169969e-01-1.93097300e-02j
-2.68393607e-01-7.80687824e-02j
4.32071257e-01+1.09960452e-02j
5.22877661e-01+2.72093886e-03j
-1.07206744e-01-2.36987132e-02j
-7.63133351e-01-3.15784233e-02j
-9.12207234e-01-3.42178076e-02j
-3.94295758e-01+6.71800756e-03j
3.14502647e-01-2.23400162e-02j
5.82747233e-01-2.94965481e-03j
8.82970932e-02+1.53739938e-02j
-6.68628611e-01+2.82408506e-02j
-9.52071656e-01+3.76626763e-02j
-5.41022113e-01+4.57295429e-03j
2.49455320e-01-1.36814988e-02j
5.55503332e-01-1.20663503e-02j
2.41784419e-01-8.09783804e-03j
-5.30654257e-01-1.06436514e-02j
-9.23078073e-01+2.93130171e-02j
-6.67893812e-01-1.10391802e-02j
3.79317955e-02+2.50023981e-03j
5.56769758e-01+2.01228630e-02j
3.38883599e-01-1.48857921e-02j
-3.99593949e-01+1.00788859e-02j
-8.98022655e-01-5.04370123e-03j
-7.45181092e-01-7.72980328e-03j
-5.15893924e-02+2.21368409e-02j
5.14177213e-01+1.25579924e-02j
4.33244178e-01+2.07729799e-02j
-2.12586588e-01+1.52606067e-02j
-8.60004973e-01+1.19893174e-02j
-8.54000893e-01-1.27000797e-02j
-1.78874010e-01+3.29172994e-02j
4.35727015e-01-2.88279147e-02j
5.11965207e-01+8.25842739e-03j
-1.26276256e-01-1.49495850e-02j
-7.87281341e-01+4.75612523e-03j
-9.55186312e-01-7.00062384e-03j
-3.42113461e-01+2.35696202e-02j
3.91621106e-01+5.41396752e-03j
5.47174110e-01+1.69681918e-02j
5.68362867e-02-9.74975577e-03j
-6.70671123e-01+3.12221283e-02j
-9.32058674e-01+1.27584809e-02j
-4.60378888e-01-1.52135380e-02j
2.44642163e-01-8.24345038e-03j
5.54937530e-01-6.87633570e-03j
2.15320935e-01-6.25656563e-03j
-5.59592263e-01+2.01551355e-04j
-9.46247501e-01+7.56948722e-03j
-6.25031107e-01-2.29817749e-02j
1.28727420e-01-3.54562974e-02j
5.70128631e-01-4.18460392e-03j
3.22342145e-01-2.81163114e-02j
-4.26682336e-01+1.21634966e-02j
-9.21715047e-01-1.97698860e-03j
-7.49917357e-01-1.80672695e-02j
-3.59608335e-02-1.89637225e-02j
5.17479764e-01-5.80444203e-03j
3.67320583e-01-1.46985996e-02j
-3.01671394e-01+6.71298908e-03j
-8.65410544e-01+1.60521190e-02j
-8.04962490e-01-1.57243059e-02j
-1.35014503e-01-1.44083774e-02j
4.84681383e-01+2.29957804e-02j
4.74895717e-01+7.99911100e-03j
-1.19248837e-01+4.39990813e-03j
-8.13024711e-01-1.44044758e-02j
-9.12887723e-01+1.98074036e-02j
-3.32204435e-01-3.51081947e-03j
4.04806880e-01+1.84779248e-02j
5.39160563e-01-2.04552051e-02j
-1.79648943e-03-1.69259991e-02j
-7.10294191e-01-5.48664210e-03j
-9.27995653e-01+5.34891374e-03j
-4.58925352e-01+3.39942254e-03j
2.61573599e-01-3.50482613e-02j
5.70779344e-01-3.21069016e-03j
1.48568959e-01-1.71624818e-02j
-5.72681064e-01-2.05607092e-02j
-9.12080755e-01+3.09455356e-02j
-5.47035431e-01-4.05221114e-02j
1.58933462e-01-2.03778853e-02j
5.67374979e-01-1.15473953e-02j
2.49905113e-01-3.05762259e-03j
-4.36847829e-01-1.49975169e-02j
-9.67381080e-01+9.75545942e-03j
-7.12361948e-01-2.86598319e-03j
-1.37745547e-02+2.32750297e-02j
5.44516801e-01-4.83849913e-02j
3.62275500e-01+2.26645524e-02j
-3.12669968e-01+1.06642883e-02j
-9.17614508e-01-2.71336075e-02j
-7.90094599e-01-2.09219202e-02j
-1.56673131e-01+6.25845255e-03j
4.66138441e-01+1.41057847e-02j
4.42948919e-01+1.37932528e-02j
-1.52804997e-01+3.74724266e-03j
-8.44001495e-01+9.52961812e-03j
-8.82363419e-01+1.21202711e-02j
-2.83010678e-01+8.14603075e-04j
4.31067478e-01-7.63199855e-03j
5.49232694e-01+5.45624974e-04j
-2.83604182e-02+3.38625800e-02j
-7.64159241e-01+6.56712966e-03j
-9.21690190e-01+1.68876609e-02j
-4.02930369e-01+2.78122213e-02j
2.53099948e-01-7.14071308e-03j
5.82377161e-01-2.42113667e-02j
6.56992653e-02-3.78753556e-02j
-6.38636684e-01-1.04808347e-02j
-9.72557982e-01-4.31067216e-02j
-5.35042269e-01+9.16956476e-03j
1.78799978e-01+2.17634647e-03j
5.87764490e-01-8.05306942e-03j
2.50369528e-01+1.11366702e-04j
-4.96631875e-01+5.37987545e-03j
-9.62193735e-01-5.92824999e-03j
-6.66146342e-01+2.50909570e-02j
3.45151072e-02-4.13571191e-02j
5.62881450e-01-5.49919223e-03j
3.18015713e-01+3.42949005e-02j
-3.82688881e-01+1.83589090e-03j
-9.43240953e-01-1.60104885e-03j
-7.57895730e-01-2.19214551e-02j
-7.23946027e-02-3.74995890e-02j
5.04917895e-01+2.16722542e-02j
4.44863655e-01-1.97054908e-02j
-2.46389641e-01-4.82834377e-02j
-8.45862154e-01+2.08345857e-02j
-8.54848134e-01-2.82992332e-02j
-2.72251990e-01+1.22950611e-02j
4.58377980e-01-1.17860399e-02j
5.10180604e-01-1.93357739e-02j
-8.51191360e-02-1.60148766e-02j
-7.56027552e-01+2.38002772e-02j
-9.13381133e-01-1.11540854e-02j
-4.09110117e-01-4.12107862e-03j
3.29114012e-01+1.21264924e-02j
5.55813521e-01-1.52579841e-02j
5.33478540e-02+7.11637277e-03j
-6.38214260e-01+5.44401613e-03j
-9.51632134e-01-8.92473017e-03j
-5.06269524e-01-1.14040012e-03j
2.27449785e-01-6.44453809e-03j
5.58597358e-01+1.21858668e-02j
2.30656870e-01-1.66119076e-02j
-5.56800949e-01-6.02369128e-03j
-9.96931681e-01+1.75829147e-02j
-6.22664500e-01+2.66292810e-03j
1.17051912e-01+3.51050927e-02j
5.33888935e-01-1.05635176e-03j
2.70074463e-01-1.39454963e-03j
-3.80289380e-01+3.10526697e-02j
-9.41515507e-01+1.82468670e-02j
-8.00809766e-01-1.09735884e-02j
-6.70875827e-02-1.42299979e-02j
5.41663112e-01-1.10938356e-02j
4.00781418e-01+1.22459459e-02j
-2.88187066e-01+1.23294489e-02j
-8.76135959e-01+1.25036091e-02j
-8.05400886e-01+5.28859749e-02j
-1.66623309e-01+7.48426993e-03j
4.40563920e-01-3.46086332e-02j
4.99151921e-01+1.08023165e-02j
-1.19340970e-01-2.55011725e-02j
-8.00167058e-01+2.50659565e-03j
-9.38639919e-01+2.20044393e-03j
-2.87831625e-01+3.47325971e-04j
4.18259306e-01+1.18978697e-02j
5.67449136e-01-3.91381387e-02j
1.72756916e-02-2.04153925e-02j
-6.59077918e-01-1.74737002e-02j
-9.40632336e-01-3.63313871e-02j
-4.55986682e-01-1.21724186e-02j
2.74067221e-01+1.14632064e-02j
5.31776996e-01-3.41850140e-02j
1.38671388e-01+4.89156067e-03j
-5.86482860e-01+1.42388050e-02j
-9.42674431e-01+2.07261231e-02j
-6.08085562e-01+3.13333784e-02j
1.39613111e-01-1.42695800e-02j
5.90360639e-01+1.74552874e-02j
3.20466940e-01-2.03799548e-02j
-4.20394358e-01+6.33782692e-03j
-9.34440073e-01-3.31737070e-02j
-7.24814815e-01-2.93759445e-02j
1.17801966e-03-1.22662999e-02j
5.30050570e-01-3.19001559e-02j
3.90494031e-01-8.31831800e-03j
-2.99483752e-01+1.22649967e-02j
-8.86451130e-01-1.51507388e-02j
-8.08346187e-01-4.96775927e-02j
-1.56920492e-01-1.46825519e-02j
4.59865056e-01+8.82150925e-03j
4.56430885e-01+1.65517696e-02j
-1.19972611e-01+1.30664455e-02j
-8.57415550e-01+7.50272503e-03j
-8.97967770e-01-5.89037871e-03j
-2.83386229e-01-2.39331181e-03j
4.46893614e-01+1.99400132e-02j
5.77854356e-01+4.54708276e-04j
-3.58600527e-02+1.53640586e-02j
-7.01544459e-01+3.63547263e-03j
-9.23725516e-01-9.30271828e-03j
-4.08661975e-01+2.89896912e-02j
2.61874645e-01-3.81200160e-02j
5.70288335e-01-1.73591462e-03j
1.40639449e-01+2.72813555e-02j
-6.28438044e-01-2.49687011e-03j
-9.47967532e-01+1.82900587e-02j
-5.68558966e-01-3.71536629e-03j
1.70615534e-01+5.10233194e-03j
5.76987921e-01+1.20230497e-02j
2.24208914e-01+9.28451908e-03j
-4.92642229e-01-2.13948769e-03j
-9.32449649e-01-1.91718682e-02j
-6.81830331e-01+3.38825006e-03j
1.65331566e-02+3.93411560e-03j
5.41805568e-01-1.88592635e-02j
3.44210553e-01-5.17553515e-04j
-3.58222338e-01+3.85968742e-02j
-8.95325821e-01-2.03703998e-02j
-8.12949864e-01-3.88547418e-02j
-1.02275483e-01-1.78794490e-03j
4.86784434e-01-1.45108625e-02j
4.39690619e-01+3.47809429e-03j
-2.06536441e-01+2.04303924e-02j
-8.46597396e-01-9.19975907e-04j
-8.64979636e-01+1.46859706e-02j
-2.50550032e-01+9.69028781e-03j
4.32246009e-01-1.63035109e-02j
5.16126746e-01+2.70207497e-02j
-3.66057535e-02-1.30087185e-02j
-7.81504257e-01+1.85039446e-02j
-8.87982213e-01-1.75362426e-02j
-3.76909037e-01+1.49427356e-02j
3.11676401e-01+1.07079851e-02j
5.66563883e-01-8.44684617e-03j
7.25297353e-02-1.39976250e-02j
-6.60405253e-01-1.05888947e-02j
-9.60186967e-01-3.84432249e-02j
-5.37724353e-01+1.38671369e-02j
2.06656472e-01-1.97135524e-02j
6.03365262e-01-1.29133035e-02j
2.09809209e-01+1.25818896e-03j
-5.87923556e-01+2.46522121e-02j
-9.78374041e-01+3.56345276e-02j
-6.50241869e-01-8.95080958e-03j
1.07764869e-01+2.35962061e-02j
5.95105512e-01-5.71522883e-04j
3.14797527e-01+6.55608033e-03j
-3.58307218e-01+1.50245858e-02j
-9.62923856e-01+1.95247410e-02j
-7.72720124e-01+2.05927026e-02j
-4.52796987e-02-5.26183645e-03j
5.20866715e-01-3.15826416e-02j
4.23372027e-01+7.67752633e-03j
-2.23850595e-01+7.47387031e-03j
-8.42320057e-01+1.52540042e-02j
-8.48722407e-01+1.85627397e-02j
-2.36926509e-01+1.20682080e-02j
4.41888817e-01+4.26631279e-03j
4.93743924e-01-1.46589706e-03j
-7.57859141e-02+3.50100642e-03j
-7.81104150e-01-8.70342291e-03j
-8.91424654e-01+4.02028738e-03j
-3.34474473e-01+4.33572888e-03j
3.86598062e-01-3.03015454e-02j
5.11755106e-01+1.81818215e-02j
5.89390035e-02-1.26542535e-02j
-6.80494176e-01+1.94513092e-02j
-9.49474737e-01+1.13301877e-02j
-4.79232000e-01-2.49361050e-04j
2.71944151e-01-1.14334227e-02j
5.82335654e-01+1.16770271e-02j
1.52782943e-01+1.98801800e-02j
-6.04841190e-01-5.41977069e-03j
-9.71382635e-01+5.84863869e-02j
-6.35803568e-01-9.17462809e-03j
9.30423837e-02-4.53457888e-02j
5.45122498e-01+1.70785784e-02j
3.22546247e-01-3.94977360e-02j
-4.41005942e-01+1.14541743e-02j
-9.41933257e-01+2.21489543e-02j
-7.30472236e-01-2.90838747e-02j
7.64406202e-03+1.94642313e-02j
5.49574338e-01+1.59901963e-02j
4.11084896e-01-2.03841948e-03j
-2.98197415e-01+2.43630546e-02j
-8.40793631e-01-1.92610411e-02j
-8.40220719e-01-1.77520506e-02j
-1.71638758e-01-1.20847049e-03j
4.59223005e-01-8.47979311e-03j
4.69412590e-01+3.63335495e-02j
-1.45769101e-01-2.10589403e-02j
-8.68956460e-01-2.17127566e-02j
-8.87241201e-01+2.35361125e-02j
-2.90442579e-01+2.33784076e-02j
3.86349645e-01+2.13099008e-02j
5.64727660e-01+1.57036056e-02j
8.96069333e-03-1.04117669e-02j
-7.06020674e-01+1.45822568e-02j
-9.25103157e-01+9.54940272e-03j
-4.77193126e-01-1.42648026e-02j
2.58813292e-01-2.31480108e-02j
5.91048044e-01-2.89851020e-02j
1.48832622e-01+1.86936581e-02j
-5.70189139e-01+4.16621222e-02j
-9.81683046e-01-4.21756505e-02j
-5.93774514e-01-1.69070850e-02j
1.30432874e-01-1.46252936e-02j
6.04037978e-01-1.02906540e-02j
2.84754836e-01+3.63154863e-02j
-4.90651130e-01+1.15323792e-02j
-9.35156090e-01+9.56336925e-04j
-7.09464693e-01-2.25207948e-02j
2.44982133e-02-1.13450690e-03j
5.76656799e-01-1.97733293e-02j
3.84285389e-01-3.16906817e-02j
-3.21528993e-01+2.00446638e-02j
-8.91904184e-01-1.22592449e-02j
-8.02616913e-01+1.61687693e-02j
-1.24827451e-01+7.31336309e-03j
5.23083692e-01-2.83889598e-02j
4.90177668e-01-2.54986976e-02j
-1.96836334e-01+1.77658346e-02j
-8.32994139e-01+2.09077048e-02j
-8.75030421e-01-6.32949653e-04j
-2.44259947e-01-3.00527078e-02j
4.18041241e-01+1.59595813e-02j
5.36052198e-01+3.49187747e-02j
-1.33360848e-03-3.07462074e-02j
-7.80715614e-01+2.00555296e-02j
-9.17961991e-01-2.16317655e-02j
-4.26296760e-01-2.63256593e-02j
3.08183563e-01-3.81373580e-03j
5.35468380e-01+1.30158833e-02j
1.26659149e-01+1.22270315e-02j
-6.33015231e-01-3.16500716e-02j
-9.90746486e-01-2.20324799e-02j
-5.73456530e-01-1.88680303e-02j
1.95553703e-01-2.16082429e-02j
6.16996777e-01-4.77413982e-02j
2.31951464e-01-1.64951451e-02j
-5.25665757e-01-7.18665510e-03j
-9.74753250e-01-2.87498365e-02j
-6.46755629e-01-3.09152404e-04j
4.97786290e-02+8.84336620e-03j
5.64665593e-01+1.33426237e-02j
3.59770008e-01-5.17527816e-03j
-3.55959005e-01-1.56669986e-02j
-8.78871634e-01-1.34856373e-02j
-8.15683045e-01-8.07215472e-03j
-7.41617783e-02-3.67540778e-03j
4.96119531e-01-2.10618918e-02j
4.50382741e-01+3.17569156e-03j
-2.38775287e-01+3.70309232e-02j
-8.49353820e-01-1.21616429e-02j
-8.21474438e-01+2.77607764e-04j
-2.27411327e-01+1.71821612e-02j
4.23368135e-01+1.04653047e-02j
5.14653954e-01-5.55689267e-03j
-6.27794190e-02-1.89506755e-02j
-7.96191086e-01-3.36264565e-03j
-9.14342788e-01-1.61791083e-02j
-3.92374443e-01-2.89167986e-02j
3.69898245e-01-1.71226485e-02j
5.60041093e-01-6.88514576e-04j
7.37196269e-02-2.25473805e-02j
-6.57134624e-01+4.92550240e-02j
-9.34400662e-01-1.07731104e-02j
-5.40481008e-01-2.00289556e-02j
2.31541494e-01+7.04627620e-03j
6.06714437e-01+2.31067754e-02j
1.89142134e-01+1.98562818e-03j
-5.44729280e-01-5.96759831e-03j
-9.27421231e-01+9.44242179e-03j
-6.54925211e-01-1.51872993e-03j
9.07866459e-02-1.62030262e-02j
5.58834120e-01-1.64176124e-02j
3.28867027e-01-2.08668067e-02j
-3.88715543e-01-8.13236115e-03j
-9.05080878e-01+2.28984957e-02j
-7.61573969e-01-3.77342493e-02j
-5.85505831e-02-1.66830214e-02j
5.40940760e-01+8.28193649e-03j
4.35500285e-01-7.88702705e-03j
-2.24667270e-01+3.77868739e-02j
-8.66168026e-01-3.05041473e-02j
-8.51265179e-01+1.92313791e-02j
-1.83134288e-01-1.87356103e-02j
4.72867030e-01+5.14921446e-02j
4.85098232e-01+5.85070346e-02j
-1.26119424e-01+2.15027829e-02j
-7.75475131e-01-5.21962097e-04j
-9.05607131e-01-1.03359481e-02j
-3.33021199e-01-2.12488299e-02j
3.85413500e-01-1.11543399e-02j
5.29632532e-01-3.12132162e-02j
4.23712548e-02+1.38715565e-04j
-7.15973523e-01-1.80143927e-02j
-9.72549073e-01-2.09352038e-02j
-4.81659214e-01-1.90836064e-02j
3.02411687e-01+8.89848324e-03j
5.94644583e-01+6.07876469e-03j
1.57027094e-01-1.21588445e-04j
-5.91727164e-01-1.70159460e-02j
-9.68987408e-01+1.11210661e-02j
-6.12873394e-01-3.69139940e-02j
1.67486201e-01+2.10578075e-02j
5.15364051e-01-3.73090289e-03j
2.82370758e-01+3.76972864e-03j
-4.43753174e-01-2.14521297e-02j
-9.37398984e-01-1.76353749e-03j
-7.54242090e-01+6.98998182e-03j
-7.88714448e-03-1.20923502e-02j
5.51377272e-01+2.21272622e-02j
4.02175257e-01-1.40466639e-02j
-2.95553600e-01-1.42468239e-02j
-8.82954618e-01+7.51016383e-03j
-7.98469610e-01+1.92316209e-02j
-1.50575556e-01-1.61714405e-02j
4.65980278e-01-3.35638080e-02j
5.03379803e-01+3.03042137e-02j
-1.41550615e-01+2.01370589e-02j
-8.63155286e-01+8.63305366e-03j
-8.90721700e-01-1.12315690e-02j
-2.81639652e-01+2.55021902e-03j
3.72842849e-01+4.30556798e-03j
5.27422221e-01-5.93504215e-03j
-4.95209450e-02+1.33640993e-02j
-7.45765079e-01+5.96878614e-03j
-9.10577474e-01-2.19889533e-04j
-4.18824396e-01-6.90296059e-03j
2.93651339e-01-2.26606122e-02j
5.56719559e-01+7.09900095e-03j
1.18349668e-01+1.41434941e-02j
-5.88275009e-01-5.34081662e-03j
-9.31579257e-01+2.08410863e-02j
-5.54110040e-01+2.69005878e-02j
1.55882711e-01+4.06006733e-03j
5.80501879e-01-8.34880839e-03j
2.78152634e-01+1.27150601e-02j
-4.92630146e-01-3.50510615e-02j
-9.75136305e-01+6.47301313e-03j
-6.94277892e-01-3.78324589e-03j
5.15097083e-02+1.12700395e-02j
5.50719052e-01-2.56589233e-02j
3.36960548e-01+5.02662648e-02j
-3.39839833e-01-2.78228965e-02j
-9.02794380e-01-2.66021321e-02j
-7.85949221e-01-1.79463661e-02j
-9.32717051e-02+4.34570620e-02j
4.80989763e-01-8.01225111e-03j
4.50142243e-01-2.40658790e-04j
-2.12122776e-01+2.14719330e-02j
-8.65811571e-01+1.54386455e-03j
-8.85412399e-01-3.64967123e-02j
-2.89986438e-01+1.04201042e-02j
4.50041659e-01+9.94883137e-03j
5.39378682e-01-1.61339907e-02j
-6.00649241e-02+2.74709522e-02j
-7.39837630e-01-5.83412905e-02j
-8.95821012e-01+4.36249630e-02j
-4.14732131e-01-5.75570824e-03j
3.06279462e-01+1.20757827e-02j
5.73942998e-01-5.39761490e-03j
9.84260525e-02-2.23808448e-02j
-6.43644641e-01-1.23405878e-02j
-9.11069715e-01-8.51603923e-03j
-5.55145563e-01-9.04066874e-03j
2.02764515e-01-3.73059544e-02j
5.69933030e-01-7.97530751e-04j
2.27371469e-01+1.04134274e-02j
-5.22310813e-01-2.96376622e-02j
-9.67734833e-01+1.06580842e-02j
-6.46818972e-01-4.83543784e-03j
6.46163944e-02+3.87929639e-04j
5.72787835e-01+2.42004795e-02j
3.07002550e-01-1.36068789e-02j
-3.73163384e-01+1.79396558e-03j
-9.08368360e-01-5.05206395e-03j
-7.36358878e-01-2.71810113e-02j
-5.30476751e-02-9.55471468e-03j
5.08520563e-01-1.70069430e-02j
4.23082881e-01+8.39997334e-03j
-2.48384430e-01-1.64229044e-02j
-8.77848763e-01+3.37792192e-02j
-8.19029331e-01+9.45169960e-03j
-2.19192095e-01-7.98863969e-03j
4.64368912e-01+4.18915833e-02j
5.50274386e-01-4.94684126e-03j
-6.38483148e-02-2.87880039e-02j
-7.89980872e-01-3.50667812e-03j
-8.48031126e-01-4.77433045e-02j
-3.98747431e-01+4.13048920e-03j
3.89021813e-01+2.49487338e-02j
5.41442005e-01+3.74387553e-03j
5.25951383e-02-2.23404378e-02j
-6.75083761e-01-5.95531403e-02j
-9.52995275e-01-4.18102407e-03j
-4.93127150e-01-1.97206353e-02j
2.59944173e-01-1.40857165e-03j
5.50573825e-01+3.87679490e-03j
1.79429955e-01-6.94677839e-03j
-5.41572806e-01+1.10925290e-02j
-9.45508368e-01+2.07015252e-02j
-6.05805684e-01-2.20047447e-02j
9.45713854e-02-2.40074204e-02j
5.64440305e-01-9.36285851e-03j
3.42153779e-01+7.37399099e-03j
-4.13380345e-01+1.52387366e-02j
-9.48485763e-01+2.18567123e-02j
-7.17500126e-01+1.60586105e-02j
-1.01406481e-02+2.32663662e-02j
5.46847571e-01+1.45905985e-02j
3.94592156e-01+4.78663764e-03j
-2.66681281e-01-3.71521637e-02j
-8.89301321e-01-2.38685902e-02j
-8.41748902e-01-2.09708004e-03j
-1.62054939e-01-1.81419288e-02j
4.75421393e-01+5.65527662e-03j
4.71445701e-01+2.59463263e-02j
-1.87281308e-01-6.19669533e-03j
-7.90589934e-01+2.35456653e-03j
-9.07749712e-01-3.41138363e-02j
-3.50690279e-01-5.20127446e-02j
3.81369961e-01-3.23710507e-03j
4.64865243e-01+1.17521055e-02j
5.72601427e-03+1.94449868e-02j
-6.98327093e-01-3.89034624e-02j
-9.40325678e-01-1.11419656e-02j
-4.55248429e-01+4.92820943e-02j
2.86079396e-01+1.07215192e-02j
5.71042326e-01+2.05958875e-03j
1.02995523e-01+6.83586459e-05j
-6.33592186e-01-4.09961133e-02j
-9.62085087e-01-3.16498898e-03j
-5.85261094e-01-6.41180552e-02j
1.51518544e-01+1.54568296e-02j
5.69046767e-01+8.03133228e-03j
3.09308875e-01-1.27265342e-03j
-4.86162718e-01-2.34046528e-02j
-9.04766460e-01+1.25839264e-03j
-7.00917963e-01-9.27870064e-03j
5.02724324e-02-4.74412336e-03j
5.24921897e-01+4.18211277e-03j
3.83484471e-01-6.15094898e-03j
-3.37536369e-01+1.30005232e-02j
-8.85955268e-01+6.02885642e-03j
-7.84220519e-01-2.13103705e-02j
-1.40136677e-01-1.10749818e-02j
5.17086121e-01-1.49195054e-02j
4.35328953e-01+9.36552225e-03j
-1.90804753e-01-7.63147601e-03j
-8.35399401e-01+7.46310588e-03j
-8.69564488e-01+1.71781224e-02j
-2.53138074e-01+2.75935063e-03j
4.03743783e-01+3.15653701e-02j
5.48420894e-01+1.80571378e-03j
-4.40402009e-02+2.11960738e-02j
-7.83314687e-01+1.68561950e-02j
-9.04621170e-01-1.55091923e-02j
-4.16536449e-01-2.80789845e-02j
3.35700091e-01-1.08284872e-02j
5.61461922e-01-1.24669484e-03j
7.81075462e-02+9.23480126e-03j
-6.77975493e-01+2.36954373e-02j
-9.46107357e-01-3.70649802e-02j
-5.71653146e-01+4.04363142e-02j
1.85836093e-01-2.80222614e-02j
5.87416482e-01-1.74574573e-02j
2.42396497e-01-1.44141353e-02j
-5.28735799e-01+1.91521976e-02j
-9.60839407e-01-9.68871240e-03j
-6.73856472e-01+1.41961143e-02j
3.30990191e-02+2.11006185e-02j
5.48406671e-01-4.33723917e-03j
3.70640794e-01+5.64363522e-03j
-3.72710570e-01+2.85486450e-03j
-9.42288576e-01-1.50707650e-02j
-8.03630204e-01-5.70897854e-03j
-1.13437252e-01+6.41616097e-03j
5.12706680e-01-3.59981070e-02j
3.91969606e-01+4.84023728e-03j
-2.34873750e-01+3.13570668e-02j
-8.91372565e-01+8.88167781e-04j
-8.56918258e-01+9.84754963e-03j
-1.85374719e-01-1.03683101e-02j
4.32882886e-01+1.96380663e-02j
5.22860715e-01-9.23525645e-03j
-8.44102093e-02-2.30657163e-02j
-7.88822604e-01-9.46006203e-03j
-9.23738117e-01+1.02621988e-02j
-3.75525055e-01-1.23769946e-02j
3.47325214e-01-4.02989322e-02j
5.59587242e-01-6.06132215e-03j
1.01669065e-01+2.66072903e-02j
-6.33919738e-01-3.11830390e-02j
-9.60024542e-01+1.42730244e-02j
-4.96100128e-01+1.42712184e-02j
2.25496841e-01-2.38633531e-02j
5.60800724e-01+1.50225284e-02j
2.22065643e-01-3.33839804e-02j
-5.44012772e-01-6.46472456e-03j
-9.84735782e-01-5.77276799e-03j
-6.58965264e-01+5.01126779e-04j
1.03241398e-01+1.34448278e-02j
5.83374167e-01-4.94284688e-03j
2.89666680e-01+1.84623117e-02j
-4.06403239e-01-1.24850708e-02j
-9.48398599e-01-1.19040271e-02j
-7.44382096e-01+7.25506540e-03j
-2.42170672e-02+1.93167742e-04j
5.25176517e-01-1.21777499e-02j
4.25593965e-01-6.00254384e-03j
-2.72027439e-01+1.25535922e-02j
-8.62657049e-01+2.98903881e-02j
-8.36395700e-01+3.93057931e-02j
-2.04756117e-01+7.90729829e-04j
4.58919617e-01-5.44813921e-03j
4.97872560e-01-3.44256535e-03j
-1.17731931e-01-5.70137732e-03j
-8.14683404e-01-1.56301356e-02j
-9.07891645e-01-2.05793775e-02j
-3.32020444e-01-8.34063026e-03j
3.80572620e-01+1.61206178e-02j
6.01334249e-01-6.62289905e-03j
-9.75997397e-03-2.78691759e-02j
-6.95177843e-01+1.34333717e-02j
-9.52907948e-01+1.94134108e-02j
-4.91293016e-01+6.79272470e-03j
2.87142772e-01-1.80529115e-02j
5.71232727e-01+3.85104611e-02j
1.26423439e-01+2.02892826e-02j
-5.68656785e-01-2.28575943e-02j
-9.17359255e-01+2.05478156e-02j
-5.98596487e-01-3.54033491e-02j
1.09914662e-01-1.38105704e-02j
5.55111271e-01+5.28261013e-04j
3.15885865e-01+2.99107518e-02j
-4.35874254e-01+9.24539766e-03j
-9.30719986e-01+1.35471042e-02j
-7.32030685e-01-1.56584876e-02j
-1.53715652e-02+1.25985638e-02j
5.45896284e-01-2.32556658e-02j
3.60671672e-01+6.48042353e-03j
-3.10603576e-01-1.60042603e-02j
-9.05309337e-01-7.17093891e-03j
-8.12276165e-01+4.22354164e-02j
-1.43843474e-01-8.49245824e-03j
4.56723168e-01+1.80918074e-03j
4.55466189e-01+3.85390599e-02j
-1.98258290e-01-5.85620460e-03j
-8.35354839e-01+3.31875547e-02j
-8.92100092e-01-2.87075524e-02j
-2.73919121e-01-5.85654628e-03j
4.12983500e-01-4.25513864e-02j
5.27017895e-01+1.63757607e-02j
-1.69499051e-02-9.35241754e-03j
-7.25609416e-01-8.30380865e-03j
-9.12247880e-01+6.16177163e-03j
-4.78184466e-01-1.29896667e-02j
3.40839221e-01-3.20685080e-02j
5.60884517e-01+1.97027171e-02j
1.48626780e-01+7.00148664e-03j
-5.78045255e-01+3.39218963e-03j
-9.65466694e-01-3.62026272e-03j
-5.80486077e-01-2.18143639e-02j
1.91340437e-01-1.61517036e-02j
5.65905690e-01+3.33271384e-02j
2.85892301e-01-1.99963872e-02j
-4.72010144e-01-2.97195182e-02j
-9.22930960e-01-3.02092599e-03j
-6.82857665e-01+6.75571067e-03j
1.05154028e-02+1.43482961e-03j
5.69409349e-01-4.30439136e-02j
3.70840772e-01+2.91153227e-02j
-3.43062747e-01+1.45792739e-03j
-8.85466449e-01-3.32724533e-02j
-7.96560949e-01+1.69594864e-02j
-9.97989110e-02-2.99823615e-02j
5.72828204e-01+3.12763049e-02j
4.40419088e-01+4.92345364e-03j
-2.16579586e-01+2.89078667e-02j
-8.58490377e-01+3.05713948e-02j
-8.31101206e-01-2.80527824e-02j
-2.57225378e-01-1.04084907e-02j
4.01488836e-01+2.34433725e-02j
5.06003796e-01+2.28957025e-02j
-2.09699154e-02-6.56417439e-03j
-7.46778730e-01-2.29647605e-03j
-9.62908546e-01-5.61086892e-03j
-3.90467254e-01-7.01212854e-03j
3.26859128e-01-2.97845347e-03j
5.69045872e-01+1.40260622e-02j
8.64786965e-02+2.49824916e-02j
-6.51539117e-01+2.37983318e-02j
-9.51550517e-01-2.42678562e-02j
-5.15141703e-01+3.60002958e-02j
2.24310261e-01-2.65349334e-02j
5.73052098e-01-1.38774181e-02j
2.36810388e-01-3.40858591e-02j
-5.22003948e-01-4.02467290e-02j
-9.37955145e-01-2.57008109e-02j
-6.32973445e-01+5.73370497e-02j
1.12653311e-01+1.49247411e-02j
5.89708279e-01+5.14669153e-02j
3.19294681e-01+3.93203159e-04j
-3.76548312e-01-1.61527007e-02j
-9.13793586e-01-2.05533886e-02j
-7.90528079e-01+1.84202174e-02j
-7.39043448e-02-2.55012835e-02j
5.38846964e-01-1.89891733e-04j
3.91391935e-01+3.57118857e-02j
-2.34083214e-01-1.52686726e-02j
-8.61210481e-01-1.44679772e-02j
-8.37532930e-01+4.96508641e-03j
-1.84299502e-01+1.90278315e-02j
4.58193339e-01+2.91520361e-02j
4.49190696e-01-2.27141615e-02j
-7.84351745e-02-9.43622683e-04j
-8.05066699e-01+3.69138587e-02j
-8.85689573e-01-2.73489452e-02j
-3.17188238e-01+4.45464309e-02j
3.57433073e-01-4.70262392e-02j
6.05243960e-01+1.61328063e-02j
3.25853865e-02+2.06019695e-02j
-6.62806139e-01+9.07691695e-03j
-9.22494087e-01+7.17208163e-03j
-5.13494415e-01+5.45887228e-04j
2.46784112e-01+2.25991004e-02j
6.12090224e-01+4.38442921e-02j
1.51299992e-01-4.34889354e-02j
-5.51517572e-01+6.22145511e-03j
-9.38097860e-01+5.32260382e-03j
-6.30288084e-01-2.42971757e-02j
1.37572081e-01-2.90321384e-03j
5.37735778e-01-2.45015632e-02j
2.93473797e-01+2.48503788e-02j
-4.62989398e-01+2.32541461e-03j
-9.44729307e-01-2.15754735e-02j
-7.30183303e-01+1.38080803e-02j
-3.11297849e-02-4.95975920e-03j
5.07844075e-01+1.50780915e-02j
3.90046171e-01+1.64564616e-02j
-3.28066879e-01-6.19536038e-03j
-8.54351793e-01-2.82919438e-02j
-7.80418716e-01-4.38238276e-02j
-1.34617133e-01+1.47796324e-02j
4.92578132e-01-3.83530500e-03j
4.64081938e-01+2.62011066e-02j
-1.13511855e-01+7.96229929e-04j
-8.21953805e-01+1.99091709e-02j
-9.03005150e-01+3.65938876e-02j
-3.16040427e-01+2.99563301e-02j
3.73400884e-01-1.76129192e-02j
5.23489503e-01-3.64127128e-03j
-1.53919072e-02-1.82357432e-02j
-7.00013709e-01+1.32518018e-02j
-9.32107939e-01-2.97028726e-02j
-4.51904988e-01-1.55229466e-02j
2.58356306e-01+2.36344460e-02j
5.90571177e-01+3.73182014e-02j
1.71069421e-01+2.48929016e-03j
-5.96480217e-01-8.04138499e-03j
-9.67364057e-01+4.72259118e-03j
-5.65988730e-01-5.81808525e-03j
1.84178721e-01+4.57091222e-02j
5.80212788e-01+3.93765954e-03j
2.79513137e-01-8.83894762e-03j
-4.87242249e-01+2.46177726e-02j
-9.40754834e-01+3.82729339e-02j
-6.71632269e-01-1.15451308e-02j
5.31018885e-02+1.65231401e-02j
5.47329287e-01-1.99868153e-02j
3.70611063e-01+3.09265494e-02j
-3.50449467e-01-1.56249225e-02j
-9.07824112e-01-2.12298059e-02j
-8.51739356e-01+1.59858055e-02j
-1.58890113e-01-2.88059865e-02j
5.05221731e-01+1.80623920e-03j
4.64575983e-01+3.10692583e-02j
-1.98769465e-01+8.44086097e-03j
-8.35449018e-01+1.81643766e-02j
-8.75188390e-01+2.08151935e-02j
-2.55282093e-01-3.82728847e-03j
4.35901243e-01+1.82442903e-02j
5.79396841e-01-1.83855854e-02j
-1.42167705e-02+1.62466368e-02j
-7.29879021e-01+3.30900046e-03j
-9.19666333e-01+1.10731992e-03j
-4.09372219e-01+4.22707146e-03j
3.08316567e-01+5.07787791e-03j
5.54861300e-01-1.05829841e-02j
8.56090880e-02-2.44064218e-02j
-6.39314938e-01+1.54920084e-02j
-9.52295056e-01-2.72907257e-02j
-5.45700661e-01-9.79820683e-03j
2.02276921e-01-1.09213517e-02j
5.59145828e-01+3.77491726e-04j
2.12063117e-01-2.70125949e-02j
-5.41984644e-01-6.99206424e-03j
-9.78110566e-01-2.28588660e-02j
-6.43789266e-01+2.18580808e-02j
5.36549292e-02+6.61196904e-03j
5.73578874e-01-2.84121720e-02j
3.35545056e-01+1.74062566e-02j
-3.48346264e-01+2.26816835e-02j
-9.31263670e-01+1.69203715e-02j
-7.66986084e-01-6.40586202e-03j
-1.00264327e-01-3.14193681e-02j
5.10832767e-01-2.25137803e-03j
3.95077980e-01-9.29363039e-03j
-2.32203000e-01+2.60299595e-02j
-8.96484739e-01-2.98357284e-02j
-8.57891941e-01-1.29275180e-02j
-2.02668630e-01+8.63214447e-03j
4.22750600e-01+7.91797132e-03j
4.99680367e-01+2.40028611e-02j
-1.13763518e-01-5.63884905e-02j
-7.87524385e-01-1.88242332e-02j
-9.29307223e-01+1.24058593e-02j
-3.87876614e-01-4.06200236e-03j
3.21360584e-01+6.68109616e-03j
5.64663962e-01+6.42738826e-03j
7.48871158e-02-5.27161184e-03j
-6.39715905e-01-5.42081093e-03j
-9.38259048e-01-7.82279795e-03j
-4.86587492e-01+2.50849731e-02j
2.26538116e-01-1.44377765e-02j
5.68360953e-01-3.99891546e-03j
1.99515367e-01-4.82842368e-02j
-5.80211703e-01+4.21351847e-03j
-9.68507533e-01-4.46829571e-03j
-6.52595625e-01-4.58972024e-03j
1.29459212e-01-8.22298497e-03j
5.92126955e-01+2.32382846e-02j
3.58024012e-01-2.23431694e-02j
-4.35057362e-01+7.95794027e-03j
-9.24518857e-01-1.77512156e-02j
-7.60115676e-01-2.07199166e-02j
-4.33064664e-02+6.57626198e-04j
5.29696965e-01-1.84854892e-02j
4.32213023e-01+3.37134338e-02j
-2.88595503e-01+1.54114746e-02j
-8.70178994e-01-1.87467294e-02j
-7.92337140e-01+6.97771214e-03j
-1.78530925e-01+4.38767068e-03j
4.67133820e-01-7.72486545e-03j
5.18729246e-01+2.24434811e-02j
-1.39365945e-01-1.62738479e-02j
-8.34580905e-01+1.58281542e-03j
-9.17836621e-01+8.52196038e-03j
-3.34280290e-01+1.97879344e-02j
3.95831100e-01+2.28401400e-02j
5.75516399e-01-2.52397349e-03j
-7.22533738e-03-4.75981421e-03j
-7.43882162e-01-1.12077046e-02j
-9.57292466e-01-3.21129841e-03j
-4.45564110e-01+1.25005079e-02j
2.49909792e-01+1.05151501e-02j
5.79122075e-01+3.36048073e-02j
1.45363997e-01-2.68766121e-02j
-6.12304656e-01+5.07645381e-03j
-9.71854058e-01-2.15408959e-02j
-5.79383385e-01-1.74826676e-02j
1.51793093e-01-1.00901775e-02j
5.95016532e-01+1.22570079e-03j
2.99650324e-01+1.22200963e-02j
-4.41963743e-01+2.81427947e-02j
-9.14652668e-01+9.99000480e-03j
-6.92593696e-01+1.38154610e-02j
2.18611579e-02-2.72861293e-02j
5.12920442e-01+1.00246184e-02j
3.85340522e-01+5.65638475e-03j
-3.33002818e-01+2.72844387e-02j
-8.11246851e-01-1.58511446e-02j
-8.23580290e-01-4.93388385e-03j
-1.37013674e-01+1.04586820e-02j
5.01262785e-01+1.02962205e-02j
4.70957271e-01-3.29704144e-02j
-1.42287431e-01-2.33100307e-02j
-8.31936170e-01-4.14230592e-04j
-8.93622869e-01-1.81637879e-02j
-2.74508743e-01+3.83259504e-02j
3.85265761e-01-3.80976095e-02j
5.05027134e-01+1.61719402e-02j
-1.75850051e-02+2.27218131e-02j
-7.26746560e-01-1.42554322e-02j
-9.34817206e-01-1.43673455e-03j
-4.38303056e-01+1.31393011e-02j
2.95360991e-01-2.48749647e-02j
5.80199405e-01+2.20358370e-02j
1.04932298e-01+9.18215064e-03j
-5.91585464e-01-2.81139156e-02j
-9.92520977e-01+3.53945866e-02j
-5.76457473e-01+6.11875812e-03j
1.88063775e-01+3.26352622e-02j
5.98149639e-01+8.15200053e-03j
2.38879033e-01+2.55829616e-02j
-4.88967566e-01-3.79555765e-03j
-9.22532808e-01-9.62176336e-03j
-7.02597440e-01+6.92877169e-03j
3.37343782e-02-1.75493447e-02j
5.42625158e-01+1.88035808e-02j
3.73534715e-01+3.47955948e-02j
-3.64097137e-01+1.85298969e-02j
-9.07438062e-01-1.14108551e-02j
-7.68693112e-01-2.20696873e-03j
-1.40937812e-01+1.98595223e-03j
4.83969861e-01-2.47530444e-02j
4.61233079e-01+2.46888449e-02j
-2.09125909e-01-5.69874902e-03j
-8.42168142e-01-5.72074140e-05j
-8.91366487e-01-5.36633415e-02j
-2.30353896e-01-3.16322846e-02j
4.36136456e-01+2.71071850e-03j
5.02156143e-01+7.31681479e-03j
-3.55034983e-02-8.10970936e-03j
-7.95493580e-01-2.79374709e-02j
-9.04672734e-01-2.73068374e-02j
-3.82779301e-01+5.36098319e-02j
3.51767694e-01+3.96945070e-03j
5.10831204e-01+3.43745969e-02j
5.00712262e-02+5.92282290e-03j
-6.50999327e-01-5.94716823e-02j
-9.44795612e-01-7.00987987e-03j
-5.32484761e-01-5.43230134e-02j
2.27007844e-01-6.29478724e-03j
5.86583720e-01+1.76722773e-02j
2.02879829e-01+2.72841741e-02j
-5.52863301e-01+1.38169624e-02j
-9.76830724e-01-2.60410552e-02j
-6.51153119e-01-4.32249985e-04j
5.51025749e-02+6.67946206e-03j
5.77547417e-01+6.59748760e-03j
3.77144201e-01+8.23265356e-03j
-4.27255179e-01-4.19342112e-02j
-8.92715577e-01-1.32155142e-03j
-7.58430799e-01+3.25662054e-02j
-5.11631327e-02-1.13278337e-02j
5.12192886e-01-1.01047450e-02j
4.06952651e-01+6.82100758e-03j
-2.54216990e-01+2.56048467e-02j
-8.33789087e-01+4.22985089e-02j
-8.18702714e-01+2.46233459e-03j
-1.76770319e-01+2.82888729e-02j
4.39252091e-01-5.68146723e-03j
4.82970827e-01+1.43980550e-02j
-1.26649168e-01+4.64718409e-03j
-8.30649875e-01-1.50498201e-02j
-9.05382980e-01+2.35949302e-02j
-3.37039127e-01+1.87804398e-02j
3.89554758e-01+9.40430678e-03j
5.66893759e-01-2.68486780e-02j
2.43895722e-02+2.13381629e-02j
-7.01755921e-01-5.11474901e-02j
-9.35797586e-01-2.92113158e-03j
-4.82732231e-01+2.67676750e-02j
2.35406716e-01-1.79365254e-02j
5.78789620e-01-7.38038429e-03j
1.68175264e-01+1.27452993e-02j
-5.64190939e-01-2.95038922e-02j
-9.42305923e-01+3.70993352e-02j
-6.56212484e-01+3.75482813e-02j
1.32190890e-01-8.77096228e-03j
5.80019695e-01-1.97338455e-02j
2.82654482e-01-1.27503916e-02j
-4.20432263e-01-1.53613654e-02j
-9.36515359e-01-1.43210111e-02j
-7.41181038e-01-1.69294634e-02j
-4.02886965e-02+2.22218145e-02j
5.37655979e-01+2.34947254e-02j
3.80174851e-01-1.72979269e-02j
-3.16376641e-01-1.00807277e-02j
-8.91478823e-01+1.75222143e-02j
-8.56764639e-01+6.99819304e-02j
-1.77202425e-01+3.39386897e-02j
5.05968110e-01-6.34280868e-03j
4.80635443e-01-2.79326145e-03j
-1.39375102e-01-1.29534559e-02j
-7.82795767e-01+2.12069130e-03j
-9.23623536e-01-1.06881617e-02j
-3.13925786e-01+2.85952868e-03j
3.77443460e-01-1.06703618e-02j
5.32375127e-01-1.02362377e-02j
1.60092792e-02-6.15645831e-02j
-7.25167646e-01-1.87614642e-02j
-9.20661734e-01-1.80724738e-02j
-4.21279600e-01+1.54916537e-02j
2.93494593e-01+2.34691080e-03j
5.68326644e-01-2.72013542e-03j
1.20727875e-01-3.74416458e-02j
-6.09406486e-01-1.87689524e-02j
-9.37669628e-01+3.81838765e-03j
-6.11823220e-01+7.51128891e-03j
1.69972189e-01-3.35047740e-02j
5.63668504e-01-2.83707954e-02j
2.67751166e-01-3.71710130e-02j
-4.80437982e-01-1.06124919e-02j
-9.14476926e-01-7.00298350e-03j
-6.77686427e-01+1.14787889e-02j
6.22780905e-02+8.43010962e-03j
5.44592346e-01-6.07618268e-03j
3.51665554e-01-2.53060369e-02j
-3.00470729e-01-4.14602220e-03j
-9.18910114e-01-2.46996095e-02j
-8.02656095e-01-2.72024044e-02j
-1.11979824e-01+1.21172660e-02j
5.32007233e-01+2.39153954e-02j
4.66351269e-01-1.40627257e-02j
-1.74326528e-01+1.29986655e-02j
-8.17655167e-01+3.16416942e-02j
-9.02431548e-01-1.30650924e-04j
-2.59203337e-01-4.93077981e-03j
4.09794402e-01-2.44131115e-03j
5.28200110e-01+1.80335811e-02j
-2.26360920e-02+2.38088670e-02j
-7.13784038e-01+1.97860002e-02j
-9.16622219e-01+1.55328210e-02j
-4.31142478e-01-3.13321086e-02j
3.27265346e-01+2.47327394e-02j
5.19170050e-01-4.47729558e-03j
1.14758143e-01+7.34458640e-03j
-6.17545484e-01+1.35826095e-02j
-9.74548383e-01+2.20021042e-02j
-5.43178560e-01+1.89788280e-04j
2.21118800e-01+3.20435429e-02j
5.89568702e-01-1.39901015e-02j
2.23179346e-01-4.94442126e-02j
-5.18473916e-01+1.03264865e-02j
-9.68073594e-01-4.92923760e-03j
-6.80629826e-01+3.24646468e-02j
5.90040641e-02+6.84307150e-03j
5.89673099e-01-8.47270764e-03j
3.68702669e-01-2.69552338e-03j
-3.80958781e-01+1.32860906e-02j
-9.24885605e-01+1.40307438e-02j
-7.46747119e-01-1.80656640e-02j
-4.32981267e-02+1.05885556e-02j
4.72852507e-01-1.11824062e-02j
4.05960260e-01+5.41570356e-04j
-2.71445042e-01+2.41646231e-02j
-8.71960366e-01-4.46798727e-02j
-8.69114015e-01+5.57255590e-02j
-1.60781257e-01+2.21525186e-02j
4.53745299e-01-1.16578443e-03j
5.29274087e-01+5.82527773e-03j
-8.98936020e-02-3.03859539e-03j
-7.77013318e-01-1.69205367e-02j
-9.20766425e-01+3.16270238e-02j
-3.40441878e-01+5.73509229e-03j
3.27731969e-01-1.90588856e-02j
5.47022652e-01-1.63806840e-02j
7.31391221e-02+1.55715838e-02j
-6.72820868e-01+2.08592912e-02j
-9.33770158e-01-2.46235091e-02j
-4.97333249e-01+4.26217686e-03j
2.20173676e-01-3.10597203e-02j
5.91105861e-01-4.31430210e-03j
1.95982212e-01-2.93649798e-02j
-5.54295060e-01+5.66408863e-03j
-9.57072175e-01-4.18342672e-02j
-6.31574681e-01-1.30841797e-03j
1.13152416e-01+2.43153971e-03j
5.62390663e-01-3.13736561e-03j
3.38877409e-01+5.88642400e-03j
-4.29080385e-01+5.02889954e-03j
-9.18419579e-01+1.44591182e-03j
-7.39121710e-01+5.09091356e-02j
1.70708590e-04+5.31640750e-03j
5.02956523e-01+3.84387367e-02j
4.22503374e-01+2.03860451e-02j
-2.94774230e-01+7.91289723e-03j
-8.78207422e-01+4.23443029e-02j
-8.39347656e-01-1.78435394e-02j
-1.57617431e-01+3.21592045e-02j
4.51066099e-01+4.72832219e-02j
4.62558497e-01-2.34254988e-02j
-1.38319535e-01-5.66496178e-03j
-8.11897147e-01-1.95606294e-02j
-8.64006647e-01-3.54086168e-02j
-3.31696696e-01-2.80597179e-02j
3.74610814e-01+2.10382867e-02j
5.30313619e-01-2.51826322e-02j
1.58549212e-02-1.12442283e-02j
-6.59378575e-01+3.93716429e-03j
-9.51824635e-01+1.01601137e-02j
-4.75925610e-01-1.60044772e-02j
2.59412300e-01-1.43452749e-02j
5.78360205e-01-4.27437719e-03j
1.29628972e-01+2.38679354e-03j
-5.92417904e-01+2.16327149e-02j
-9.64617261e-01-1.40678886e-02j
-5.94683824e-01+1.31463922e-02j
1.40498107e-01-3.66477595e-02j
5.58169194e-01-2.82661584e-02j
2.90850501e-01+1.16855916e-02j
-4.53161399e-01+1.98233083e-02j
-9.57115841e-01-4.09669032e-03j
-6.81270244e-01+6.08889015e-02j
-6.53158666e-03-1.42142254e-02j
5.25598150e-01+1.39792780e-03j
4.00790047e-01-3.52336846e-02j
-3.20567440e-01+1.41140782e-02j
-8.73272155e-01-3.06716946e-02j
-8.22222484e-01-1.94046295e-02j
-1.29667398e-01-1.12823664e-02j
4.78494626e-01-2.98843927e-02j
4.59944113e-01-4.86956806e-03j
-1.63732014e-01+1.64634890e-02j
-7.81675308e-01-5.03920092e-04j
-8.60712963e-01+4.51797802e-03j
-2.65749844e-01-2.93498707e-02j
4.15920548e-01+5.65798346e-03j
5.07473122e-01-1.18181600e-02j
-2.81977037e-03+1.33100854e-02j
-7.48523185e-01+3.51968691e-02j
-9.30895746e-01+8.33288583e-03j
-4.43098353e-01-2.99688508e-02j
2.95068497e-01-1.67131387e-03j
5.58378452e-01-1.13625797e-02j
1.14589559e-01-2.71996392e-02j
-6.14732854e-01-2.35678519e-02j
-9.18213525e-01+1.23384918e-02j
-6.15391201e-01+1.07058754e-02j
1.85052220e-01+1.91838748e-02j
5.91179093e-01+9.91794780e-03j
2.25375565e-01-9.73833253e-03j
-4.87161740e-01-2.55539384e-02j
-9.74196873e-01-1.19044550e-02j
-6.97941115e-01+1.25046923e-02j
4.14987643e-02+2.27084541e-02j
5.47885660e-01-1.30085790e-02j
3.65076036e-01+7.21425071e-03j
-3.46312001e-01+1.56241121e-02j
-9.04176427e-01-9.30302497e-03j
-7.99669951e-01-8.90500571e-03j
-1.08595259e-01-4.69351490e-02j
4.68083030e-01-2.89106691e-02j
4.47763542e-01-2.76989199e-02j
-1.66975720e-01+3.87826519e-02j
-8.51029862e-01-9.07195290e-04j
-8.85107708e-01-1.64513380e-03j
-2.40103885e-01+3.81446778e-03j
4.33145699e-01+2.17310709e-02j
5.18513462e-01+1.24959139e-02j
-1.43083194e-02+8.70842764e-03j
-7.82288809e-01-3.00819729e-02j
-9.21777336e-01+1.95654223e-03j
-3.89752969e-01+1.57131596e-02j
3.36166932e-01+2.35221331e-02j
5.51133845e-01-4.77015566e-03j
8.45776725e-02-2.88686893e-02j
-6.76943802e-01-2.89192648e-02j
-9.24871181e-01+1.41268173e-03j
-5.26329708e-01+3.22375259e-02j
2.34464949e-01-1.78772138e-02j
5.87127961e-01-7.17461747e-03j
1.84081998e-01+3.03638546e-02j
-5.30622807e-01+8.33044890e-03j
-9.96789967e-01-9.63862495e-03j
-6.33695934e-01+1.28532974e-02j
8.81364620e-02-2.62891674e-02j
5.51341588e-01-1.32989586e-02j
3.09625255e-01+3.18404325e-02j
-3.78298671e-01-1.87065721e-02j
-9.21595549e-01+1.08631188e-02j
-7.68235881e-01-2.04710465e-02j
-5.90949776e-02-7.54933879e-03j
5.71820399e-01+2.57499127e-02j
4.15962921e-01-6.69247246e-03j
-2.63023072e-01+2.58152747e-02j
-8.82729462e-01-3.07286539e-02j
-8.23910345e-01-5.54814739e-03j
-1.68277157e-01-1.78909231e-02j
4.90542159e-01+2.10401611e-02j
5.08832143e-01+3.86923755e-02j
-9.40144857e-02+7.31546735e-03j
-7.68265038e-01+1.29270427e-02j
-8.57549469e-01-3.63902843e-03j
-3.42658449e-01-2.09104947e-02j
3.52236735e-01+2.31445126e-02j
5.25121350e-01+1.42508577e-02j
5.88742881e-02-1.49962032e-02j
-7.09497008e-01-2.63731508e-02j
-9.30574724e-01-2.94956078e-03j
-4.65076572e-01+7.27208474e-03j
2.48376136e-01-2.95484463e-02j
6.17147713e-01-4.21832101e-03j
1.63881030e-01-5.20325835e-03j
-5.84988546e-01-2.36254747e-02j
-9.30316461e-01-1.54476690e-02j
-6.02306406e-01+1.87022088e-02j
1.27355703e-01+1.52920008e-02j
5.36327129e-01-7.92208801e-03j
3.11265441e-01-7.69410444e-03j
-4.60561790e-01-5.10650028e-03j
-9.05997968e-01+5.82852217e-03j
-7.48120843e-01+1.10104098e-02j
-1.31010658e-03+1.11649142e-02j
5.52854524e-01-1.34756623e-02j
3.50094675e-01+1.63114607e-03j
-3.43606569e-01+5.09035417e-03j
-8.76143175e-01+1.84193893e-02j
-8.04096609e-01-5.17461114e-02j
-1.37804165e-01+3.85943076e-02j
4.66562648e-01-9.01182357e-03j
4.79347206e-01+1.10542235e-03j
-1.40605999e-01-5.04189999e-03j
-8.36282159e-01-1.54363977e-02j
-8.92420565e-01+9.50292421e-03j
-2.82833592e-01-9.15898771e-03j
4.22329212e-01-2.77701784e-02j
5.66063328e-01-7.44260283e-03j
-2.26575503e-03-2.13341709e-02j
-7.45159790e-01-1.61252763e-03j
-9.69052414e-01+1.31629586e-02j
-4.32334860e-01+1.97072177e-02j
2.84756557e-01+2.14153689e-02j
6.02905382e-01+9.61008977e-03j
1.08868844e-01-9.12240360e-03j
-5.71155911e-01+1.92016716e-02j
-9.78252671e-01-6.97012119e-03j
-5.56083378e-01-2.12957028e-02j
2.08535182e-01-3.39352619e-02j
5.46909726e-01+1.35434799e-02j
2.82980203e-01+1.57979846e-02j
-4.94379896e-01-2.36584540e-02j
-9.56502971e-01-3.50750594e-05j
-6.98451030e-01-2.24693155e-02j
4.27087933e-02+3.73502982e-02j
5.13759430e-01-1.36508511e-02j
3.65150705e-01-4.74103258e-03j
-3.49658611e-01+2.74208158e-02j
-9.08793450e-01-1.03385182e-02j
-8.18242666e-01-8.54438537e-03j
-1.15659602e-01+1.28453312e-02j
5.08221840e-01+1.52512976e-02j
4.94721476e-01+2.59559346e-02j
-1.93008784e-01-7.57324356e-03j
-8.56391348e-01+1.32294653e-02j
-8.94043600e-01-4.93816841e-03j
-2.32242186e-01+2.89261399e-03j
4.12760423e-01+1.97257229e-02j
5.28839237e-01-3.17731447e-02j
-4.19145043e-02+9.08009718e-03j
-7.23752419e-01+1.26479879e-03j
-9.29142822e-01+1.96842268e-02j
-3.90611124e-01+2.68760588e-02j
3.06592023e-01-9.37811730e-03j
5.78697585e-01-1.89086095e-02j
7.67316628e-02+1.47155109e-03j
-6.57827373e-01+1.56423354e-03j
-9.54804377e-01-1.59265537e-02j
-5.33934093e-01-1.44743184e-02j
1.78292459e-01-3.03781371e-03j
5.91446159e-01-3.27514764e-02j
2.45182564e-01-1.89747377e-03j
-4.81182627e-01+1.35127298e-02j
-9.71167423e-01+7.85710596e-03j
-6.87468804e-01-8.05572501e-03j
6.41493993e-02+1.28448352e-02j
5.69551605e-01+8.06751452e-04j
3.46618035e-01+1.35266039e-02j
-3.61919434e-01-3.06329752e-02j
-9.17004905e-01-1.82947002e-02j
-7.81532994e-01-4.72203506e-02j
-8.23103627e-02-2.06969006e-02j
5.14995770e-01-1.45294934e-02j
4.43787836e-01-4.95964005e-03j
-2.15299203e-01-2.02101253e-02j
-8.70173119e-01+2.49141790e-04j
-8.38622524e-01-1.54626975e-02j
-2.11187752e-01-5.19791980e-02j
4.54428779e-01-3.83210593e-02j
4.91037632e-01-1.19618776e-02j
-5.72063958e-02+1.76661611e-02j
-7.92262901e-01-1.57750708e-02j
-8.78056404e-01-8.70391734e-03j
-3.85290719e-01-2.98908853e-03j
3.55865322e-01-1.27746181e-02j
5.97673659e-01+4.48951808e-03j
3.43693489e-02+1.36808884e-02j
-6.58650809e-01+2.12539020e-02j
-9.32464916e-01-1.41722018e-02j
-4.79383020e-01-1.11756531e-02j
2.72695449e-01+2.29097844e-03j
6.01122612e-01-8.04875274e-03j
2.15748453e-01+1.70391216e-02j
-5.34774712e-01-2.73989964e-02j
-9.54951970e-01+1.07217266e-02j
-6.25068632e-01-5.05247409e-03j
1.20544531e-01-2.43280624e-03j
5.59671999e-01+2.57766734e-02j
3.08195016e-01+8.07200609e-03j
-4.29972271e-01-2.46645794e-02j
-9.06101228e-01-1.24972369e-02j
-7.16296132e-01+3.54621442e-03j
-5.05589752e-02+7.12117464e-03j
5.44689132e-01-1.20241173e-03j
4.38540867e-01+1.91055055e-02j
-2.82708323e-01+2.35573233e-02j
-8.58746770e-01+2.35786452e-02j
-8.26792609e-01-1.36773681e-03j
-1.70418714e-01-1.21221298e-02j
4.61354127e-01+3.17486797e-02j
4.81657853e-01-2.48448252e-02j
-1.48475119e-01-3.08413991e-02j
-8.40085053e-01-4.10283096e-02j
-8.81372442e-01+2.12910776e-02j
-3.43055380e-01+3.15841294e-03j
4.15637462e-01+2.76010836e-03j
5.63873892e-01+1.41090130e-02j
-8.11630108e-04+4.36321241e-02j
-6.91930022e-01+1.17073050e-02j
-9.42040505e-01-1.04408815e-02j
-4.73979416e-01+2.85683753e-02j
2.66491850e-01-2.76500085e-02j
5.67071709e-01-3.26192884e-02j
1.54228546e-01-2.91385485e-02j
-5.86952093e-01-3.90740469e-02j
-9.70689463e-01+1.87851436e-02j
-6.16610397e-01-2.20509661e-03j
1.59769866e-01+1.98300930e-03j
5.37220740e-01+4.09723546e-02j
2.58526631e-01+3.21053079e-02j
-4.83029770e-01+3.58632003e-02j
-9.79003503e-01-2.61234120e-02j
-7.32823931e-01-1.05688296e-02j
-1.43115017e-02+1.74316769e-02j
5.63112784e-01+3.86489050e-02j
3.80925687e-01+3.08777147e-02j
-3.05494536e-01+1.94869016e-02j
-8.93876674e-01-3.30070296e-03j
-8.03214637e-01-1.45295602e-02j
-1.19264448e-01+9.60682293e-03j
4.86058890e-01-1.94336909e-02j
4.57369092e-01-1.45622306e-02j
-1.65442072e-01-1.43511536e-02j
-8.15942286e-01+2.76336612e-02j
-8.63920241e-01+1.67539893e-03j
-2.69881649e-01+1.51678414e-02j
4.12086139e-01-2.60560359e-02j
5.33688124e-01+4.53461729e-03j
-5.42393041e-02+2.33633238e-03j
-7.10665180e-01+2.27602121e-02j
-9.24434266e-01+4.62881294e-02j
-4.54859288e-01+6.10309691e-03j
2.74492137e-01-2.92803213e-02j
5.77483558e-01-1.68914863e-02j
1.32478010e-01-1.07778713e-02j
-6.70195994e-01+2.52511483e-03j
-9.66106903e-01+3.38619593e-02j
-5.41570119e-01+1.84340705e-02j
1.88920754e-01-1.27329376e-02j
5.81481419e-01+1.70562736e-02j
2.70600357e-01-7.41763077e-03j
-5.22127324e-01+3.63028524e-02j
-9.25104464e-01-3.27530315e-02j
-6.83198707e-01+1.06195948e-02j
4.35731123e-03-2.75296764e-03j
5.36708786e-01-7.74245196e-04j
3.36767430e-01+1.94011234e-03j
-3.63048736e-01-4.35022248e-02j
-8.95775250e-01+1.62379255e-02j
-7.69322582e-01+3.25090162e-02j
-1.06456910e-01-1.55945368e-02j
5.03386920e-01-1.95139928e-02j
4.52460188e-01+2.35679886e-02j
-2.11038969e-01-2.93028911e-03j
-8.40686076e-01-6.37490816e-04j
-8.89220022e-01+1.20669753e-02j
-2.36317303e-01+1.51930588e-02j
4.30199316e-01+2.79694226e-02j
4.98030143e-01-1.44986439e-02j
-3.96333615e-02+2.04793680e-02j
-7.63995703e-01-8.25266326e-03j
-9.00636434e-01+1.05025346e-03j
-3.70586746e-01-3.46821025e-02j
3.60261203e-01+7.54467589e-03j
5.79509817e-01-4.91658312e-03j
5.51905075e-02+3.95049319e-02j
-6.54795374e-01-9.20106514e-03j
-9.18081254e-01+7.16486190e-03j
-5.36897714e-01-1.23393394e-02j
2.32932299e-01+1.29805480e-03j
5.90859028e-01-3.06729383e-02j
2.23068270e-01-3.19744016e-03j
-5.14330473e-01+9.83194181e-03j
-9.28497091e-01-3.66954983e-03j
-6.49384880e-01+1.85988664e-02j
9.64940814e-02-2.40821757e-02j
5.30020277e-01+1.42279641e-02j
3.13359625e-01+2.10535303e-02j
-4.05054238e-01-9.43550544e-03j
-8.88088128e-01-2.53364822e-03j
-7.51245468e-01+2.65985843e-02j
-8.11030082e-02+2.49765700e-03j
5.04620018e-01-3.33128421e-03j
4.39010661e-01-2.07395080e-02j
-2.40942045e-01-4.22534850e-02j
-8.76844747e-01-4.09956192e-02j
-8.62936370e-01+1.02129147e-02j
-2.00064266e-01-2.62859226e-02j
4.75300097e-01-4.63164746e-03j
5.14711513e-01-4.73778922e-02j
-1.09081936e-01+2.59640818e-02j
-8.20272407e-01+6.24942699e-03j
-9.43114201e-01-1.78397816e-02j
-3.46131493e-01-3.24927087e-03j
3.93389446e-01-2.77227604e-03j
5.11367570e-01+9.97292430e-03j
6.75113580e-03-1.29182692e-03j
-7.26365256e-01+1.34780311e-02j
-9.37307275e-01-6.74744798e-03j
-4.83304060e-01+3.50850074e-02j
2.43407319e-01+5.44350433e-03j
5.49512581e-01-2.15640290e-02j
1.56803864e-01-1.82509126e-03j
-5.76533024e-01-3.41033387e-03j
-9.61290445e-01-3.70315982e-03j
-6.44464601e-01+7.77356714e-04j
1.43730704e-01+7.86698172e-03j
5.69768256e-01+3.59668245e-03j
2.93211734e-01-4.14527689e-02j
-4.66622734e-01+5.89635623e-03j
-9.50957424e-01+3.01281799e-02j
-7.13803928e-01-1.22869552e-02j
-3.20052625e-03-2.27865743e-02j
5.25117608e-01-3.24018722e-02j
3.93982167e-01-1.95210776e-02j
-3.03731615e-01+1.48550716e-03j
-8.41565941e-01+2.16678750e-03j
-7.88960219e-01-1.67492174e-02j
-1.42160927e-01-5.91717627e-03j
4.76321003e-01+3.37671730e-03j
4.82178873e-01+3.76354308e-02j
-1.58719613e-01+2.66483470e-02j
-8.32872057e-01-1.26607359e-02j
-8.86051896e-01+1.98629702e-02j
-3.15017386e-01+1.16475391e-02j
3.64845647e-01+8.70062662e-03j
5.29850426e-01+9.36725455e-03j
-2.36830207e-02-1.15513277e-03j
-7.52364234e-01-1.24821163e-02j
-9.16779078e-01-2.28183758e-02j
-4.23884480e-01+1.68131772e-02j
2.77167704e-01-3.03613394e-02j
5.68348195e-01+2.23302826e-02j
1.37600211e-01+2.08235072e-02j
-6.10012892e-01+1.79294357e-02j
-9.47117782e-01+5.62051803e-03j
-5.90943313e-01-3.68845563e-02j
1.70450907e-01+3.13402060e-03j
5.80049396e-01-2.31165204e-02j
2.46019891e-01+2.57812066e-02j
-4.73713225e-01-5.13461358e-03j
-9.37771387e-01+4.92579893e-02j
-7.13899891e-01-9.79242312e-03j
3.34256400e-02+9.00968022e-03j
5.14849383e-01-1.26693199e-02j
3.65324467e-01+1.04148093e-03j
-3.19482545e-01-1.49886519e-02j
-8.98459638e-01+2.66811970e-02j
-7.65755300e-01-4.06603111e-02j
-1.10843672e-01-1.91135264e-02j
5.20962773e-01-3.28949412e-03j
4.73593510e-01+1.74861813e-02j
-2.00489860e-01-2.10607834e-02j
-8.50614658e-01-1.50781061e-02j
-8.54711390e-01-3.77119890e-02j
-2.72455233e-01+1.63142890e-02j
4.51885231e-01+3.40238556e-03j
5.32271612e-01+3.50000982e-03j
-7.24090521e-02+1.60508731e-02j
-7.21531692e-01-4.18446981e-02j
-9.37492479e-01+1.21287177e-02j
-4.37187951e-01-9.80749926e-03j
2.96530606e-01+6.59529382e-03j
6.06618743e-01+4.68938055e-02j
1.16412378e-01-2.65637498e-02j
-6.48772378e-01-1.07100554e-02j
-9.99242349e-01+3.89194953e-02j
-5.42783102e-01-1.18901203e-02j
2.22087773e-01-4.12793552e-03j
6.40530274e-01+1.19172867e-02j
2.29218620e-01-1.09967256e-02j
-5.28137805e-01-1.32335973e-02j
-9.61111445e-01+3.22149737e-03j
-6.51289637e-01-2.74527489e-02j
7.45596739e-02+5.93125986e-05j
5.51599883e-01-2.77265904e-02j
3.41642005e-01+3.92362993e-02j
-3.87961491e-01+6.29876134e-04j
-9.08991273e-01-1.60236651e-02j
-7.92883696e-01-1.48183701e-03j
-8.09075619e-02+1.84049772e-02j
5.20806362e-01+1.46267269e-02j
4.19264673e-01+3.43639927e-02j
-2.29132964e-01+1.91497511e-02j
-8.35749663e-01-2.91512159e-03j
-8.39930623e-01-6.78739989e-03j
-1.59748716e-01-1.38895484e-02j
4.58348168e-01+2.55501668e-02j
4.87708482e-01-1.89735773e-02j
-9.89122465e-02+8.12558971e-03j
-7.92420783e-01+4.48484462e-02j
-9.26605001e-01+7.61553003e-03j
-3.53009989e-01+4.55165213e-02j
3.63836880e-01+1.73394937e-02j
5.36103794e-01+1.14211560e-02j
9.40829032e-02-1.59002310e-02j
-6.80694290e-01+4.66409860e-02j
-9.33530649e-01+1.19131102e-02j
-5.04928306e-01+8.07847885e-03j
2.30756809e-01+3.85911203e-02j
5.57341535e-01+1.53984412e-02j
1.47091475e-01+4.64558348e-02j
-5.44296024e-01+9.04224713e-03j
-9.67675282e-01-7.91586498e-03j
-5.91602286e-01+7.48158665e-04j
1.01667052e-01+7.33950207e-03j
5.76661833e-01-1.61158449e-02j
3.05985271e-01-1.02929710e-02j
-4.37549833e-01-6.04617772e-03j
-9.23123031e-01+1.92645152e-02j
-7.06188008e-01-2.27538132e-02j
-2.45668919e-02+7.37891129e-03j
5.14815277e-01-9.54391939e-03j
4.20754026e-01+1.13607446e-02j
-3.04248627e-01-2.10808995e-02j
-8.51437573e-01-1.52925658e-02j
-8.40539939e-01-1.42893664e-02j
-1.80430267e-01+2.64708228e-02j
4.79872257e-01+3.43679792e-02j
4.84429148e-01+2.32025170e-03j
-1.00742376e-01-9.15645126e-03j
-7.88411267e-01+7.32733772e-04j
-9.29130032e-01-7.06683886e-03j
-3.45568905e-01+2.33116147e-02j
3.65095925e-01+2.41327570e-02j
5.28593393e-01-3.80911700e-02j
1.01256512e-02+1.09945318e-02j
-7.21399366e-01+3.34744879e-02j
-9.01409528e-01+2.45696912e-02j
-4.59049970e-01-3.01785057e-02j
2.93816977e-01-5.70417739e-03j
5.55720457e-01+1.02783230e-02j
1.84802451e-01+4.65737945e-02j
-6.14776755e-01+3.81298204e-02j
-9.75957434e-01+1.52703952e-02j
-5.69978049e-01-2.22129067e-03j
1.00888581e-01-2.03869340e-02j
5.67371641e-01-1.93724480e-02j
2.57575504e-01-4.30839644e-03j
-4.36564322e-01+3.19477569e-02j
-9.24018543e-01+1.57680347e-02j
-7.02428562e-01+2.35611257e-02j
-6.20706139e-03+1.70980646e-02j
5.36957895e-01-3.84830490e-02j
3.94097211e-01+1.72890826e-02j
-3.34875020e-01-5.77830629e-03j
-9.17195879e-01-1.31420212e-02j
-7.79237728e-01-3.01560553e-02j
-1.23889899e-01+2.22958160e-02j
4.96386001e-01+1.35326049e-02j
4.50102966e-01+2.13626454e-02j
-1.56335632e-01+1.98099858e-02j
-8.43122241e-01+7.21704947e-02j
-8.67560083e-01+4.64284965e-03j
-2.79944352e-01+1.48419564e-02j
4.37091506e-01+1.59441563e-02j
5.49088278e-01+5.90724044e-03j
-5.91809890e-02+2.16123832e-02j
-7.58292296e-01+1.22265180e-02j
-9.39046262e-01+1.70670579e-02j
-4.41412232e-01+1.78001500e-02j
3.14194274e-01-5.44585234e-04j
5.61265434e-01+2.70630720e-02j
9.57759893e-02-3.41257613e-04j
-6.62107606e-01+3.84047760e-03j
-9.55331989e-01-2.54472786e-02j
-5.64798415e-01-6.42012643e-03j
2.02418319e-01+1.79413939e-02j
5.69826427e-01-6.17754176e-03j
2.01421268e-01-6.95344150e-03j
-5.25808983e-01-2.90969270e-03j
-9.48385312e-01-1.48949240e-02j
-7.17177795e-01-1.54032333e-02j
2.07782154e-02-1.84989541e-02j
5.54955181e-01+9.36799831e-03j
3.43846201e-01-4.96861244e-04j
-3.51773793e-01+9.18082322e-03j
-9.30408020e-01-3.11957739e-02j
-7.94108722e-01+1.09522766e-02j
-1.15254861e-01+2.13446761e-02j
4.97856728e-01-2.74438403e-02j
4.32282856e-01-6.64075010e-03j
-2.08862438e-01+2.10271994e-02j
-8.43007803e-01-1.76574685e-02j
-8.51166783e-01+4.71038921e-02j
-2.38103372e-01+9.82047635e-04j
4.37097188e-01+3.47877397e-02j
5.10206399e-01-3.29957535e-02j
-7.38293637e-02+5.92435446e-03j
-7.35869298e-01-6.88992244e-03j
-9.07312980e-01+1.79919585e-02j
-3.95697181e-01+1.98021762e-02j
3.50281940e-01+8.56340556e-03j
5.63168701e-01-3.52271907e-03j
7.43523685e-02+1.79708762e-02j
-6.49199684e-01+1.90802564e-02j
-9.27063456e-01+1.46338541e-02j
-5.45861796e-01+1.47252334e-02j
2.21243032e-01-3.93379760e-02j
5.58319066e-01-2.34480223e-02j
2.01832432e-01+2.60502019e-02j
-5.41416575e-01+6.35009883e-03j
-9.58480716e-01+9.52358120e-03j
-6.41303874e-01-2.10214198e-02j
1.24166399e-01+3.61880964e-03j
5.62271766e-01+1.71526402e-03j
3.23185456e-01-1.89763982e-02j
-4.09135537e-01+1.92304963e-02j
-9.13508183e-01-1.85774108e-02j
-7.58982143e-01+5.69883311e-03j
-5.92184827e-02-2.99481516e-03j
5.44110665e-01+2.16319916e-02j
4.12296131e-01-2.00566328e-02j
-2.70471348e-01-3.73749516e-03j
-8.63257015e-01+8.62899078e-03j
-8.51203160e-01+4.36020752e-03j
-1.75191255e-01-2.25712091e-03j
4.87942786e-01-1.10244168e-03j
4.80005222e-01+3.06558663e-02j
-1.40310325e-01-2.85385099e-03j
-7.81342584e-01+3.80382049e-02j
-8.71263494e-01-8.33718064e-03j
-3.26813593e-01+3.11671380e-02j
3.63947526e-01-1.18675677e-02j
5.35488440e-01-3.31319658e-03j
1.63492025e-02+1.00313188e-02j
-7.48323849e-01-1.25363050e-02j
-9.13980568e-01+2.31026871e-02j
-4.33357047e-01-6.46195988e-04j
2.65496693e-01+3.46324290e-03j
5.83246404e-01+4.08835797e-02j
1.88824562e-01+6.13636697e-03j
-5.80982852e-01+3.07047375e-02j
-9.85195358e-01-1.25567886e-02j
-6.25993150e-01+1.13077456e-02j
1.47727195e-01-4.83054143e-02j
5.63844238e-01+2.13077835e-02j
2.94712698e-01-2.05088514e-02j
-3.87240907e-01-4.56522927e-02j
-9.25765537e-01-7.80639479e-03j
-7.26450986e-01-8.07728109e-03j
-2.28499227e-02+4.01917941e-03j
5.07697410e-01-1.60998389e-02j
4.17668904e-01-5.37282703e-02j
-2.72647333e-01+5.61104412e-03j
-9.26587734e-01+1.37520083e-02j
-7.83737784e-01-1.12509365e-02j
-1.67417129e-01+2.07988824e-03j
4.78258418e-01+3.54404792e-02j
4.62401975e-01+7.24963441e-03j
-1.29904380e-01-8.04106951e-03j
-8.29600816e-01+2.31330030e-02j
-8.81159978e-01+1.84505532e-02j
-2.78098312e-01+4.56503721e-02j
4.00372667e-01-5.05386454e-02j
5.38676407e-01-2.82629766e-02j
3.15309967e-03+1.84195856e-02j
-7.09050109e-01+2.39256894e-02j
-9.22262725e-01+2.94799083e-02j
-4.23476664e-01-3.18888042e-02j
3.01907761e-01-4.57223914e-03j
5.76704383e-01-1.88228455e-02j
1.57969300e-01-4.31338911e-02j
-6.06367768e-01-2.49886504e-03j
-9.58124719e-01-1.27356534e-03j
-5.64029372e-01+3.41536552e-02j
1.76602389e-01-3.11614224e-02j
6.20489533e-01+1.22568024e-02j
2.44650435e-01-1.35797233e-03j
-4.68731728e-01+8.12969133e-04j
-9.23545418e-01-1.92585715e-02j
-6.98768447e-01-1.12760571e-02j
5.44469346e-02-4.69778687e-02j
5.38212179e-01+1.07186385e-03j
3.72363316e-01+3.71486610e-02j
-3.06915651e-01+3.53966934e-03j
-9.16947027e-01-1.95734590e-02j
-7.68600145e-01-1.28794011e-02j
-1.25624178e-01+4.54641770e-03j
4.86868760e-01+3.90517673e-02j
4.48916381e-01-3.03311972e-02j
-2.01373577e-01+1.41584425e-02j
-8.45587282e-01-8.08824460e-04j
-8.61962040e-01+2.18099169e-02j
-3.09111809e-01+1.80894855e-02j
4.37081489e-01-1.99900939e-02j
4.95141253e-01+2.91395288e-03j
-1.68052615e-02-8.35820066e-03j
-7.62551654e-01+3.09640755e-03j
-9.32742188e-01+1.61687260e-02j
-3.79611343e-01+1.69739661e-02j
3.02473751e-01+1.30702163e-02j
5.26149218e-01-2.20314443e-02j
1.24606948e-01-8.65840810e-03j
-6.55954843e-01+5.72923287e-03j
-9.38455921e-01-2.20773136e-02j
-5.38728190e-01+6.64912245e-03j
2.32041807e-01+2.46277383e-02j
5.78238249e-01+1.82227879e-02j
2.51266542e-01+1.52269612e-02j
-4.90514268e-01-3.62400584e-03j
-9.88973274e-01-3.91488357e-02j
-6.85780434e-01+1.29829768e-02j
6.94070497e-02+1.46611716e-02j
5.74996086e-01+2.80776917e-02j
3.51481522e-01+3.57224585e-03j
-4.07919522e-01+2.21484452e-02j
-9.28854083e-01+3.13910727e-02j
-7.43074756e-01-4.52086246e-03j
-7.81900268e-02+1.03267693e-02j
4.88405648e-01-7.87947790e-03j
4.29647223e-01-2.23191322e-02j
-2.38538271e-01-1.50296998e-02j
-8.47460304e-01-1.14809661e-02j
-8.20493570e-01+2.47160610e-02j
-2.16326569e-01-2.84976097e-02j
4.46171668e-01-1.50738532e-02j
5.03058582e-01+1.29362254e-02j
-1.03597096e-01+7.35701644e-03j
-7.86071700e-01+1.79488383e-02j
-8.96804612e-01+9.07854885e-03j
-3.57493032e-01+2.09741303e-03j
3.47640983e-01-1.26161167e-04j
5.43201135e-01-2.42690718e-02j
5.39275909e-02-2.77492197e-02j
-7.05578437e-01-1.10660786e-02j
-9.58499372e-01-1.09531064e-02j
-5.11617016e-01-6.42697091e-03j
2.41861658e-01+5.97058981e-03j
5.80276212e-01+2.15483534e-02j
1.67128217e-01-1.90551048e-02j
-5.67343857e-01-1.66539359e-02j
-9.21491662e-01+4.82341678e-03j
-6.56779912e-01-1.05846876e-03j
1.52743964e-01+1.76682938e-02j
5.58197616e-01+1.78473295e-02j
3.00675174e-01-4.51867636e-02j
-4.18544364e-01-3.00605842e-02j
-9.31099967e-01-7.71017159e-03j
-7.30026240e-01+7.03708176e-03j
-7.68678175e-02-2.11060753e-03j
5.35968053e-01+1.17753809e-02j
4.37813407e-01+1.18590984e-02j
-2.94856936e-01-5.60765517e-03j
-8.64301211e-01+8.74504622e-03j
-8.58090130e-01-2.33258029e-02j
-1.62479409e-01+3.67026913e-02j
4.82786386e-01+2.86971460e-02j
5.00004930e-01-4.06860716e-02j
-1.44817368e-01+2.33981887e-02j
-8.03719842e-01-2.30477679e-02j
-8.88070022e-01-3.52537555e-02j
-3.07767105e-01-5.10985815e-03j
3.96241108e-01-3.88065358e-02j
5.71081177e-01+1.90467204e-02j
1.16471335e-02-6.12887690e-03j
-7.28362927e-01+2.72591464e-03j
-9.15102171e-01-2.98430462e-02j
-4.78315089e-01-4.92973879e-03j
2.35689556e-01-5.43729886e-03j
6.26362399e-01-3.91215924e-02j
1.38473547e-01+3.27785058e-03j
-6.12372695e-01-2.11705322e-02j
-9.45028060e-01+9.43812537e-03j
-6.25877722e-01-2.25914050e-02j
1.32317584e-01+5.82974296e-04j
5.86494783e-01-3.19931874e-02j
2.74882713e-01+2.24756149e-02j
-4.55882582e-01-4.61147643e-04j
-9.22770475e-01-4.83247929e-03j
-7.36792583e-01+4.29778384e-03j
1.48020445e-02+1.31923167e-02j
5.36749629e-01+1.82255497e-02j
3.88915443e-01+6.20631256e-03j
-3.52580901e-01+1.18211772e-02j
-8.93474470e-01+1.12971795e-02j
-7.64843059e-01+1.78183704e-03j
-1.17624839e-01-4.71632182e-03j
4.98182418e-01+3.01616840e-03j
4.55025802e-01+2.27205242e-02j
-1.78723432e-01+8.46383250e-03j
-8.42572078e-01+6.33145649e-03j
-8.61097995e-01+1.13363069e-02j
-2.83700253e-01-1.67507441e-02j
4.33450998e-01-2.49760184e-02j
5.12182756e-01+1.15210329e-02j
-3.29964108e-02+4.09776362e-02j
-7.21362033e-01-3.55097637e-03j
-9.52222503e-01-1.11357067e-02j
-4.07775540e-01+2.74960574e-02j
3.08407360e-01+1.11376598e-02j
5.55797914e-01+6.82589854e-03j
1.18042704e-01-6.35847997e-02j
-6.28104307e-01-3.07564088e-02j
-9.49064944e-01+3.11582247e-02j
-5.44965880e-01-1.40278802e-02j
1.92784437e-01+1.33898371e-02j
6.21710302e-01-2.38670966e-02j
2.37671275e-01-1.75535259e-02j
-5.10513477e-01+1.41446661e-02j
-9.48618272e-01+4.87854395e-03j
-6.92251288e-01-1.66820744e-02j
3.93319780e-02+2.77586683e-02j
5.41070889e-01+1.39276635e-03j
3.34781596e-01+3.20257607e-02j
-3.50155200e-01-7.69409591e-03j
-8.97041999e-01-4.98446098e-02j
-7.66343651e-01-1.36908348e-02j
-8.94916765e-02+1.92208266e-03j
5.44646162e-01-1.51953458e-03j
4.42438183e-01+3.18389067e-03j
-2.37486252e-01+3.99732641e-02j
-8.57487322e-01-1.48433460e-02j
-8.40522095e-01+1.01205753e-02j
-2.60027457e-01-1.61376444e-03j
4.34087857e-01+4.23715142e-02j
5.10953406e-01-3.69266321e-02j
-6.87173329e-02-2.60766070e-02j
-7.55804432e-01-3.12762815e-02j
-9.17468229e-01+4.83793747e-05j
-3.63994296e-01+3.10290822e-02j
3.16212694e-01+7.92461466e-03j
5.43076479e-01+2.88449604e-02j
7.10924562e-02+6.73456040e-03j
-6.51008195e-01-2.33587164e-03j
-9.02551260e-01-9.62263840e-03j
-5.47049233e-01-2.94470452e-02j
2.00580753e-01+9.20186149e-03j
5.73009712e-01-5.34943762e-03j
1.96678414e-01-1.08981852e-02j
-5.43212371e-01+8.97710451e-03j
-9.17127149e-01-3.88068050e-02j
-6.47935814e-01-1.84168230e-02j
1.28402129e-01+1.39672421e-02j
5.48296144e-01+3.07349455e-02j
3.18829683e-01-8.72449111e-03j
-4.32123877e-01+6.55869007e-03j
-9.06922488e-01-2.08965984e-03j
-7.78594450e-01+6.05183970e-04j
-2.94114401e-02+1.26531947e-02j
5.72166942e-01-1.25674907e-02j
3.82505722e-01-8.24608382e-03j
-2.54649085e-01+8.28397551e-03j
-8.88978840e-01-4.08008007e-03j
-8.33450103e-01-2.44801949e-02j
-1.64928337e-01+1.13293640e-03j
4.39215768e-01+5.16919372e-03j
5.23929936e-01+6.40997854e-04j
-1.47261261e-01+1.45488075e-02j
-7.95004065e-01-3.15908657e-02j
-9.19244032e-01+5.20858298e-02j
-3.48905681e-01-1.28966433e-02j
3.77151601e-01-1.63605342e-02j
5.42250965e-01-2.73590873e-02j
2.23533556e-02+1.55207085e-02j
-6.94932309e-01-3.46204130e-02j
-9.37280406e-01-1.59855620e-03j
-4.74050652e-01-1.78502951e-02j
2.63246306e-01-1.16132487e-02j
5.68958053e-01-1.51461869e-03j
1.90609254e-01+2.92985555e-02j
-5.76986403e-01-6.27291817e-03j
-9.45036807e-01-5.28271859e-03j
-6.05057384e-01+5.75444477e-03j
1.28978217e-01-4.71091153e-03j
5.79152399e-01+6.40976144e-04j
2.79788294e-01+2.02401661e-02j
-4.32362922e-01-1.90014829e-02j
-9.21907198e-01-1.34330649e-03j
-7.13964946e-01+2.78653847e-03j
-1.26804347e-02+2.14023473e-02j
5.44859063e-01-2.35951641e-02j
3.70380558e-01+1.57654174e-02j
-2.84704184e-01-1.97549190e-02j
-8.88514040e-01-1.17531211e-02j
-7.94531520e-01-1.40090100e-02j
-1.25461334e-01+8.06320662e-03j
4.90430895e-01-3.43115822e-03j
5.05249077e-01-1.77378105e-02j
-1.46541871e-01-3.80358494e-02j
-7.83431623e-01-1.71985345e-02j
-9.24579603e-01+1.68463402e-02j
-2.92351791e-01-1.07409466e-02j
3.64722216e-01-3.28775922e-02j
5.44583592e-01-2.69252880e-02j
4.53764459e-03-2.55893785e-02j
-7.28247510e-01+2.92459277e-03j
-9.30259825e-01+1.65933870e-02j
-4.62215584e-01+4.91036799e-03j
3.44272739e-01-1.77453457e-03j
5.79301771e-01+2.88247534e-02j
1.39273387e-01-1.68631894e-02j
-6.45158115e-01+2.05268993e-02j
-9.82242797e-01+3.28755783e-02j
-5.51018189e-01+9.43475920e-03j
1.45087806e-01-3.58556847e-02j
5.81079249e-01+1.24630197e-02j
2.64888360e-01-2.47448894e-03j
-4.96638389e-01-1.45592500e-03j
-9.11351508e-01+1.74810065e-02j
-6.71086805e-01-8.99758936e-03j
4.67955315e-02-8.71266156e-03j
5.47950725e-01-4.34047261e-03j
3.43516245e-01+2.35073656e-02j
-3.10389655e-01-3.18192179e-02j
-9.16655683e-01-7.55613654e-03j
-7.86212430e-01+2.54114724e-02j
-9.15421516e-02+3.16446196e-03j
5.20534111e-01+1.68024681e-02j
4.64920270e-01+3.03913369e-02j
-1.99012932e-01-9.89902723e-04j
-8.64740200e-01-3.01397489e-02j
-8.58757118e-01+9.89037803e-03j
-2.16936080e-01-1.62435689e-02j
4.06680279e-01+9.84882923e-03j
5.35072553e-01+4.21754552e-02j
-5.79174700e-02+5.70258842e-03j
-7.78764559e-01-2.11103132e-04j
-9.02463288e-01+3.75503357e-02j
-3.27141121e-01-7.82670349e-03j
3.31304940e-01+1.56226708e-02j
5.60517247e-01+7.26806530e-03j
8.12403607e-02+9.81430860e-03j
-6.36081825e-01+2.10568558e-02j
-9.59588230e-01-1.58157522e-02j
-4.99655851e-01+7.73339311e-03j
2.09513004e-01+7.07978048e-03j
5.35864497e-01-7.31113985e-03j
2.03973926e-01+2.19353938e-02j
-5.32124845e-01-2.15063845e-02j
-9.68581728e-01+1.70891947e-02j
-6.63560249e-01-6.81372393e-03j
3.63756662e-02-1.32924840e-03j
5.66561732e-01+2.58665328e-02j
3.25943696e-01+4.47665705e-03j
-3.95091290e-01-1.27180901e-02j
-9.53869765e-01+2.52594313e-02j
-7.39981716e-01-1.62303798e-02j
-4.88293593e-02-3.04144491e-02j
5.32701993e-01-1.99577446e-02j
4.66710105e-01-3.75419427e-04j
-2.22152611e-01+1.57308332e-02j
-8.29665930e-01+3.33770751e-02j
-8.64425126e-01-5.85318975e-03j
-2.10881867e-01-8.98030114e-03j
3.97555540e-01+6.57816073e-02j
4.93197992e-01-2.85267667e-03j
-9.12058774e-02-4.92502725e-03j
-7.70373775e-01-3.54264185e-02j
-8.90748919e-01-4.18064788e-03j
-3.62213921e-01-3.41343453e-03j
3.57035090e-01+2.02808216e-02j
5.68402441e-01-6.11552833e-03j
5.92896380e-02+4.05121684e-02j
-7.09918266e-01-6.97543865e-03j
-9.32954475e-01+3.64208256e-02j
-5.07165424e-01+4.44757751e-03j
2.25058196e-01-2.66651322e-03j
5.80598577e-01+1.86352574e-02j
1.35653017e-01+8.88675004e-03j
-5.80449999e-01+4.33093825e-02j
-9.32634491e-01+1.16004197e-03j
-6.10751579e-01+1.76569886e-02j
9.27656929e-02-8.62659031e-03j
5.82171573e-01+2.69266940e-03j
3.01785864e-01-4.73220855e-02j
-4.31284263e-01+2.64672719e-02j
-9.43078124e-01-1.52075096e-02j
-7.22354217e-01+1.32681439e-02j
-2.93925011e-02+4.87057973e-03j
5.41119900e-01+3.53054366e-02j
4.12499722e-01-5.37540137e-03j
-2.45513515e-01-2.22112720e-02j
-8.77844509e-01+1.48094208e-02j
-8.19737750e-01-3.61278044e-03j
-2.16153907e-01-1.42567745e-02j
5.01155416e-01+1.31056814e-02j
5.03905980e-01+3.02433418e-02j
-1.46131892e-01-6.28998465e-03j
-7.96936396e-01-1.96811154e-03j
-9.12854733e-01+2.91737123e-02j
-2.92124117e-01+2.27433288e-03j
3.85257238e-01-1.67124439e-02j
5.43290232e-01+1.18285922e-02j
1.93061045e-02+3.45356794e-02j
-6.98781526e-01-5.42173282e-02j
-9.38302596e-01+3.07784223e-02j
-4.57402288e-01-1.15783355e-02j
2.95181004e-01+3.29190384e-02j
5.61825631e-01-3.09557766e-03j
1.30013126e-01+4.49396115e-03j
-5.85365332e-01+2.62551140e-02j
-9.20076721e-01-1.92812403e-02j
-6.25590547e-01+1.85083571e-03j
1.60932062e-01+1.78281821e-02j
5.71753073e-01+1.08473026e-02j
2.79388596e-01-1.57919466e-03j
-4.60294502e-01-4.93792086e-02j
-9.49513838e-01-3.91645312e-02j
-7.04584902e-01-2.97622998e-03j
3.85958795e-02+2.53979062e-02j
5.24206413e-01-3.02516162e-02j
3.89619688e-01+1.79765252e-02j
-3.11904973e-01+1.38659521e-02j
-8.76655820e-01-8.01332431e-03j
-7.97743473e-01+2.83452275e-03j
-9.80445870e-02+3.98586395e-03j
5.15014154e-01+7.70815077e-04j
4.32377520e-01-7.74365444e-03j
-1.92632637e-01-3.77995571e-04j
-8.61899893e-01-2.90490184e-02j
-8.93347998e-01+1.85949403e-02j
-2.37201344e-01+1.79429277e-02j
3.74529627e-01-3.60629341e-03j
5.29419006e-01+2.54053319e-03j
-4.94508648e-02+1.70140751e-02j
-7.28828332e-01-2.67182085e-03j
-9.31565779e-01+1.60845761e-02j
-4.54164405e-01+1.67979862e-02j
3.16087315e-01-1.15380979e-02j
5.70064189e-01+2.40935629e-02j
9.85084284e-02-5.17291086e-02j
-6.37590613e-01+1.02743301e-02j
-9.21448101e-01-2.45093524e-02j
-5.62597103e-01-7.20017941e-04j
1.92613812e-01+2.60512045e-02j
5.84046541e-01+4.61561549e-03j
2.23196536e-01-1.24575013e-02j
-4.73021257e-01-4.13111370e-03j
-9.79213371e-01-2.14628419e-02j
-6.63220414e-01+2.52445984e-03j
6.42416714e-02+1.13762826e-02j
5.59214298e-01-4.17715900e-02j
3.27811774e-01+1.37242524e-02j
-3.54381115e-01+3.21080638e-02j
-9.30008512e-01-7.48451737e-03j
-7.88463127e-01+8.34401874e-03j
-5.03474554e-02-2.16893770e-02j
5.05043072e-01+6.93776892e-02j
4.48351400e-01-2.44265603e-02j
-2.45997715e-01-1.26114418e-02j
-8.58565132e-01-7.71958714e-03j
-8.64786026e-01-1.03976982e-02j
-2.56702293e-01-1.56429944e-02j
4.42122294e-01+4.35113364e-02j
5.50876723e-01+4.63335860e-03j
-6.87676702e-02+1.34389685e-03j
-7.51384828e-01-1.66909741e-02j
-9.08030232e-01+7.96848837e-03j
-3.52979514e-01+3.46288443e-02j
3.09917726e-01-1.62991637e-02j
5.55551885e-01+3.98798895e-02j
1.03760048e-01-9.45380683e-03j
-6.63719880e-01-1.02256504e-02j
-9.55285394e-01-1.61893767e-02j
-4.98978896e-01-1.33142828e-02j
2.21956645e-01-9.82301680e-03j
6.10091384e-01-1.65824449e-03j
1.77706056e-01+1.27392086e-03j
-5.82149053e-01-3.49347073e-03j
-9.42149845e-01+2.42082312e-03j
-6.22320443e-01+4.19392471e-02j
9.40060300e-02+1.20907721e-02j
5.70676277e-01+5.49884571e-03j
2.96293660e-01+2.67929735e-02j
-3.96565657e-01+1.99736213e-02j
-9.18029548e-01-2.53532684e-02j
-7.41490854e-01+3.79160731e-03j
-1.75701061e-02-2.64527015e-02j
5.05644826e-01-5.67747332e-03j
4.29296393e-01-2.76414534e-02j
-2.58700883e-01-2.77183293e-02j
-8.58079689e-01-9.64285766e-03j
-8.61835563e-01+1.89311452e-02j
-2.34873376e-01-1.23446689e-02j
4.48951405e-01+1.81905731e-02j
4.89540352e-01+1.18303410e-02j
-1.53624928e-01-1.06561153e-02j
-8.04548599e-01+2.26060841e-02j
-8.72535825e-01+1.16860663e-02j
-3.66095582e-01-2.42960918e-02j
3.78212579e-01-1.39371948e-02j
5.25594151e-01-2.77290637e-03j
5.64205720e-02+2.62354579e-02j
-7.18695956e-01-8.19871465e-03j
-9.53424732e-01+6.63548515e-03j
-5.23065114e-01+2.31307298e-02j
2.73534919e-01+2.52251887e-02j
5.99516062e-01-1.10797010e-02j
1.46941543e-01+2.10853420e-02j
-5.92978090e-01+1.25312622e-02j
-9.65351774e-01-1.12956319e-02j
-5.88589901e-01+1.71948412e-02j
1.48097209e-01-4.27103473e-02j
5.78581674e-01+8.20740751e-03j
2.63247139e-01-3.20621013e-02j
-4.75795051e-01+1.45870329e-02j
-9.22739680e-01+2.74820417e-02j
-7.26662434e-01+2.03208417e-02j
-7.10465612e-03+1.40721848e-03j
5.46263189e-01-2.46163483e-02j
3.70944956e-01+9.07810664e-03j
-2.91922615e-01+2.18448742e-02j
-9.00196413e-01+2.64329821e-02j
-8.00571228e-01-3.37689459e-03j
-1.33635716e-01+3.88730698e-02j
4.55295559e-01-1.11269702e-02j
4.79997058e-01-1.98728600e-02j
-1.51245674e-01-2.15565169e-02j
-7.82669497e-01-3.42694121e-02j
-8.90545950e-01+2.92574113e-02j
-2.83888990e-01-9.03374534e-03j
4.00387868e-01-1.09007332e-02j
5.50974145e-01+1.01214150e-02j
-4.39159592e-02-8.20706480e-03j
-7.24985843e-01-2.78676420e-03j
-9.15792415e-01-1.03200840e-02j
-4.19005739e-01+2.50915674e-02j
2.95385838e-01-2.02266043e-02j
5.68630950e-01+9.87571283e-03j
1.01074813e-01+8.07585619e-03j
-6.08240980e-01-1.07890143e-02j
-9.57189792e-01-8.26903664e-03j
-5.80656221e-01-1.67788800e-02j
2.14947936e-01+3.64185077e-04j
5.86515760e-01-2.22690911e-03j
2.80434547e-01-1.19997677e-04j
-4.50620074e-01-1.62709657e-02j
-9.25093864e-01-2.61274452e-02j
-7.36220487e-01+1.03356622e-02j
2.37181342e-02+2.43939318e-02j
5.12637081e-01-3.13103534e-02j
3.80338325e-01+2.21088496e-02j
-3.43441519e-01-4.89035568e-03j
-8.85423487e-01+8.79848071e-03j
-8.07838144e-01-2.72686508e-02j
-9.11459782e-02-4.52089860e-03j
5.24805054e-01+1.97814085e-02j
4.51790286e-01+2.07878808e-02j
-1.72775634e-01-3.00271608e-02j
-8.65177106e-01-2.03737406e-02j
-8.71606413e-01-3.16815798e-03j
-2.13641302e-01-1.50486453e-02j
4.21087826e-01+1.68560808e-03j
5.21521577e-01+1.07362045e-02j
-4.54637515e-02+6.42836398e-03j
-7.42392767e-01-8.23701414e-03j
-9.51289210e-01+4.40520929e-03j
-4.02963105e-01-1.33777711e-02j
3.21503409e-01-3.54265794e-02j
5.53614090e-01+2.41916604e-02j
1.15544964e-01+5.97464880e-03j
-6.24046537e-01-7.61286803e-04j
-9.77301234e-01+1.67152421e-02j
-5.34850112e-01-2.31703428e-02j
2.19248470e-01-1.59998859e-02j
5.76157800e-01+3.03658457e-02j
2.23839137e-01-5.38009678e-03j
-5.06879290e-01-9.99123985e-03j
-9.75904363e-01+1.98129852e-02j
-6.34849002e-01+1.33924579e-02j
8.08354865e-02+2.29033810e-03j
5.55807294e-01-4.12321173e-03j
3.61129721e-01+1.81428458e-03j
-3.80947094e-01-6.90782471e-03j
-9.20245677e-01-5.73095303e-03j
-7.61245278e-01-1.31567862e-02j
-6.33755667e-02+1.19927795e-02j
5.07721891e-01-3.78872660e-03j
4.46210285e-01+1.33259684e-02j
-2.27050435e-01-3.70898533e-02j
-8.81227752e-01-2.35962744e-02j
-8.29805496e-01+7.23434535e-03j
-1.98633537e-01+2.25114347e-02j
4.69826981e-01-1.54534041e-02j
4.96158282e-01+2.94468505e-02j
-9.03807577e-02+1.36157126e-02j
-7.82637675e-01+1.07561274e-02j
-8.86212645e-01+7.67352814e-03j
-3.38003327e-01+1.33869408e-02j
3.66231365e-01-8.64185516e-03j
5.55274061e-01-1.51519910e-02j
3.06802652e-02-3.94621730e-02j
-6.69352813e-01+3.24162597e-02j
-9.42282010e-01-4.50038706e-03j
-4.79691070e-01-3.01590640e-03j
2.45376964e-01-1.32197512e-02j
5.91136879e-01+4.07789095e-02j
1.89152014e-01+2.45538425e-02j
-5.79002737e-01-4.11080527e-02j
-9.38154912e-01+2.50081220e-02j
-6.15310363e-01+8.84266777e-03j
1.40795373e-01+2.82753773e-02j
5.63008824e-01-1.21188734e-04j
3.22755631e-01-1.45521362e-02j
-4.30456855e-01+3.21643660e-02j
-9.45081781e-01+1.88231106e-02j
-7.37171756e-01+1.52721087e-02j
-1.19269208e-02-2.21537306e-02j
5.18824684e-01+8.01281365e-03j
4.30109744e-01-3.40763814e-02j
-2.99688496e-01-8.91602873e-03j
-8.58431109e-01+3.50450437e-03j
-8.61302670e-01-4.13922667e-02j
-1.33017351e-01+1.67645467e-02j
4.81413270e-01-8.19142723e-04j
4.92782961e-01+2.52701131e-02j
-1.32700787e-01-4.65534957e-03j
-8.26744324e-01-3.67250241e-03j
-8.62664087e-01-1.13807509e-02j
-3.27598548e-01-8.24240407e-03j
3.98245440e-01+2.25368924e-02j
5.51969214e-01-8.84401247e-03j
1.03162584e-02+6.41040609e-03j
-6.95846473e-01+2.10180441e-02j
-9.28289693e-01+5.02694115e-03j
-4.66209853e-01+7.34726619e-03j
2.53665532e-01+4.94017872e-02j
5.85040705e-01+9.22762704e-03j
1.06053651e-01+3.33272951e-03j
-5.76449381e-01+3.03293053e-02j
-9.74356682e-01-1.86111882e-03j
-5.86386100e-01+2.22574111e-02j
1.58397895e-01+1.58968847e-02j
5.99999198e-01-2.05257395e-04j
2.25451462e-01-1.31763185e-02j
-4.48876353e-01-9.45598360e-03j
-9.90550787e-01-2.54136604e-02j
-7.48213816e-01-3.80371416e-03j
2.44123681e-02+1.25316500e-03j
5.22570389e-01-2.48479248e-02j
3.66453692e-01-1.37121949e-02j
-2.92949421e-01+9.16730421e-03j
-8.72040623e-01+2.76621429e-03j
-8.13997047e-01+3.88795218e-03j
-9.16737344e-02-2.83373064e-02j
4.57079621e-01+3.74165971e-03j
4.44017320e-01-2.28028632e-02j
-1.92366286e-01-3.46756252e-02j
-8.54575013e-01+3.36892456e-02j
-8.88527861e-01-2.36632383e-03j
-2.69554014e-01-2.72245924e-03j
3.74248847e-01+2.35814017e-02j
5.20733018e-01+9.46301332e-03j
-1.76812554e-02+1.55516201e-02j
-7.50106185e-01+3.17612756e-02j
-9.31844047e-01-1.82105340e-02j
-4.19435462e-01-6.92888727e-03j
3.30379737e-01+1.43031004e-02j
5.60155928e-01-1.23622963e-02j
1.24034207e-01-1.44701075e-02j
-6.21511050e-01-2.52709704e-02j
-9.61527665e-01-2.37491777e-02j
-5.09052017e-01+1.58646463e-05j
2.03215897e-01-2.06927696e-02j
5.73852136e-01-2.46974119e-02j
2.54125230e-01-2.41193311e-02j
-5.19629892e-01+1.84080786e-03j
-9.52844965e-01-1.16665407e-02j
-6.59923963e-01-1.80584976e-02j
4.70204311e-02-1.85019685e-02j
5.68566539e-01-3.59494684e-03j
3.60454444e-01+3.38092508e-02j
-3.59510597e-01+1.08821143e-03j
-9.37943390e-01+1.82364736e-02j
-7.55305787e-01-1.15475769e-02j
-6.78343773e-02-4.46796387e-02j
4.70931858e-01-1.43926745e-02j
4.63329093e-01+8.58992922e-03j
-2.19038277e-01+1.97234685e-02j
-8.08907720e-01+2.70859497e-03j
-8.37108491e-01+2.70235064e-02j
-2.43084657e-01-2.38431335e-02j
4.31732274e-01+7.84048287e-03j
5.12202366e-01-1.67042304e-02j
-8.09882038e-02+2.48813408e-02j
-7.58159196e-01+1.38538582e-02j
-9.13986113e-01-3.44187566e-02j
-3.54174434e-01-2.53823467e-02j
3.33189231e-01-9.00631420e-03j
5.65112532e-01-7.15092877e-04j
5.56450849e-02-3.24814214e-02j
-6.77115512e-01+9.69532501e-03j
-9.77357305e-01-1.00804476e-02j
-4.85649134e-01-5.20785607e-03j
2.21418039e-01+2.46183980e-03j
5.70659326e-01+7.04182502e-03j
1.71906853e-01-1.92346170e-02j
-5.40933649e-01+1.24407918e-02j
-9.34610917e-01-6.53752380e-04j
-6.48651646e-01-1.13069033e-02j
1.24844098e-01+3.71208234e-03j
5.72458167e-01-1.12328059e-02j
3.12430033e-01-2.44133410e-02j
-4.43443638e-01+7.84029677e-03j
-8.79987195e-01-1.08758126e-02j
-7.62235405e-01+5.78231101e-03j
-8.59191441e-02-3.40223461e-03j
5.32868725e-01+2.94746002e-02j
4.13881157e-01-1.81638883e-02j
-2.84579482e-01+1.94153881e-02j
-8.80567719e-01+1.65674931e-02j
-8.02192095e-01-1.06137091e-02j
-1.75317309e-01-3.30336461e-02j
4.40732003e-01-5.80129813e-03j
4.86417377e-01-3.22256689e-02j
-1.29112761e-01+9.77514919e-03j
-7.73001579e-01-2.43485130e-02j
-9.01731585e-01-3.43977532e-02j
-3.45066697e-01-5.08058228e-03j
3.68886422e-01-3.59556263e-02j
5.72400298e-01-8.76917478e-03j
5.94548427e-02-2.92643362e-02j
-7.03611043e-01-1.75706762e-02j
-9.33357685e-01-1.58188387e-02j
-4.78944816e-01-2.71218384e-02j
2.42518626e-01-2.81323264e-02j
6.16994206e-01+1.19090382e-02j
1.46455815e-01+6.68176227e-03j
-5.10285556e-01-1.19037530e-02j
-9.47106663e-01-1.66618155e-02j
-5.97437981e-01-8.80713010e-04j
1.28849077e-01-3.38206924e-02j
6.14963509e-01-1.56230471e-02j
2.69105935e-01-1.29493519e-02j
-4.56012266e-01-1.89264460e-02j
-8.96434110e-01-1.71488781e-02j
-7.64728109e-01+1.54169100e-02j
6.52545511e-03-1.98060124e-02j
5.24832297e-01+7.99937161e-03j
3.80648089e-01-1.29649235e-02j
-3.29377322e-01-1.35733025e-02j
-9.09904923e-01+1.51335137e-02j
-8.04825486e-01+3.10297865e-02j
-1.12725361e-01+1.55437461e-02j
4.68176879e-01-7.46868083e-03j
4.70273082e-01+1.13656581e-02j
-1.56729545e-01-2.64538486e-02j
-8.27974235e-01-1.30840703e-02j
-8.83265503e-01-1.75477457e-02j
-2.71937657e-01-1.68941670e-02j
4.14989843e-01+4.28243581e-02j
5.28051231e-01-1.82847229e-02j
5.18819230e-03-5.73149933e-03j
-7.12752466e-01-1.97177695e-02j
-9.19010346e-01+2.65830518e-02j
-4.08023447e-01-4.08809458e-03j
3.20504123e-01-8.24022080e-03j
5.58698489e-01+7.55773914e-03j
1.05105251e-01+3.45194112e-03j
-6.19396273e-01-1.26806918e-02j
-9.94952059e-01-2.38687404e-02j
-5.81474934e-01-2.43402005e-02j
1.36394287e-01-2.56544347e-02j
5.47987786e-01+4.01757376e-02j
2.19251428e-01+3.12020911e-02j
-4.72165449e-01-1.56645521e-02j
-9.40988589e-01-4.53500153e-03j
-6.87110685e-01+1.50689939e-02j
5.02840591e-03-6.71364773e-03j
5.74942636e-01+1.43061836e-02j
3.45535756e-01-1.11612478e-02j
-3.78039163e-01+5.97831011e-03j
-8.86316027e-01-1.53466353e-02j
-8.01999261e-01+2.74833464e-02j
-1.37991642e-01+7.66408197e-03j
5.07173784e-01-1.14927620e-02j
4.03665173e-01-6.86541123e-03j
-2.11852536e-01-1.43807618e-02j
-8.86419722e-01-6.27982691e-03j
-8.43524325e-01+2.24629210e-02j
-2.84615468e-01+2.10865357e-02j
4.67087084e-01-3.61348074e-03j
5.23633730e-01-3.48331920e-02j
-4.37202631e-02+6.05425616e-04j
-7.35608311e-01+3.36506267e-02j
-9.30288546e-01+2.02028295e-02j
-3.96497788e-01-4.28722433e-04j
3.43454096e-01+1.05669782e-03j
5.67843138e-01+7.13267704e-04j
4.56510140e-02+5.68048251e-03j
-6.37002490e-01-9.82980758e-03j
-9.45645383e-01-1.16198543e-02j
-5.54208774e-01-2.21041449e-03j
2.35567951e-01-3.03745928e-02j
5.71428100e-01-2.48908101e-03j
2.33316806e-01+2.70365749e-02j
-5.50217446e-01-1.66524834e-02j
-9.19835156e-01-7.83373169e-03j
-6.31129364e-01+2.64640672e-02j
7.58937118e-02-1.84983164e-02j
5.60891050e-01+1.71399735e-02j
3.61109806e-01+2.94927583e-02j
-4.10008547e-01+5.36601026e-03j
-9.17591430e-01-2.88612131e-02j
-7.42516223e-01-8.25592267e-03j
-3.92029512e-02+2.50606122e-03j
5.29523332e-01+1.18297922e-02j
4.34287274e-01-3.94306240e-03j
-2.22899018e-01-2.15302184e-02j
-8.40782028e-01-2.75784933e-02j
-8.53110793e-01+3.68821620e-02j
-2.00584205e-01-1.94273714e-02j
4.65033753e-01+5.01439957e-02j
5.07362378e-01+2.31765480e-03j
-1.01456956e-01+4.49213257e-02j
-7.85373182e-01+3.08347308e-02j
-8.94746120e-01+2.32554140e-02j
-3.70809115e-01+5.57242979e-03j
3.43291094e-01+1.81195777e-02j
5.70298651e-01-8.50961616e-03j
2.09512288e-02-5.19606471e-04j
-6.92536021e-01+5.16343093e-02j
-9.64354539e-01+1.84914829e-02j
-5.07097757e-01-1.41706479e-02j
2.80523292e-01+1.28511883e-02j
5.58091445e-01+2.18947503e-04j
1.98259239e-01-2.42628899e-02j
-5.37584137e-01-3.64496418e-02j
-9.54906715e-01+3.40609378e-02j
-6.14936738e-01+7.36619335e-03j
1.47223724e-01-2.28798596e-02j
5.97654764e-01+1.29160344e-02j
2.96775776e-01+1.29625454e-02j
-4.29848875e-01+4.31382709e-02j
-9.19497994e-01-1.71183887e-02j
-7.61352817e-01+2.73876670e-02j
-4.89016404e-03-2.95436396e-03j
5.38869253e-01+1.07356612e-02j
4.14011223e-01+1.26487222e-02j
-2.89635208e-01+2.63590120e-02j
-8.84949954e-01+1.45227790e-02j
-8.41013236e-01-1.85021243e-02j
-1.74290702e-01+9.57659049e-03j
4.43312714e-01-1.09388143e-02j
5.01706966e-01+6.88299563e-03j
-1.72768590e-01+1.73897683e-02j
-8.03174756e-01-1.13613411e-02j
-8.92382322e-01-7.43023369e-03j
-3.20842049e-01+5.82546849e-03j
3.63434300e-01-4.01588161e-03j
5.67877400e-01+1.41796870e-02j
-3.93786982e-02+4.12863810e-03j
-7.08838734e-01+2.02839162e-02j
-9.34593916e-01+1.00386444e-02j
-4.25293459e-01-2.77547076e-02j
2.96402810e-01-1.02850654e-02j
5.91742884e-01+6.08213398e-03j
1.55968222e-01-3.06438217e-02j
-5.82174027e-01-1.51787072e-02j
-9.54911015e-01-1.27163959e-02j
-5.75470068e-01-1.30945797e-02j
1.54733809e-01+1.46185714e-02j
5.59797956e-01+8.23347457e-03j
2.63716151e-01+6.69003992e-03j
-4.65592354e-01+2.23820612e-03j
-8.97994247e-01+2.43689406e-02j
-6.82727894e-01-1.12360073e-02j
1.58459162e-02+3.71995149e-02j
5.23302056e-01-5.44229388e-02j
3.87134068e-01-2.50586733e-02j
-3.21200754e-01-2.83573592e-02j
-9.20335395e-01-3.65077372e-04j
-8.38086171e-01+2.28032989e-02j
-1.04588956e-01-1.69760971e-02j
4.69933606e-01-2.79840045e-02j
4.64837723e-01+1.08105050e-03j
-1.48103469e-01-4.56070143e-02j
-8.16739117e-01+1.72686157e-02j
-8.49999472e-01+1.11282357e-02j
-2.28323798e-01+4.35138136e-03j
4.17597258e-01+1.42052672e-03j
4.93615033e-01-1.23973325e-02j
-2.39947149e-02+2.52660924e-02j
-7.35041169e-01+1.63782917e-02j
-9.55277052e-01-4.63141477e-02j
-3.92763038e-01+1.22552897e-02j
3.06823619e-01+5.75975835e-03j
5.55890301e-01-2.68957729e-02j
8.22207686e-02-8.05917262e-03j
-6.35384375e-01-3.68101858e-04j
-9.05747522e-01-5.90892260e-04j
-5.03884776e-01-2.35857870e-02j
2.01978814e-01-2.48907893e-02j
6.24944848e-01+1.88232948e-02j
2.20145909e-01+1.77065176e-02j
-5.11325007e-01+1.34585976e-02j
-9.43246918e-01+1.03948104e-02j
-6.88330443e-01+2.24368843e-02j
2.17122102e-02-2.46127478e-02j
5.49537739e-01-3.33657912e-04j
3.78546132e-01+1.24131787e-02j
-3.30972123e-01+4.00024910e-04j
-9.06575469e-01+1.40270375e-02j
-7.47701841e-01-4.14748197e-03j
-7.17469398e-02-6.36099949e-04j
5.09763711e-01-2.08274578e-03j
4.41249743e-01+1.88766603e-03j
-2.58903953e-01-2.50592497e-02j
-8.57014509e-01-5.81192561e-02j
-8.70884271e-01+1.22033359e-02j
-2.59446922e-01+2.15629830e-02j
4.60705727e-01+2.23705058e-02j
4.89248984e-01+9.01713123e-03j
-7.54291151e-02+2.85566718e-02j
-7.74278823e-01+1.73200664e-02j
-9.06060968e-01-3.33850653e-02j
-3.36357888e-01+1.55948111e-02j
3.42261203e-01-1.24838932e-02j
5.83107759e-01-2.87652311e-03j
7.20463229e-02-2.40484710e-02j
-6.67285890e-01-2.14170222e-03j
-9.13050502e-01+3.31557913e-02j
-4.99786454e-01-1.36044825e-02j
2.44973258e-01-1.49443618e-02j
5.91516125e-01-3.22754823e-02j
1.68279138e-01+1.13410864e-02j
-5.62501927e-01+1.00583721e-03j
-9.46161156e-01+3.86007519e-02j
-6.33055034e-01-1.65035287e-02j
9.77137881e-02+1.39119282e-02j
5.73100744e-01+4.49723490e-03j
2.96550856e-01-6.86250074e-03j
-4.08573647e-01-1.84896749e-02j
-9.37393860e-01+9.51524691e-03j
-7.81921879e-01-1.53736997e-02j
-4.06783899e-02+1.28630988e-02j
5.57279052e-01+2.22152806e-02j
3.96060499e-01-8.99163441e-03j
-2.76172499e-01-5.61168399e-03j
-8.71036735e-01+1.18456626e-02j
-8.58048921e-01-9.19056124e-03j
-1.83935399e-01+1.63803366e-02j
4.29315095e-01+1.35007520e-02j
4.77830581e-01+3.11986250e-02j
-1.00074378e-01+4.01180681e-03j
-8.02546815e-01+9.47973859e-03j
-9.16483064e-01-1.88111075e-02j
-3.19964616e-01-1.65232142e-03j
3.97820314e-01+1.12493809e-02j
5.56192859e-01-2.80755114e-03j
6.17716387e-02+3.40861891e-02j
-7.18390671e-01+2.44327131e-02j
-9.32895956e-01-1.30132559e-02j
-4.53023474e-01-1.41814035e-02j
2.70509025e-01+2.47333932e-02j
5.82518909e-01-2.31561081e-02j
1.73773727e-01+2.63815461e-03j
-5.78959583e-01-6.64903381e-03j
-9.64210375e-01+7.84112901e-03j
-6.10265336e-01-3.78152155e-02j
1.29531830e-01+1.65189430e-02j
6.13090081e-01-2.81273075e-02j
2.86376640e-01+1.19668336e-02j
-4.63244311e-01+2.46561605e-02j
-9.51090404e-01+7.51483548e-03j
-6.86670847e-01-1.55184124e-02j
7.22174167e-03+1.29827392e-03j
5.53562173e-01-1.95934046e-02j
3.63108870e-01-2.04871018e-02j
-3.14239561e-01+1.03398955e-02j
-8.81828006e-01+1.32458213e-04j
-8.26531925e-01+2.65057810e-02j
-1.56114628e-01+6.18432818e-03j
4.89297200e-01+3.62238622e-02j
5.05809404e-01-4.44053917e-02j
-1.65107562e-01+4.62501385e-04j
-8.18272224e-01-1.13617396e-03j
-9.19060036e-01-3.16915443e-03j
-2.64508658e-01-3.71005641e-02j
3.91310219e-01-1.27122170e-02j
5.14592937e-01+2.01011009e-02j
-5.76879774e-03-1.10231894e-02j
-7.11428757e-01-1.24859281e-02j
-9.25265881e-01-1.61473333e-02j
-4.45906448e-01+7.78635884e-03j
3.06206291e-01-3.52704620e-02j
5.89043674e-01-1.34009954e-02j
1.16340936e-01+1.03089114e-02j
-6.48139515e-01+9.87347824e-03j
-8.98688069e-01-8.82544841e-04j
-5.54478611e-01-4.29368892e-02j
1.64025430e-01-6.21577472e-03j
6.00479410e-01+1.84228479e-02j
2.60281814e-01+5.91720838e-04j
-5.18713199e-01-2.01207188e-03j
-9.48919982e-01+1.74017906e-02j
-6.91812166e-01-1.61660996e-02j
4.27219410e-02-2.62733271e-02j
5.48133406e-01+1.96008648e-02j
3.44728774e-01-2.77646122e-02j
-3.88456709e-01-8.70603811e-03j
-9.10261599e-01+5.12864348e-03j
-7.59683701e-01-9.11377781e-03j
-1.17533029e-01-1.39652772e-02j
4.78862448e-01+2.93895500e-02j
4.49465235e-01+2.25627008e-03j
-1.77015324e-01+1.77095648e-02j
-8.43087145e-01-2.54818894e-02j
-8.79171410e-01+3.75989306e-03j
-2.81603368e-01+9.03314185e-03j
4.52080549e-01+1.99729605e-03j
5.15020307e-01-1.49848087e-02j
-6.27432895e-02+2.91626849e-02j
-7.56339585e-01-2.48667011e-03j
-9.43097055e-01+1.97507579e-03j
-3.74801557e-01-8.42107568e-05j
3.65054746e-01+1.62402147e-02j
5.69677360e-01+2.62184889e-02j
5.16140832e-02-2.02406191e-02j
-6.52341189e-01+1.47953493e-02j
-9.56672137e-01-8.40040086e-03j
-5.26515666e-01-1.59776195e-02j
1.73633131e-01-2.10535007e-02j
5.38093884e-01-1.16898395e-02j
2.11153222e-01+1.45535219e-02j
-5.47885918e-01+3.40866683e-02j
-9.58552591e-01-2.61694598e-03j
-6.74968044e-01+1.71786894e-02j
6.58647088e-02-1.42580168e-02j
5.44018536e-01-1.73782810e-02j
3.67962721e-01-1.56777991e-02j
-3.92735256e-01+3.90458039e-03j
-9.29903159e-01+4.66152958e-03j
-7.86362912e-01-8.95247872e-03j
-6.85867253e-02-5.59894970e-03j
4.88542754e-01-4.55541832e-03j
4.53116470e-01+1.65273891e-02j
-2.65994528e-01-2.76418618e-02j
-8.42875217e-01-7.62278341e-03j
-8.00614545e-01-6.94038401e-03j
-2.06487423e-01-1.88786962e-02j
4.55706763e-01+2.45093212e-02j
5.28012095e-01+4.02562069e-03j
-1.20880598e-01-1.35777491e-02j
-7.94367442e-01+1.43541594e-02j
-9.06024374e-01+4.96694032e-03j
-3.41512847e-01-1.04559927e-02j
3.71535748e-01+6.10873050e-03j
5.47308933e-01+1.28305796e-02j
4.01258683e-02+5.34569519e-03j
-6.81371019e-01+4.17559911e-04j
-9.56633029e-01+3.13294857e-03j
-4.95773680e-01-6.72615439e-03j
1.93450658e-01-1.79069980e-02j
6.19737055e-01+1.01206781e-02j
1.80271520e-01+1.87039236e-02j
-5.81662474e-01-3.69497335e-02j
-9.61312667e-01-2.70645415e-02j
-6.28195145e-01-4.56838316e-03j
1.16229852e-01-1.22916000e-02j
6.06872362e-01-2.63681019e-03j
3.15011706e-01-1.61107587e-02j
-4.82771654e-01-1.20506513e-02j
-9.18755071e-01-1.08858624e-02j
-6.95165340e-01+5.18354280e-03j
-1.88449971e-02-9.25784541e-03j
5.57007678e-01-5.01475666e-02j
4.26914291e-01+1.07656690e-02j
-2.70115344e-01+2.13651352e-02j
-9.00080267e-01-3.40345548e-03j
-8.38403278e-01+8.22285905e-03j
-1.71346343e-01+4.39328810e-04j
4.96683020e-01+1.86548429e-02j
4.74999792e-01+1.87021699e-04j
-1.49425478e-01+6.83851011e-03j
-8.07684075e-01+7.12615611e-03j
-8.51818434e-01-1.71059908e-02j
-3.02929764e-01+3.46181753e-04j
4.21897659e-01-9.35125311e-03j
5.74593037e-01+3.32635391e-03j
1.86960326e-02-2.24373865e-02j
-6.86028464e-01-1.37264244e-02j
-9.47297471e-01+8.48447782e-03j
-4.23362501e-01-1.26563439e-02j
2.90386306e-01+1.45337991e-02j
5.45640641e-01-1.15121198e-02j
1.37122545e-01-1.98013221e-02j
-6.03913524e-01+2.27466373e-02j
-9.71869560e-01-1.54359613e-02j
-5.61621995e-01+2.04090403e-02j
1.50515939e-01+9.71537336e-03j
5.75472155e-01-1.72143629e-02j
2.52680630e-01+1.61404280e-02j
-4.48046399e-01+4.18708588e-03j
-9.67298456e-01+4.43698612e-02j
-6.81452368e-01+2.66306303e-02j
2.55467484e-02-5.01095326e-05j
5.34819064e-01+3.82082602e-02j
3.77073950e-01-1.87527394e-03j
-3.03555105e-01-7.07522946e-03j
-9.33253735e-01+1.93032375e-02j
-7.64963958e-01+2.63418384e-02j
-1.49672209e-01-3.85854673e-03j
4.63529147e-01+2.57337140e-02j
4.60067302e-01-1.06675438e-02j
-1.81361086e-01-5.92787590e-03j
-8.38649804e-01+1.64153546e-03j
-8.82837883e-01+2.18939100e-02j
-2.31983303e-01-2.16698588e-02j
4.20479929e-01-3.50256691e-03j
5.30970678e-01+8.33059679e-04j
-1.63666876e-02+3.08241154e-02j
-7.57058798e-01-3.69555993e-03j
-9.43773849e-01+3.23011307e-02j
-3.80902171e-01-1.73457436e-02j
3.15269144e-01+9.23816831e-03j
5.65373975e-01+1.83794998e-03j
1.20379626e-01+9.33014982e-03j
-6.31106688e-01+8.20003158e-03j
-9.31432003e-01+2.21365657e-02j
-5.22772869e-01+1.62140489e-02j
2.32567449e-01+1.29506710e-02j
5.82008196e-01-2.57362818e-02j
2.22841180e-01-8.93005365e-03j
-4.93102186e-01+7.44484900e-03j
-9.31128126e-01-8.16495487e-03j
-6.49063193e-01+1.05418536e-02j
6.54797416e-02+3.18793221e-03j
5.51628558e-01-1.20584399e-02j
3.05473381e-01+2.04674862e-02j
-3.34961594e-01+3.93229180e-02j
-9.27182158e-01+8.89581995e-03j
-7.64960871e-01+8.56990506e-03j
-5.99992449e-02-6.98304867e-03j
4.92695650e-01-2.55038938e-02j
4.45312191e-01+1.94652983e-02j
-1.87135555e-01-2.70962415e-02j
-8.16620840e-01-4.64384859e-03j
-8.42620252e-01+4.71517360e-02j
-2.41995721e-01-1.79438753e-02j
4.87396550e-01-2.02044903e-02j
5.21892094e-01+3.95812504e-03j
-6.44591792e-02+3.05288452e-02j
-7.90166690e-01+3.38324988e-02j
-9.17719964e-01+1.52593671e-02j
-3.87058242e-01-5.29434598e-03j
3.71344007e-01+6.08545120e-03j
5.86685819e-01-3.36602934e-02j
5.31908509e-02+2.63456911e-02j
-6.55421859e-01-9.30046210e-04j
-9.34201843e-01-4.27807318e-03j
-5.18637661e-01-5.73717965e-03j
2.11564953e-01+2.24217327e-03j
6.01040611e-01+1.13029389e-02j
1.68641918e-01-1.84719570e-03j
-5.54255196e-01+4.57380364e-02j
-9.34012337e-01+5.23489892e-03j
-6.15341188e-01+3.15461116e-03j
1.42131373e-01-1.23619438e-02j
5.49790749e-01+2.58009035e-04j
3.03611442e-01-4.64176837e-03j
-4.34339996e-01+8.54626389e-03j
-9.31300191e-01-9.29998290e-03j
-7.36446862e-01-7.44579292e-03j
2.45866686e-04+4.84921668e-02j
5.08699714e-01-3.05565160e-02j
4.13793347e-01+1.01551010e-02j
-2.72534159e-01-2.11936898e-02j
-8.78667416e-01+1.89110105e-02j
-8.47335222e-01-3.08359930e-02j
-1.90921353e-01+4.11439201e-02j
4.34788740e-01+2.07519600e-02j
4.48949767e-01-9.89674872e-03j
-1.13332852e-01-4.27188193e-03j
-7.96405067e-01+1.42601868e-02j
-8.84311081e-01+2.79436398e-02j
-3.44455714e-01-7.86219040e-03j
3.75004503e-01+7.04530072e-03j
5.67556192e-01+2.37387763e-02j
3.04231646e-02-1.41384550e-02j
-7.40559082e-01+1.73022393e-02j
-9.49138550e-01+2.15974091e-02j
-4.86463716e-01+1.53041636e-02j
2.99416551e-01+2.99814623e-03j
6.16113075e-01-1.81432868e-02j
1.39601492e-01-1.12761571e-02j
-5.83833698e-01+1.27400599e-02j
-9.29714174e-01+3.04253822e-02j
-5.76485524e-01+2.42895588e-02j
1.64263491e-01-2.15847056e-02j
5.52706469e-01-5.89469235e-03j
2.76201412e-01-2.65850656e-02j
-4.53805939e-01+5.49607036e-02j
-9.29804824e-01-1.25176210e-02j
-7.15700438e-01-2.07323175e-02j
-2.40565546e-03-4.84327896e-02j
5.11412225e-01+3.05662866e-02j
4.05381537e-01-7.01932713e-03j
-3.27290628e-01+8.47874723e-04j
-8.98362263e-01-2.61746087e-03j
-8.37158580e-01-2.64941533e-02j
-1.56584235e-01+3.17516938e-02j
5.08389645e-01+8.79009499e-03j
4.95624601e-01+1.64836859e-02j
-1.53148237e-01+3.73341405e-03j
-8.65858023e-01-5.03408243e-03j
-8.77509155e-01+1.34931350e-03j
-2.79514634e-01+9.15295036e-03j
3.92464724e-01+2.20821036e-02j
5.53698022e-01-3.73285228e-02j
-1.84859201e-02+3.95244769e-03j
-7.17153993e-01-7.60453944e-03j
-9.47085939e-01+1.56228189e-02j
-4.28834695e-01-1.06620024e-02j
3.07851591e-01+6.49586460e-03j
5.53015095e-01+1.76633754e-02j
9.26899501e-02+4.30057412e-03j
-6.42394331e-01+9.10599342e-03j
-9.39055272e-01-7.17555450e-03j
-5.55850058e-01-4.44781983e-02j
1.93736811e-01-1.39365598e-02j
5.86963055e-01-9.03012652e-03j
2.51868867e-01-1.92710976e-02j
-4.99005109e-01+2.83014883e-02j
-9.19829226e-01+3.91853644e-03j
-6.70140870e-01+1.69926800e-02j
2.15218680e-02+1.57498209e-02j
5.70024288e-01+2.56632630e-02j
3.33155314e-01+2.70691085e-03j
-3.67306156e-01-2.67010333e-02j
-8.92761907e-01+6.38871145e-03j
-7.73785934e-01-3.06902455e-02j
-1.01267905e-01+4.56214123e-03j
5.01832763e-01-2.47077474e-02j
4.85568103e-01+4.05660971e-03j
-2.19607201e-01+2.11784628e-02j
-8.52578164e-01-6.07294139e-03j
-8.76474730e-01+3.39177026e-02j
-2.37940979e-01-2.13754601e-02j
4.51418497e-01-1.63592640e-02j
5.39479464e-01+1.73188058e-02j
-7.86973587e-02+1.54540421e-02j
-7.78231448e-01+2.49426079e-02j
-9.33824561e-01-7.21154583e-03j
-4.05191607e-01-2.84080026e-03j
3.47049238e-01-1.83891298e-02j
5.73845076e-01-2.91904599e-02j
7.77373702e-02-1.20496344e-02j
-6.48103120e-01+5.23394025e-04j
-9.18685169e-01-4.67523155e-02j
-5.34343703e-01+4.71491066e-02j
1.87545008e-01+1.24299562e-02j
5.52343980e-01+1.06868258e-02j
2.07520083e-01+4.19090186e-03j
-5.09168943e-01-3.91487143e-04j
-9.53576610e-01-2.78710409e-02j
-5.92001679e-01+2.62751485e-02j
1.04693298e-01-3.38171156e-02j
5.73482001e-01+3.33538410e-02j
3.37780866e-01-5.95717234e-03j
-3.84244808e-01+4.70040587e-02j
-9.05849065e-01+1.75373015e-02j
-7.85417813e-01+1.21839310e-02j
-5.44573543e-02+2.28190346e-02j
5.36244010e-01+4.20979248e-04j
4.19835516e-01-2.48283864e-02j
-2.70253117e-01+2.01062254e-03j
-8.75912578e-01+4.13675762e-02j
-8.46915078e-01+4.13984604e-03j
-2.22345153e-01-1.12978223e-03j
4.35107924e-01+1.80456944e-02j
5.19500661e-01-5.73665118e-03j
-9.67964484e-02+1.46981930e-02j
-8.00430277e-01-1.95355703e-02j
-8.86985454e-01-1.09330696e-02j
-3.35164281e-01-2.43616829e-02j
3.55466227e-01+2.38485679e-02j
5.53919122e-01+6.67613819e-03j
9.35921519e-05-2.74577594e-02j
-6.70112106e-01+1.68503596e-04j
-9.14147939e-01+3.93071020e-03j
-4.63008981e-01+1.01721807e-02j
2.26610542e-01+4.93797001e-02j
5.81234539e-01+1.03803198e-02j
1.54056423e-01+1.10291210e-02j
-5.44750060e-01-1.59241195e-02j
-9.57274593e-01+2.42729267e-02j
-6.31402122e-01+3.09269704e-02j
1.45724744e-01+1.60384627e-02j
5.54812070e-01+8.69740339e-03j
3.01370906e-01+5.28196788e-03j
-4.35701707e-01-1.79737412e-02j
-9.40573802e-01+2.49859468e-02j
-7.07431767e-01+2.58385398e-02j
-2.47316084e-02-2.64041170e-02j
5.35138828e-01+1.45643466e-02j
3.62214518e-01-1.18012233e-02j
-2.59561726e-01+1.77499655e-02j
-8.85136736e-01+5.50858877e-03j
-8.22112288e-01+2.06442627e-03j
-1.32547372e-01-5.88982744e-03j
5.18934952e-01-1.74756770e-02j
4.63053353e-01-5.28403710e-03j
-1.32628907e-01+2.06764096e-02j
-8.12642967e-01-2.65532723e-02j
-8.50058596e-01-1.00132270e-02j
-2.93507790e-01-4.96061193e-03j
3.96738994e-01+6.20522280e-03j
5.43357071e-01+2.08468389e-02j
-3.42179506e-02-1.44830875e-02j
-7.31804597e-01-1.94442444e-02j
-9.26560297e-01+4.34591697e-02j
-4.37026671e-01-1.32968722e-02j
2.66515375e-01+1.26845358e-02j
5.53325677e-01+7.98127126e-03j
1.28194179e-01-4.50690724e-02j
-6.17989486e-01-1.05163169e-03j
-9.68310633e-01+3.31351970e-02j
-5.63646401e-01+2.03337661e-02j
1.48086580e-01+5.37750675e-02j
5.65888082e-01+1.07616894e-02j
2.65889858e-01+1.36484033e-02j
-4.56656363e-01-1.94892077e-02j
-9.18877213e-01+6.95322448e-03j
-6.83303876e-01+2.24920409e-02j
4.72824164e-02+2.31405099e-02j
5.63524810e-01+4.22110849e-02j
3.50132687e-01+1.10442609e-02j
-3.10311615e-01-9.44058749e-03j
-9.05372792e-01-1.80444988e-02j
-7.87958506e-01+2.50369493e-02j
-1.12154568e-01+8.42267312e-03j
4.84596162e-01-2.43646518e-02j
4.94469589e-01-1.50304178e-02j
-2.08571204e-01-1.14809263e-02j
-8.42972844e-01-5.27832566e-02j
-8.64044493e-01+1.73356304e-03j
-2.68777617e-01+7.32697952e-03j
4.24678882e-01+3.01973603e-03j
5.23269878e-01-3.55574507e-03j
-4.50188052e-03-3.63436561e-03j
-7.57571162e-01-3.04659790e-03j
-9.32871073e-01+1.56457310e-03j
-4.09328845e-01-9.79954980e-03j
3.26516054e-01-1.39317248e-02j
5.55924598e-01-1.36997171e-02j
1.05828842e-01+6.51045479e-03j
-6.13699044e-01+1.50681946e-02j
-9.56655148e-01+6.97595732e-03j
-5.30138444e-01+2.72627649e-02j
2.30432554e-01+2.45269753e-02j
5.58005337e-01+2.33318748e-02j
2.00309054e-01-1.81070861e-03j
-4.83139708e-01+3.08155884e-03j
-9.58896241e-01-1.20239732e-02j
-6.69835312e-01+2.97259329e-02j
3.98718732e-02-3.95940640e-02j
5.63696486e-01+4.11411167e-02j
3.48250006e-01+1.13887246e-02j
-3.71636991e-01+8.11940907e-03j
-9.21304713e-01-2.85286261e-02j
-8.04376914e-01-4.54406165e-02j
-5.20692672e-02+2.73056093e-02j
5.03851416e-01+7.02568347e-03j
4.51349819e-01-2.72505062e-03j
-2.49404154e-01-2.25000502e-03j
-8.74965481e-01+8.82518059e-03j
-8.57491191e-01-3.38303905e-02j
-2.09254576e-01+3.29979068e-02j
4.20542653e-01+2.49064457e-02j
4.97247933e-01+1.91309773e-02j
-6.55284178e-02-5.50504799e-03j
-8.20838039e-01+1.97041333e-02j
-9.04162853e-01-9.87857450e-03j
-3.65339338e-01-3.77981144e-03j
3.83347395e-01-1.41391233e-03j
5.67488421e-01+1.10763419e-02j
9.26181970e-02-1.19605892e-02j
-6.81490251e-01-4.57705620e-02j
-9.52355545e-01-2.02554196e-02j
-4.86392796e-01-4.17791873e-03j
2.54470676e-01+1.02403325e-02j
5.39587711e-01+7.27041801e-03j
1.75781304e-01+2.24875652e-02j
-5.25071998e-01-1.35862702e-02j
-9.51414750e-01+9.31765636e-03j
-6.30179352e-01+1.62375356e-02j
9.79176523e-02+3.39056914e-02j
5.70799641e-01-1.57631261e-02j
3.32428393e-01-1.48898765e-02j
-4.09465406e-01+8.49070469e-03j
-9.18290722e-01-1.80412855e-02j
-7.21505467e-01+6.90132782e-03j
4.15509246e-03+1.26283909e-02j
5.40378620e-01-1.24992898e-02j
4.35734825e-01+3.32761192e-02j
-3.03876903e-01+4.03735437e-02j
-8.33801421e-01-2.92235389e-02j
-8.28782176e-01-8.58372813e-04j
-1.78224326e-01+2.02837102e-04j
4.46274564e-01-1.28440215e-02j
5.12587007e-01+1.64473602e-02j
-1.14303818e-01+3.55650046e-03j
-7.99331688e-01-9.93123844e-03j
-8.87891328e-01+3.25370694e-02j
-2.70073401e-01+2.02500210e-03j
3.85660847e-01+7.51545463e-03j
5.87639081e-01-6.75060165e-03j
-4.85897452e-03-2.04394006e-02j
-7.32449223e-01+1.05050279e-02j
-9.27007566e-01-2.98634670e-03j
-4.09263886e-01-5.33871127e-03j
2.96100464e-01+2.62500205e-02j
5.84450972e-01-1.23394052e-02j
1.84481680e-01-3.78278994e-02j
-6.03721591e-01-5.07411227e-03j
-9.60807527e-01+9.08089189e-03j
-6.32626445e-01+8.27482815e-03j
1.31898586e-01-6.63234987e-03j
5.80294560e-01-3.13257636e-02j
2.80784144e-01+4.64380737e-02j
-4.71021700e-01+1.22548532e-03j
-9.67740125e-01-2.66259623e-02j
-7.27688382e-01-2.14971359e-03j
-1.75019309e-02-3.69723507e-02j
5.42748591e-01-6.72857880e-03j
3.98521784e-01+3.00150258e-02j
-3.47102929e-01-6.38023558e-03j
-8.88559783e-01-1.02088514e-02j
-8.35104906e-01-4.10659512e-02j
-1.63503101e-01-1.94145382e-02j
4.47734941e-01+3.80580392e-03j
4.78334989e-01+7.91043747e-03j
-1.62486730e-01+1.82960117e-02j
-7.74626700e-01+4.88091823e-03j
-8.81171420e-01-4.49319535e-03j
-2.66609010e-01+4.29216019e-04j
4.27720888e-01+1.26804093e-02j
5.22403402e-01+1.15772004e-02j
-1.29401302e-02+1.35919765e-02j
-7.12022008e-01-4.94744847e-02j
-9.57500620e-01-7.36231723e-03j
-4.31001192e-01+1.95469189e-02j
3.13038141e-01+3.41291059e-02j
5.42628397e-01+2.21980835e-02j
1.30183640e-01-6.46773218e-03j
-6.19039462e-01+1.88427303e-02j
-9.35625613e-01+2.66822056e-02j
-5.29909670e-01-3.55628063e-02j
1.77303401e-01+6.02583305e-03j
5.89382273e-01-1.72370159e-02j
2.36253223e-01+1.42398188e-02j
-5.17320013e-01+2.81582184e-02j
-9.45921374e-01+2.53528031e-03j
-6.66258943e-01+1.53673080e-02j
1.30184495e-02-2.70946755e-03j
5.77444396e-01-6.45279182e-03j
3.67765705e-01+2.71464523e-02j
-3.64304566e-01-4.33133529e-03j
-9.20766010e-01+3.40476109e-03j
-7.63527515e-01-2.73320856e-03j
-9.44705583e-02+1.70597455e-02j
5.25762738e-01-4.77345665e-03j
4.53434213e-01+1.14342331e-02j
-1.91722969e-01+9.34324751e-03j
-8.37001803e-01+6.82439685e-03j
-8.74024729e-01+2.94946493e-03j
-2.33203102e-01-2.55141914e-02j
4.98637324e-01+4.03803479e-03j
5.29385955e-01-3.46874004e-02j
-8.67868338e-02-1.65675264e-02j
-7.72009285e-01-3.60172809e-03j
-9.25737427e-01-5.10184942e-04j
-3.82367839e-01-1.66288604e-03j
3.62300281e-01+1.74199202e-02j
5.30414289e-01+4.15566868e-02j
7.69955818e-02-1.05355665e-02j
-6.33320890e-01+1.56780616e-02j
-9.57462218e-01+8.80009959e-03j
-5.28550220e-01-4.59322652e-02j
2.13040399e-01+2.03886151e-02j
5.55092071e-01-5.75306176e-04j
2.14388385e-01-3.03981219e-03j
-5.54020167e-01-1.72496039e-02j
-9.31164950e-01-2.50416487e-02j
-6.46881629e-01+1.17925111e-02j
1.10495906e-01+2.12731687e-02j
5.27696858e-01-2.38738299e-03j
3.03278278e-01-9.80001730e-03j
-3.72204562e-01-2.05454405e-02j
-8.92291656e-01+7.48272153e-03j
-7.73975947e-01+3.47438750e-02j
-3.70744846e-02-9.67091407e-04j
5.23118729e-01+2.62881703e-02j
4.20580715e-01+1.19122250e-02j
-2.53353431e-01-2.00838374e-02j
-8.78377428e-01-2.12972968e-03j
-8.51778317e-01+2.51561041e-02j
-2.38520967e-01-5.36410681e-03j
4.81765575e-01-8.39205251e-03j
4.99116760e-01-4.82023016e-02j
-1.34069969e-01-2.01922613e-02j
-7.69874390e-01-2.33294146e-02j
-9.20934724e-01+6.72196584e-03j
-3.64091483e-01-2.52914688e-02j
3.83036118e-01+2.13779633e-02j
5.34583515e-01+1.06524032e-02j
3.28091891e-02+4.22716174e-02j
-7.14083370e-01+1.99080738e-02j
-9.43405559e-01+3.19768222e-02j
-4.67858055e-01-2.32987847e-02j
2.27542043e-01+2.25632988e-02j
5.65897458e-01+1.29353645e-02j
1.77391136e-01-4.48143605e-02j
-5.40448439e-01-2.28499094e-02j
-9.40150218e-01-3.83434845e-02j
-5.70060771e-01+6.43288154e-03j
1.06826600e-01+5.48052558e-03j
5.55194898e-01+1.22317657e-02j
2.71201145e-01+1.21476847e-02j
-4.66310474e-01-7.52235895e-03j
-9.56258987e-01+2.21013484e-02j
-7.43584430e-01-4.45594344e-02j
-2.05819157e-02+1.25682630e-02j
5.40547627e-01+9.44312220e-03j
3.88457006e-01+5.19930502e-03j
-2.62327037e-01+1.39017617e-03j
-8.59981064e-01-2.60247920e-02j
-8.39687769e-01+2.38997912e-02j
-1.50154021e-01+1.66904333e-02j
4.75679910e-01-1.47642642e-02j
4.93125277e-01-1.82883589e-02j
-1.63671862e-01-1.72181870e-02j
-8.26651781e-01+8.42426588e-03j
-8.69124762e-01+1.58898952e-02j
-3.13779289e-01-3.01082886e-02j
3.70703882e-01+1.93932811e-02j
4.98637686e-01-1.38159510e-02j
-6.33056862e-03+2.07039639e-02j
-7.23568252e-01+4.87670154e-04j
-9.55060192e-01-1.52389049e-02j
-4.43435242e-01-8.61775554e-03j
2.89125447e-01+2.65372488e-02j
5.56812925e-01-3.96432917e-03j
1.42439404e-01-1.77251484e-02j
-6.05439631e-01-8.48392823e-03j
-9.46103991e-01-1.12975945e-02j
-5.62952211e-01-7.61845728e-04j
1.35681196e-01+2.75530352e-03j
5.63455617e-01-2.56122303e-02j
2.49106320e-01-1.38014838e-03j
-4.27127310e-01+1.48272635e-02j
-9.52029561e-01-1.50549393e-02j
-7.03694658e-01+4.81690092e-02j
7.56278005e-02-5.23484753e-04j
5.37087918e-01+3.12655604e-02j
3.63805554e-01-1.69393433e-02j
-3.05678714e-01+8.12522072e-03j
-8.62909453e-01-9.69008097e-04j
-7.71059212e-01+1.24920001e-03j
-1.03822447e-01-6.75243633e-03j
5.14456736e-01+8.59195387e-03j
4.61437880e-01+1.63622281e-03j
-2.08527896e-01-2.43291208e-03j
-8.95299094e-01-1.14595220e-02j
-8.29447156e-01-1.77806034e-02j
-2.31541908e-01+2.55287402e-02j
4.20525905e-01-8.27844207e-03j
5.14244499e-01+2.47931213e-02j
-3.08866257e-02-9.59322238e-03j
-7.64744955e-01+2.06074338e-02j
-9.47243585e-01-7.00269243e-03j
-4.31409803e-01+1.31656698e-02j
3.09919152e-01+2.40095344e-02j
5.53261411e-01+1.34289054e-03j
8.80353803e-02-1.28247417e-02j
-7.06744719e-01+3.13138207e-03j
-9.32617820e-01-2.35855036e-02j
-5.24075426e-01-1.27244943e-03j
2.00554636e-01-1.56514683e-03j
6.13335800e-01-5.63592895e-03j
2.18932876e-01+6.14341189e-04j
-5.43447803e-01-1.59672385e-03j
-9.13923362e-01+2.19314225e-02j
-6.90515732e-01-5.13047979e-03j
1.17716569e-01-2.29959568e-02j
5.62127516e-01-1.70931688e-02j
3.25789773e-01+1.06168172e-03j
-3.71926076e-01+2.31460894e-02j
-9.26415873e-01-1.74978468e-02j
-7.77961306e-01-3.42385556e-03j
-6.14625167e-02-4.58024365e-02j
5.47075810e-01-3.00251362e-02j
4.43271826e-01-3.32335785e-02j
-2.48543481e-01+1.24242069e-02j
-8.72917131e-01+6.00397541e-04j
-8.70080937e-01+1.69231046e-02j
-2.09759303e-01+1.19086816e-02j
4.33188713e-01-9.24493185e-03j
5.56328449e-01+2.23213529e-02j
-8.65430877e-02-1.26249683e-02j
-7.93472262e-01+6.46293737e-02j
-9.02039428e-01-5.34043323e-03j
-3.99683559e-01+4.91994280e-03j
3.79177845e-01-1.66764371e-02j
5.55348992e-01-4.64252110e-02j
5.90931787e-02+1.19697852e-02j
-6.79210003e-01-1.43886784e-03j
-9.76797448e-01-4.76373797e-03j
-4.68445200e-01-4.37602598e-02j
2.80543163e-01-1.49778400e-02j
5.18089817e-01+2.27748026e-02j
2.02366162e-01-2.46041639e-02j
-5.79148403e-01+9.84861261e-03j
-9.76332297e-01+5.66905342e-03j
-6.12669989e-01-8.60745186e-03j
1.05158715e-01-9.55447825e-03j
5.53101705e-01-7.51115507e-04j
3.22259075e-01+1.53129493e-02j
-4.20643552e-01+6.48987582e-03j
-9.06769975e-01-2.29720070e-02j
-7.29097945e-01+5.73948555e-03j
-3.12166346e-02-3.71791407e-02j
5.33582970e-01-9.07798599e-03j
4.05807239e-01-1.12638294e-02j
-3.05542048e-01+4.09938429e-02j
-8.63861812e-01-2.14822317e-02j
-8.13507604e-01-1.51090673e-02j
-1.78654223e-01-6.90480080e-03j
4.41396477e-01-1.73446058e-02j
4.55879769e-01+1.83481595e-02j
-1.25475895e-01-3.19464242e-02j
-7.70823922e-01-4.85314215e-03j
-9.08846346e-01-7.46549282e-03j
-3.24418744e-01-5.05613829e-02j
4.01757270e-01+3.21709328e-02j
5.34682116e-01+1.30960565e-02j
2.58674410e-02+2.81873243e-03j
-7.34001984e-01+1.02909830e-02j
-9.45382144e-01+1.04283161e-02j
-4.73461604e-01+1.29800331e-02j
2.79013322e-01+1.95998458e-02j
6.00561743e-01+1.25802699e-02j
1.32629046e-01+1.06665847e-02j
-5.72868302e-01+4.87261627e-02j
-9.46711033e-01-2.27698497e-02j
-6.03727254e-01+2.80156353e-02j
1.71970029e-01-2.64950245e-02j
5.60547596e-01-9.22680952e-03j
2.83625153e-01-2.65042378e-02j
-4.79302965e-01+4.44470724e-02j
-9.54258465e-01+7.39275379e-04j
-7.01308899e-01+7.12752176e-03j
8.16949993e-04+4.75688892e-03j
5.22808437e-01-5.28500503e-03j
3.58176309e-01+3.37333596e-02j
-2.96723998e-01-2.91048800e-02j
-9.00368442e-01+4.29474702e-03j
-8.15112629e-01+1.64087066e-02j
-1.22887305e-01+2.16902744e-02j
4.99791679e-01+1.18588228e-02j
4.63362969e-01+4.43513550e-02j
-1.76082060e-01+9.24762737e-03j
-8.15684022e-01+3.57749445e-03j
-8.73176730e-01+9.20777854e-03j
-2.94541163e-01+1.53188001e-02j
3.68253879e-01+2.60475672e-03j
4.99532938e-01-1.22680283e-02j
-4.66272352e-02+1.06753225e-02j
-7.29763831e-01+1.53202234e-02j
-9.19310562e-01+4.03668068e-02j
-4.53168127e-01+1.53159043e-03j
2.88873995e-01-1.04069885e-02j
5.60259688e-01+2.97749237e-02j
1.16046162e-01+5.99317453e-03j
-5.84082600e-01+2.10160920e-03j
-9.21404130e-01+1.48389476e-02j
-5.51290103e-01+6.80255629e-03j
1.95535585e-01-3.19117058e-02j
5.72389155e-01-7.42201651e-03j
2.45284294e-01-1.30447504e-02j
-4.83540690e-01-5.33772044e-03j
-9.20837262e-01+4.76212929e-02j
-6.56524258e-01-1.68216574e-02j
5.80613619e-02-1.49444514e-02j
5.56219861e-01+2.03810857e-02j
3.63563448e-01+1.09193703e-02j
-3.95715788e-01-2.94769404e-03j
-9.02078332e-01-3.66605675e-02j
-8.05953247e-01+8.02241955e-03j
-1.11077470e-01-5.32164826e-03j
5.15234457e-01+8.84971613e-03j
4.46632781e-01-1.54543211e-03j
-2.03389602e-01-1.07512321e-02j
-8.47706116e-01-4.26448598e-02j
-8.74044643e-01-1.18256466e-02j
-2.16859679e-01+3.85263285e-02j
4.32209618e-01-2.10720978e-02j
4.80614948e-01-7.77840395e-03j
-8.82111788e-02+2.25392028e-02j
-7.91640921e-01-1.61366072e-02j
-9.12288626e-01-3.54758679e-03j
-3.64186176e-01+1.34361261e-03j
3.42722667e-01+1.74115101e-02j
5.52970324e-01+7.24078214e-03j
8.15690450e-02+2.67394628e-02j
-6.76186721e-01+2.97320974e-02j
-9.72334217e-01-2.11818809e-02j
-5.28553952e-01+3.58407224e-03j
2.06344965e-01+3.84621389e-02j
5.88374550e-01+1.38004271e-02j
1.92972886e-01+5.97965493e-03j
-5.25151125e-01+4.10733782e-03j
-9.66631278e-01+8.95485685e-03j
-6.55524336e-01+2.39282859e-02j
1.17284915e-01-2.81512407e-02j
5.68450815e-01+2.49887488e-04j
2.96713019e-01+8.34068364e-03j
-4.41524279e-01+1.72064388e-02j
-9.15040174e-01-3.91368321e-02j
-7.20504532e-01+5.39701291e-03j
-3.02434869e-02+5.03046092e-02j
5.06010977e-01+1.03253646e-02j
4.37180806e-01-1.42479604e-02j
-2.76898608e-01+1.01151637e-02j
-8.30408133e-01-9.00151303e-03j
-8.18599706e-01+6.81417078e-03j
-1.74728413e-01-9.39037453e-03j
4.39660910e-01-4.13441387e-04j
4.83939927e-01-3.06005430e-02j
-1.07868268e-01-1.46807912e-02j
-8.23538072e-01-2.36439177e-02j
-9.25858168e-01-1.71658738e-02j
-3.49404166e-01-7.03955352e-03j
3.36502336e-01+2.16312401e-02j
5.03282252e-01-3.03543661e-02j
2.47055634e-02-3.15395274e-02j
-7.06570742e-01+4.91616793e-03j
-9.79639869e-01+9.97811876e-04j
-4.85418457e-01-7.45225173e-04j
2.36548305e-01-1.54238100e-02j
5.93970403e-01+3.09764839e-02j
1.50992829e-01+3.77361339e-03j
-5.50326469e-01-1.39466349e-02j
-9.61024505e-01+8.32216190e-03j
-6.30528071e-01+1.67276089e-03j
1.36832023e-01-1.66919427e-03j
6.07437288e-01-5.55986787e-03j
2.75589597e-01+1.51038462e-02j
-4.28023310e-01+1.86450075e-02j
-9.54700005e-01-4.11498921e-02j
-7.23466628e-01+2.90585336e-02j
2.55379884e-03+5.20791742e-03j
5.23785511e-01+3.95608614e-03j
3.82011476e-01-1.85677258e-03j
-2.75091913e-01-1.38076733e-02j
-8.95946686e-01+6.69738183e-03j
-8.43077393e-01+1.59490165e-02j
-1.20375611e-01-5.57875436e-03j
4.48174440e-01+2.22312971e-02j
4.67762548e-01-4.09846757e-02j
-1.47617142e-01+2.35491647e-03j
-8.12351177e-01+1.53657778e-02j
-8.82990362e-01-9.41221734e-03j
-3.16421765e-01-3.59722997e-03j
3.99959537e-01+1.66449877e-02j
5.51509486e-01-2.63989663e-02j
-3.66615048e-02+1.87741573e-02j
-7.17307462e-01-1.32817262e-02j
-9.34840625e-01-3.30046654e-02j
-4.53513694e-01-2.92459009e-02j
2.92945163e-01+5.68983692e-04j
5.45276109e-01+2.83126700e-02j
1.46876330e-01-2.23656570e-02j
-6.15110289e-01-1.70587293e-02j
-9.89060475e-01+4.27738619e-02j
-5.95920446e-01+3.22237307e-02j
1.32820848e-01-2.61482359e-02j
5.79139069e-01-1.78251805e-02j
2.45186796e-01+4.07341420e-02j
-4.52403359e-01+2.60088744e-04j
-9.31823668e-01-1.61598725e-02j
-7.22400265e-01-1.87867292e-02j
1.95351722e-02+3.01548038e-02j
5.27524971e-01+5.20674599e-03j
3.81680595e-01+1.14965902e-02j
-3.47277506e-01+4.35497639e-02j
-8.98389566e-01-4.11753051e-02j
-7.90267535e-01-4.72258358e-03j
-1.04325064e-01-2.55136795e-03j
5.00557827e-01+6.41026237e-03j
4.50086434e-01+8.99038582e-04j
-2.44964169e-01+1.47308658e-02j
-8.64266262e-01+1.29289605e-02j
-8.85660146e-01-2.31606694e-02j
-2.62111802e-01-1.53825379e-02j
4.02218036e-01+3.95873155e-03j
4.93790949e-01+2.05341630e-02j
-5.98327906e-02-4.42571127e-03j
-7.55049604e-01-4.39936290e-02j
-9.23339771e-01-1.65504117e-02j
-3.94573691e-01+1.45538572e-03j
3.42381543e-01-1.35096786e-04j
5.71474662e-01-6.89635230e-03j
9.26530306e-02+1.73265979e-02j
-6.53888086e-01+1.50676972e-02j
-9.53474711e-01+1.13505603e-02j
-5.26583974e-01+3.91907752e-02j
2.04771789e-01+9.29237052e-03j
5.84112190e-01+2.36572600e-03j
2.29328721e-01+3.88647767e-02j
-5.36210456e-01+1.49934998e-02j
-9.73705635e-01-3.06858083e-02j
-6.55975629e-01+2.72669448e-02j
6.10802210e-02-1.37111753e-02j
5.58407073e-01+1.15949561e-02j
3.23844462e-01+1.84332463e-02j
-3.78012586e-01+2.52959358e-02j
-9.52096010e-01+4.47094392e-02j
-7.57854183e-01-7.00240472e-03j
-8.41050651e-02+1.73207680e-02j
5.53739744e-01+1.41551266e-02j
4.03894026e-01-4.09386744e-02j
-2.17242995e-01+9.55873278e-03j
-8.70825379e-01+2.82576092e-02j
-8.76144497e-01+1.06585030e-02j
-2.09179669e-01+3.81215840e-03j
4.45214689e-01+1.25428002e-02j
5.14385517e-01-4.64753505e-03j
-1.01199855e-01-2.22944082e-02j
-8.09240451e-01-4.08400643e-02j
-9.10855729e-01-1.09405474e-02j
-3.45825588e-01+1.89195669e-03j
3.79160597e-01-9.44181179e-03j
5.51083008e-01-8.53074568e-03j
6.13721865e-02+2.10535576e-02j
-6.56375041e-01-1.45477379e-02j
-9.50793263e-01-7.77645368e-03j
-4.83350828e-01-1.47613734e-02j
2.30255746e-01+1.44014579e-02j
5.72485073e-01+2.51921816e-03j
1.61305099e-01-1.33593531e-02j
-5.48511655e-01-1.36856516e-02j
-9.54763672e-01-3.31236253e-02j
-6.36779813e-01-1.32898092e-04j
1.02398328e-01+8.51871595e-03j
6.00843179e-01+5.53547988e-02j
3.01642839e-01+1.35018808e-02j
-4.14697024e-01-1.69889392e-02j
-9.24754488e-01-1.21752257e-02j
-7.51896985e-01+3.58434324e-03j
-5.36396082e-02-7.52535459e-03j
5.42564889e-01-2.89958946e-02j
4.03760205e-01+1.13447906e-02j
-2.84196321e-01-1.29170124e-02j
-8.78794644e-01+2.81669311e-02j
-8.38359445e-01-2.23356846e-02j
-1.28923527e-01+4.54166199e-02j
4.70255219e-01-1.18813002e-02j
4.64112882e-01-2.41753698e-02j
-9.71340547e-02-2.96717086e-02j
-7.81896415e-01-3.63021195e-02j
-9.22693303e-01-3.74823066e-02j
-3.13840006e-01-9.79386162e-03j
3.60206382e-01-2.14395261e-02j
5.27563672e-01-1.86668513e-02j
-9.31619601e-03+4.72919692e-03j
-7.05475012e-01+1.58755126e-02j
-9.50890197e-01-4.60269290e-03j
-4.26872998e-01-2.37056568e-03j
2.88546279e-01-7.73011147e-03j
5.74113984e-01-6.93492946e-02j
1.40712382e-01+3.84611323e-03j
-5.76144567e-01+7.01406860e-04j
-9.25834566e-01-1.80588632e-02j
-5.95561718e-01+2.19475337e-02j
1.85431020e-01-1.80937644e-02j
5.54880010e-01-6.83128626e-03j
2.71008435e-01+2.88341530e-02j
-4.73220441e-01+1.53107414e-02j
-9.24274137e-01+2.13260452e-02j
-7.63630087e-01-2.72342759e-02j
-1.59326881e-03-9.12341629e-03j
5.13488952e-01+1.41968139e-02j
4.18122488e-01+3.72796485e-02j
-3.12862208e-01+1.65789416e-02j
-8.95984482e-01-1.51425927e-02j
-8.16239494e-01-2.77911991e-03j
-1.16214929e-01+2.72194301e-02j
4.81294887e-01-1.92872931e-02j
4.58893193e-01+1.05881069e-02j
-1.81557130e-01+1.08826234e-02j
-8.19754203e-01+2.09927288e-02j
-8.73426387e-01-6.86595224e-03j
-2.87274726e-01-7.29404881e-03j
4.12704014e-01-5.50485562e-03j
5.15763607e-01+4.02870254e-02j
-4.22678820e-02-2.67666264e-02j
-7.34061845e-01+9.41636575e-03j
-9.09036959e-01+1.23772373e-03j
-3.81477701e-01+8.47368103e-03j
3.17918326e-01-2.06043318e-04j
5.48522989e-01+2.37167174e-03j
1.04888496e-01+2.81255872e-02j
-6.04529449e-01+2.84584151e-02j
-9.78555247e-01-9.63963324e-03j
-5.81751638e-01-2.99199119e-02j
2.18119989e-01+2.80801238e-02j
5.74288031e-01+4.49766220e-03j
2.47996701e-01-1.46947799e-02j
-4.99122863e-01+4.16428825e-03j
-9.20568717e-01-4.21455105e-02j
-6.77055394e-01-6.11321820e-03j
1.88853755e-02+1.11822816e-02j
5.81406244e-01-1.31450837e-02j
3.60131183e-01-2.78924592e-02j
-3.31615645e-01-1.58344407e-02j
-9.05029327e-01-1.40638139e-02j
-7.82829377e-01+2.43028881e-02j
-8.46083341e-02-3.27291923e-03j
5.35748554e-01+1.57372574e-03j
4.63452764e-01+1.98069393e-02j
-2.23702275e-01-1.57931559e-02j
-8.58729283e-01+1.07772205e-03j
-8.81535907e-01-3.45324278e-03j
-2.21208604e-01+4.98858938e-03j
4.19976191e-01-1.58433355e-02j
5.21809698e-01+2.07036510e-02j
-9.10003974e-02-3.73011004e-03j
-7.72657781e-01-5.78740540e-03j
-9.36281009e-01+1.65924783e-02j
-4.04920412e-01-1.45450458e-02j
3.67354332e-01-1.73837286e-02j
5.09256818e-01+4.37664332e-02j
5.94159199e-02-2.96964648e-03j
-6.68963482e-01+1.18241665e-02j
-9.96849110e-01-4.03870937e-02j
-5.25527647e-01-2.69111195e-03j
2.64454333e-01+3.05454056e-03j
5.60846438e-01-3.82625891e-02j
1.96008052e-01+1.92708029e-02j
-5.26388347e-01+1.78142017e-02j
-9.14056066e-01-1.52350600e-02j
-6.62852444e-01+4.32967794e-02j
1.14202124e-01+6.00992354e-03j
5.88465412e-01+6.41744505e-05j
3.28844266e-01-3.36298661e-02j
-4.00487073e-01-2.16498637e-02j
-8.88113903e-01+2.36617470e-03j
-7.33417171e-01+1.08224462e-02j
-4.41446497e-02+3.34724393e-03j
5.18080637e-01-1.30830521e-02j
4.46791144e-01+1.43922999e-02j
-2.57732196e-01-1.19476379e-02j
-8.70720739e-01-2.18584744e-03j
-8.13430793e-01+3.48537046e-02j
-1.57869706e-01-2.64877872e-03j
4.55516363e-01-4.62627061e-03j
5.04100245e-01+3.03406804e-02j
-1.07589299e-01+1.80423717e-03j
-8.04862893e-01+2.31892959e-02j
-8.51968263e-01-2.84608222e-02j
-3.44962456e-01+5.04843084e-03j
4.07399872e-01+3.74341656e-02j
5.72096952e-01-2.77241640e-02j
4.49721536e-02-1.65260846e-02j
-7.13107027e-01-7.48579607e-03j
-9.11670823e-01-1.04049105e-02j
-4.42957994e-01+2.61677529e-02j
2.08841370e-01+6.48461962e-03j
5.80254012e-01-2.76650147e-03j
1.79667949e-01+2.74314825e-02j
-5.77183754e-01+1.89771431e-02j
-9.23901420e-01+6.49740044e-03j
-5.93896795e-01+6.07764139e-03j
1.55193406e-01-1.09268260e-02j
5.89229134e-01+2.80833338e-02j
2.77827727e-01-6.51156278e-03j
-4.44809015e-01+1.75262535e-02j
-8.89715166e-01+2.84291724e-02j
-7.19386822e-01-2.15298742e-02j
3.75918161e-03+1.64730813e-02j
5.19771362e-01-1.02053031e-02j
3.90029433e-01+5.17404238e-03j
-3.06902696e-01+1.12708954e-02j
-9.27325327e-01+1.41706738e-02j
-8.54599377e-01+2.38095852e-02j
-1.21625313e-01+8.30814878e-03j
4.83738915e-01+5.96597699e-03j
4.13732767e-01-1.67882762e-02j
-1.47792594e-01+1.68489600e-02j
-8.16220975e-01-4.11068911e-02j
-8.95198524e-01-4.58402549e-02j
-2.76905601e-01+2.51863332e-02j
4.02287041e-01-1.24610784e-02j
5.48023274e-01-8.05377783e-03j
-1.17127547e-02-2.43650584e-02j
-7.51608700e-01+2.73039013e-03j
-9.23221516e-01-1.70614879e-02j
-4.65920035e-01-3.01217030e-03j
3.06936365e-01-3.41654216e-03j
5.59736977e-01+2.31627180e-02j
1.11224527e-01+5.26106599e-03j
-6.26921056e-01+1.75039214e-02j
-9.66883577e-01-2.66148709e-03j
-5.59970957e-01+3.14103210e-02j
1.55384210e-01-2.22922217e-02j
5.69330245e-01-8.06335087e-03j
2.59777694e-01-3.75215609e-02j
-4.67487709e-01-1.88366821e-02j
-9.15127661e-01+2.64448022e-02j
-7.19619577e-01-1.78226925e-03j
7.76819171e-02+3.00774705e-02j
5.48181553e-01-1.35346612e-02j
3.71478358e-01-1.10036919e-02j
-3.29624475e-01+2.94662149e-02j
-8.91233810e-01-5.93639971e-03j
-8.06943639e-01-4.18020915e-03j
-9.10108745e-02-2.86087032e-02j
5.07201523e-01-2.50068468e-02j
4.42747155e-01+6.32688639e-03j
-1.49350141e-01-1.53140655e-02j
-8.67995333e-01-2.21058263e-02j
-8.41368180e-01+1.59828298e-02j
-2.58400394e-01+3.17159682e-03j
4.21659635e-01+1.95061690e-02j
5.46884252e-01-4.40956377e-02j
-4.55401705e-02-3.93916707e-02j
-7.76957924e-01+2.43593925e-02j
-9.27879605e-01+2.19703790e-03j
-3.78982892e-01+1.12739650e-02j
3.45353181e-01-2.93436469e-02j
5.68006631e-01+4.32955699e-02j
1.15507486e-01+1.45143305e-02j
-6.38058671e-01-2.12781886e-02j
-9.10736177e-01-1.40121821e-02j
-5.15443592e-01-1.09546322e-02j
2.03636410e-01+1.56697594e-02j
5.76788087e-01+5.06384161e-03j
2.04221406e-01-2.69480747e-02j
-5.40186446e-01-1.02025792e-02j
-9.59478749e-01-2.04185432e-02j
-6.70438746e-01-2.74824557e-02j
7.50300942e-02-1.70103488e-02j
5.84558349e-01-1.93953301e-02j
3.25609816e-01+7.16003528e-03j
-3.84750105e-01+1.34634664e-02j
-9.02571329e-01+5.31573456e-02j
-7.99291592e-01+1.81731562e-02j
-8.29131934e-02+2.46394939e-02j
5.10785914e-01+1.21227354e-02j
4.27620712e-01-4.55157288e-03j
-2.39182678e-01+8.59386477e-04j
-8.97469206e-01-1.41742073e-02j
-8.45466164e-01-9.31245356e-03j
-1.65405301e-01+4.28859637e-02j
4.39998147e-01+5.24735107e-03j
4.72411392e-01-9.56523828e-03j
-1.30885075e-01-3.15734556e-02j
-7.83930923e-01-2.49721122e-02j
-9.07336418e-01+2.01763984e-02j
-3.57943912e-01+2.11491254e-03j
3.84285467e-01+2.69018318e-02j
5.67201440e-01-3.08672183e-02j
5.38044817e-02+3.63939153e-02j
-6.54861084e-01-5.00287413e-02j
-9.22043914e-01-1.66259493e-02j
-5.08164077e-01-1.85435582e-03j
2.51905669e-01-1.41841738e-02j
5.92675323e-01-1.21963236e-02j
1.80307466e-01+2.64508260e-03j
-5.48772514e-01-4.52038065e-03j
-9.77594254e-01-1.39219511e-02j
-6.13786344e-01+1.10956899e-02j
1.17212584e-01+2.21577227e-02j
5.76990051e-01-1.44490257e-02j
3.17505256e-01+9.15014696e-03j
-4.56572167e-01+3.33954007e-02j
-8.99421512e-01-1.68892704e-02j
-7.55330204e-01-2.08069087e-02j
-4.14018429e-02-2.74046769e-02j
5.24710235e-01+1.84553283e-02j
4.26312602e-01-9.00109221e-03j
-2.60256286e-01+1.76064578e-03j
-8.69212994e-01-1.93631243e-03j
-8.12464181e-01+2.11866524e-03j
-1.35421184e-01-7.35001777e-03j
4.88811812e-01+2.81681057e-04j
4.65876823e-01-1.01691312e-02j
-1.44800683e-01-8.65109751e-03j
-7.78936713e-01+9.62247629e-03j
-8.78197691e-01+2.88816102e-03j
-3.28756679e-01-1.01115021e-02j
3.70918369e-01-1.65446584e-02j
5.53343346e-01-6.18522911e-04j
4.66209608e-03+1.21542234e-02j
-7.05040611e-01+2.95216707e-02j
-9.42078093e-01+2.87334894e-03j
-4.48089709e-01-6.64887235e-03j
2.94261519e-01-5.77067262e-03j
5.82774951e-01+3.49621666e-03j
1.66012234e-01+1.53143475e-02j
-6.24182142e-01+7.19592246e-03j
-9.83118955e-01+3.17871963e-03j
-6.38546423e-01+1.82152655e-02j
1.87327277e-01+2.74154817e-03j
5.77873347e-01-2.24203363e-02j
2.80859269e-01-4.77665407e-03j
-4.88051056e-01+2.21692872e-02j
-9.25542164e-01-1.46916661e-02j
-7.17571502e-01+6.59932166e-02j
-2.83795334e-02-6.25607367e-03j
5.60540213e-01+8.83636366e-03j
4.00868252e-01-5.20058036e-02j
-2.96453590e-01-9.81740825e-03j
-8.92733761e-01+8.79341037e-03j
-8.04193283e-01+5.83773112e-04j
-1.37371247e-01+5.59643054e-03j
4.96846406e-01-1.41358643e-02j
4.36089230e-01-1.81549701e-03j
-1.97759527e-01-1.57694498e-02j
-8.54752079e-01-7.64126009e-04j
-8.75038276e-01+6.69905349e-03j
-2.74915305e-01-1.39273123e-02j
4.37050165e-01-4.74003159e-02j
5.29231042e-01-1.60189707e-02j
-4.87919295e-02-1.68819659e-02j
-7.65176719e-01-2.37729062e-02j
-9.41219752e-01+8.11791185e-03j
-4.24983315e-01-3.87085944e-03j
3.30623392e-01-7.19942028e-03j
5.49814816e-01-1.36941413e-02j
1.33895849e-01-3.59462690e-02j
-6.31123606e-01+2.04032534e-02j
-9.52542999e-01-1.24742931e-02j
-5.55348904e-01-4.82472740e-03j
1.54547112e-01-2.46127749e-02j
5.99440391e-01+1.85772515e-02j
2.64314944e-01+1.37677019e-02j
-5.41155801e-01+3.01021375e-02j
-9.21522161e-01+2.99244006e-03j
-6.95261860e-01+5.99978346e-05j
5.37593409e-02+1.83366999e-02j
5.59032742e-01-1.50385265e-02j
3.60430721e-01-2.37182058e-03j
-3.80918346e-01+3.57431927e-02j
-8.94338094e-01-4.14035759e-02j
-8.07843833e-01-2.04948436e-02j
-1.01070243e-01+2.37974068e-02j
5.02611341e-01+1.68789142e-02j
4.40236144e-01+3.13973872e-02j
-2.15432189e-01+1.78692394e-02j
-8.55858165e-01+2.46859705e-02j
-8.37760062e-01-1.18189977e-02j
-2.11841825e-01-8.44363746e-03j
3.86895665e-01+4.74638420e-02j
4.96433713e-01-2.88402469e-02j
-5.06124351e-02-2.25699583e-03j
-7.48223540e-01+1.60444038e-02j
-9.51256401e-01+6.60705751e-04j
-3.88537975e-01-9.89676970e-03j
2.73777915e-01-5.77214006e-03j
5.23826700e-01-3.90815961e-02j
5.31165939e-02+4.54746358e-03j
-6.50080950e-01-1.73307525e-02j
-9.54419697e-01-2.17073737e-02j
-4.50314293e-01-3.60216042e-02j
2.12525547e-01-2.24496439e-02j
5.26654913e-01-4.86749291e-03j
1.88157348e-01+3.23291823e-02j
-5.01296581e-01-1.92377827e-02j
-9.31647316e-01+5.28851239e-02j
-6.12275803e-01+1.27548575e-02j
1.26163182e-01+6.72689110e-03j
5.39571163e-01-1.26661746e-02j
3.45287776e-01+2.43517990e-02j
-3.97534590e-01+1.05066185e-02j
-9.12296236e-01-4.72954678e-04j
-7.67429002e-01+1.80463723e-02j
-8.07469327e-02-1.41080828e-02j
5.22796685e-01-1.15226088e-02j
4.36905992e-01+2.43340971e-03j
-2.45665779e-01+3.08846374e-02j
-8.44738071e-01+2.88806377e-02j
-8.34828958e-01+1.55756306e-02j
-1.76877067e-01-2.28392921e-02j
4.47237170e-01+6.21272647e-02j
5.35375410e-01+1.68964829e-02j
-1.07943037e-01+1.59098753e-02j
-7.83205282e-01-4.47458868e-02j
-9.14048466e-01-4.89592826e-02j
-3.06554166e-01+1.68816343e-02j
3.54376639e-01-3.31745696e-02j
5.50576112e-01-1.36349063e-02j
4.28057610e-02+1.09649799e-02j
-7.37387007e-01-2.30028995e-03j
-9.25961429e-01-7.58618207e-03j
-4.67679035e-01+2.27882485e-02j
2.35243418e-01+1.17977359e-02j
5.91025037e-01-4.21163442e-03j
1.92475052e-01-1.90719696e-02j
-6.03152209e-01+1.16895074e-02j
-9.57303965e-01+1.11622814e-02j
-6.00665993e-01+2.64596255e-03j
1.77915275e-01+5.26520879e-03j
5.54511151e-01+8.84161251e-03j
2.84449919e-01-4.65863192e-02j
-4.14053807e-01-1.32124195e-02j
-9.01164579e-01-1.99517290e-03j
-7.27957462e-01-1.78220401e-02j
8.14168852e-03+3.84381631e-02j
5.23231200e-01-3.96484146e-03j
4.30054329e-01-4.40882981e-02j
-2.98238805e-01-4.60302124e-02j
-8.91666819e-01+1.88613214e-02j
-8.15388324e-01-1.94559868e-02j
-1.86274031e-01+2.25832118e-02j
4.94823282e-01-1.34747499e-02j
4.69905235e-01+2.83175889e-02j
-1.76098326e-01+1.82815598e-02j
-7.88644079e-01-4.20044311e-03j
-8.94603594e-01+1.95208186e-02j
-2.72709215e-01-1.21511731e-03j
4.16707400e-01-3.39314946e-02j
5.31246496e-01-2.74024656e-02j
-8.36290140e-03-1.56844280e-02j
-7.41427008e-01-2.83167340e-02j
-9.03589131e-01-5.53708764e-03j
-4.36143321e-01+5.04596168e-02j
2.68468332e-01-1.80832409e-02j
6.01933984e-01-1.75030374e-02j
1.25660054e-01+3.35357874e-02j
-6.37434875e-01+1.07222250e-02j
-9.46051685e-01-1.63084867e-02j
-5.56315789e-01-2.09219693e-02j
1.84654350e-01+1.33083336e-02j
5.56171686e-01-4.00935113e-02j
2.40951310e-01-2.35307829e-02j
-4.57331610e-01+2.46097485e-03j
-9.72860256e-01+8.30769826e-03j
-6.90698381e-01+8.99438188e-03j
7.37501683e-02-1.57809708e-03j
5.61202519e-01-1.12639167e-02j
4.06315412e-01+4.18685465e-02j
-3.75668289e-01-1.62403660e-02j
-9.66497548e-01-2.97338376e-02j
-7.95357375e-01-2.40300746e-02j
-1.19380746e-01+1.82305732e-03j
4.91098695e-01-1.29506682e-02j
4.20115698e-01+5.37897191e-03j
-1.74650689e-01+4.58702178e-03j
-8.42172041e-01-5.30767182e-04j
-8.63623132e-01+2.12361661e-02j
-2.46635562e-01-1.67407784e-02j
4.09277110e-01+3.47481433e-02j
5.57447006e-01-4.37298716e-02j
-6.59662105e-02-1.98149208e-02j
-7.32092324e-01-7.47220213e-03j
-9.27793269e-01-3.19999499e-02j
-4.12756958e-01+2.03224002e-02j
3.17716454e-01-2.35939975e-02j
5.24881684e-01-3.70955114e-03j
7.04436273e-02-2.14366898e-02j
-6.54085304e-01+3.18321728e-02j
-9.29402111e-01+1.45122709e-02j
-5.35544519e-01-1.14415000e-02j
2.03836980e-01-1.32809453e-02j
5.46100763e-01+1.17516081e-03j
2.08447207e-01-1.03852902e-02j
-5.37836505e-01-2.43699114e-02j
-9.76585449e-01+6.68145218e-03j
-6.85556516e-01+1.29605067e-02j
9.30562928e-02+9.25934668e-03j
5.69506575e-01-2.40660175e-03j
3.24639052e-01-4.58941035e-04j
-3.87251306e-01-2.13180927e-02j
-8.97651436e-01-1.66065653e-02j
-7.63192230e-01-2.16102297e-03j
